18 0.16656061908856407 0.48400768245838666 0.09190885640584695 0.09012804097311139
10 0.22117798796216684 0.5511139564660692 0.1624591573516767 0.5956594110115236
11 0.38084264832330184 0.5514084507042253 0.1636457437661221 0.5834443021766965
7 0.039140154772141014 0.7305121638924456 0.06922613929492692 0.2310371318822023
3 0.11183147033533965 0.676504481434059 0.10352536543422185 0.31231754161331626
16 0.25929492691315564 0.8268245838668374 0.281676698194325 0.11983354673495519
5 0.47533104041272567 0.5110371318822023 0.15055889939810835 0.25126760563380285
14 0.5723645743766121 0.3828809218950064 0.11675838349097162 0.3040204865556978
15 0.9203181427343078 0.34463508322663255 0.1204987102321582 0.2467349551856594
0 0.7923215821152193 0.4656081946222791 0.38041272570937235 0.4758770806658131
13 0.7412639724849527 0.6749423815620998 0.5174806534823732 0.3305633802816902