9 0.34085 0.6412249208025343 0.05115714285714286 0.07304118268215418
8 0.5819357142857143 0.650337909186906 0.14047142857142858 0.08598732840549103
7 0.48319285714285715 0.7346568109820486 0.35905714285714285 0.15957761351636748
3 0.6659071428571428 0.6343294614572335 0.06480714285714285 0.24171066525871174
1 0.4981714285714286 0.585026399155227 0.30150714285714286 0.11110876451953537
19 0.41764285714285715 0.5332101372756072 0.04045 0.044456177402323126
18 0.71205 0.5342872228088702 0.05070714285714285 0.061488912354804644
10 0.7121357142857143 0.5872650475184794 0.06515 0.30567053854276666
11 0.7517857142857143 0.5783738120380149 0.06447857142857143 0.2664941921858501
16 0.7276 0.7195564941921858 0.09429285714285714 0.07705385427666314
13 0.7930642857142857 0.6557444561774023 0.02343571428571429 0.07039070749736008
5 0.7872142857142856 0.5817001055966209 0.036750000000000005 0.09088701161562829