15 0.26918956043956044 0.4764742268041237 0.14719780219780218 0.15004123711340206
0 0.18494505494505492 0.5417525773195876 0.15035714285714286 0.31268041237113403
13 0.22828296703296702 0.7444123711340207 0.25344780219780216 0.14983505154639176
12 0.5212225274725275 0.573381443298969 0.20112637362637362 0.4580618556701031
2 0.6696291208791209 0.5729278350515464 0.21054945054945054 0.4476701030927835
17 0.6339423076923076 0.7670515463917525 0.27442307692307694 0.11583505154639175
19 0.7374313186813187 0.5130309278350516 0.035494505494505495 0.07410309278350515
4 0.8138186813186814 0.6104742268041237 0.11006868131868132 0.21187628865979383
1 0.8387087912087913 0.530659793814433 0.10913461538461539 0.058577319587628865
7 0.906868131868132 0.7339175257731958 0.040453296703296705 0.07494845360824742
6 0.3596016483516484 0.5407010309278351 0.1843131868131868 0.32608247422680414