8 0.46845 0.6093111111111111 0.1359375 0.10313333333333333
9 0.2695875 0.6002 0.0309125 0.09162222222222222
1 0.4278 0.5329111111111111 0.32348750000000004 0.11317777777777778
7 0.3881125 0.6996888888888889 0.31545 0.188
18 0.6325125 0.4744888888888889 0.06797500000000001 0.04764444444444445
16 0.6695875 0.703911111111111 0.1389 0.16966666666666666
10 0.644875 0.5519777777777778 0.10175000000000001 0.39222222222222225
11 0.7001625 0.5399777777777778 0.0866 0.37264444444444444
3 0.572975 0.6073777777777778 0.1063 0.2754888888888889
5 0.7455750000000001 0.5190222222222223 0.051550000000000006 0.2024
19 0.370625 0.4604888888888889 0.0317375 0.04195555555555555