8 0.26868817204301076 0.4821774193548387 0.19283870967741937 0.12483870967741936
9 0.06896774193548387 0.49654838709677424 0.06436559139784946 0.10196774193548387
1 0.24356989247311828 0.4273548387096774 0.3877634408602151 0.10553225806451615
14 0.9363548387096774 0.3646290322580645 0.06580645161290323 0.09619354838709678
10 0.5891290322580645 0.4331451612903226 0.19716129032258067 0.5042096774193549
11 0.7716344086021505 0.4166290322580645 0.19911827956989248 0.4707903225806451
16 0.6466021505376345 0.6647096774193548 0.36746236559139783 0.12300000000000001
18 0.540247311827957 0.3964354838709677 0.09940860215053764 0.11464516129032258
7 0.20777419354838708 0.616516129032258 0.3892043010752688 0.29035483870967743
3 0.43633333333333335 0.5577580645161291 0.1815483870967742 0.3896935483870968
13 0.9419247311827957 0.5175645161290322 0.08219354838709678 0.25070967741935485
5 0.8703010752688172 0.48485483870967744 0.12358064516129033 0.39775806451612905