9 0.6427096774193549 0.592516129032258 0.1432688172043011 0.09108064516129032
8 0.7999032258064516 0.4957741935483871 0.036139784946236556 0.09114516129032257
1 0.6603118279569893 0.4770645161290322 0.285989247311828 0.23112903225806453
7 0.6944731182795699 0.6648387096774193 0.27045161290322584 0.1720483870967742
4 0.5211505376344087 0.5518870967741936 0.108752688172043 0.19983870967741937
2 0.4054623655913978 0.45314516129032256 0.1289784946236559 0.37859677419354837
12 0.29298924731182796 0.4051451612903226 0.09973118279569892 0.3163548387096774
17 0.3736451612903226 0.583258064516129 0.21802150537634407 0.1740483870967742
15 0.19870967741935486 0.3302258064516129 0.03804301075268818 0.07938709677419355
6 0.22563440860215053 0.3782741935483871 0.06078494623655914 0.16322580645161291
19 0.4253548387096774 0.44351612903225807 0.0676774193548387 0.09308064516129032
18 0.6448172043010753 0.3168064516129032 0.05498924731182796 0.06225806451612904