9 0.3293956043956044 0.6134390243902439 0.13427197802197802 0.07597560975609756
8 0.5131181318681319 0.5999512195121951 0.06446428571428571 0.07339024390243902
1 0.39469780219780215 0.5457560975609755 0.27633241758241756 0.11536585365853658
4 0.2782967032967033 0.6047317073170732 0.12824175824175824 0.2463170731707317
7 0.404793956043956 0.694609756097561 0.31026098901098903 0.16107317073170732
2 0.18046703296703295 0.540609756097561 0.06994505494505494 0.36934146341463414
17 0.1719368131868132 0.7008048780487804 0.10782967032967034 0.10436585365853658
15 0.11068681318681318 0.482219512195122 0.024258241758241757 0.06148780487804878
6 0.12098901098901099 0.5792439024390245 0.04212912087912088 0.1916341463414634
19 0.20060439560439558 0.48175609756097565 0.07130494505494506 0.0808780487804878
18 0.4808104395604395 0.47770731707317077 0.043667582417582416 0.07353658536585365
0 0.783489010989011 0.5190243902439025 0.22516483516483515 0.22048780487804878
13 0.7825 0.6383658536585366 0.28750000000000003 0.2218780487804878
5 0.622032967032967 0.5986341463414634 0.1151510989010989 0.19348780487804879
16 0.5712912087912088 0.7033414634146341 0.06644230769230769 0.08163414634146342
10 0.5249862637362638 0.48495121951219516 0.11328296703296703 0.2295609756097561
14 0.701510989010989 0.5147073170731707 0.11792582417582417 0.06082926829268293
15 0.8650961538461538 0.5030243902439024 0.0520467032967033 0.06373170731707317