1 0.2683875 0.41450000000000004 0.4734125 0.155275
8 0.27497499999999997 0.5192 0.203575 0.11470000000000001
7 0.20911249999999998 0.6654000000000001 0.38303750000000003 0.290425
3 0.4296125 0.5492 0.2342875 0.42802500000000004
10 0.6313624999999999 0.449 0.200875 0.634325
11 0.7861374999999999 0.42957500000000004 0.16542500000000002 0.6021
16 0.6739875000000001 0.706125 0.3288875 0.185225
18 0.5928249999999999 0.332175 0.10286250000000001 0.10067500000000001
5 0.888275 0.4056 0.113775 0.336
13 0.936925 0.576975 0.05465 0.15025
14 0.9408249999999999 0.391725 0.026462500000000003 0.0764