9 0.7054395604395604 0.5416255144032922 0.1354532967032967 0.06771604938271604
1 0.7117307692307692 0.5111522633744856 0.2831181318681319 0.044526748971193415
4 0.5963186813186814 0.6000205761316872 0.16218406593406592 0.2531069958847737
2 0.43486263736263736 0.5704732510288066 0.16664835164835165 0.3402263374485597
12 0.28865384615384615 0.5743004115226338 0.12605769230769232 0.33882716049382716
15 0.15081043956043957 0.5791563786008231 0.05413461538461538 0.17022633744855967
13 0.1414423076923077 0.7451028806584362 0.05829670329670329 0.15919753086419755
6 0.18287087912087913 0.6158641975308642 0.08160714285714285 0.13732510288065844
17 0.39964285714285713 0.743559670781893 0.27872252747252746 0.12179012345679012
19 0.4700412087912088 0.49940329218107 0.08589285714285715 0.05872427983539095
7 0.7638598901098902 0.634917695473251 0.25822802197802197 0.1469135802469136