9 0.67905 0.49551111111111107 0.17018333333333333 0.09588888888888888
1 0.7101166666666666 0.44715555555555553 0.40731666666666666 0.12695555555555557
7 0.7504666666666666 0.6030444444444445 0.3796666666666667 0.13315555555555555
4 0.5038666666666667 0.5308 0.11145000000000001 0.27244444444444443
2 0.3733666666666667 0.44926666666666665 0.17545 0.37006666666666665
12 0.2290333333333333 0.4451111111111111 0.1118 0.32284444444444443
13 0.11103333333333334 0.5637777777777777 0.06746666666666666 0.11577777777777779
6 0.15905000000000002 0.5092444444444444 0.09266666666666667 0.24
15 0.11416666666666667 0.43922222222222224 0.06121666666666666 0.0722
17 0.33746666666666664 0.6291777777777777 0.30785 0.09097777777777777
19 0.4045166666666667 0.40311111111111114 0.11693333333333333 0.08888888888888889