8 0.48325520833333335 0.4541759259259259 0.18125 0.12097222222222223
9 0.11479687499999999 0.4640370370370371 0.054052083333333334 0.10674074074074075
1 0.3661822916666667 0.3844814814814815 0.494328125 0.12046296296296295
7 0.32056250000000003 0.6390833333333333 0.5176614583333333 0.3765833333333333
18 0.6930677083333333 0.3032037037037037 0.10295312499999999 0.09373148148148149
10 0.7141458333333334 0.42226851851851854 0.16420833333333332 0.6867777777777778
11 0.8134479166666666 0.43186111111111114 0.16316145833333331 0.7059814814814815
3 0.608375 0.47508333333333336 0.13496354166666666 0.34797222222222224
5 0.8880572916666666 0.4235648148148148 0.09883854166666667 0.3714722222222222
19 0.21973958333333332 0.2984074074074074 0.055510416666666666 0.05943518518518518
16 0.7627447916666666 0.7403333333333333 0.21081770833333333 0.1439074074074074