9 0.2822535714285714 0.4795982905982906 0.028642857142857144 0.11431623931623931
8 0.45073571428571424 0.5156324786324786 0.12418214285714285 0.1385213675213675
1 0.4166142857142857 0.4197008547008547 0.27165357142857144 0.1688888888888889
7 0.38326785714285716 0.6679914529914529 0.25781785714285715 0.2561794871794872
3 0.5383642857142857 0.4959059829059829 0.11341785714285714 0.32826495726495725
10 0.6392142857142857 0.41536752136752136 0.09172142857142856 0.456017094017094
11 0.7193142857142857 0.3886581196581197 0.07008928571428572 0.4025982905982906
14 0.7706857142857143 0.263974358974359 0.044074999999999996 0.14803418803418802
13 0.7877928571428572 0.508948717948718 0.026739285714285715 0.14877777777777776
5 0.7741571428571428 0.3947777777777778 0.04102142857142857 0.12246153846153847
16 0.6580857142857143 0.6307264957264958 0.15887500000000002 0.19094871794871796
18 0.6166178571428571 0.3564188034188034 0.05867142857142857 0.07494871794871795