1 0.436611328125 0.2932673611111111 0.39261914062500003 0.1069826388888889
8 0.48675390625 0.3547048611111111 0.175146484375 0.10138194444444446
9 0.23532812500000003 0.39067708333333334 0.03346484375 0.10041319444444444
7 0.39068749999999997 0.5323472222222223 0.404203125 0.2830590277777778
3 0.62409375 0.3884513888888889 0.140548828125 0.2869375
10 0.736189453125 0.3827534722222222 0.1420859375 0.5359548611111111
11 0.806453125 0.3828506944444444 0.112689453125 0.5326770833333333
16 0.77193359375 0.5741111111111111 0.167287109375 0.15015277777777777
5 0.8633671875 0.39134375 0.06137109375000001 0.2811527777777778
14 0.87459765625 0.32702430555555556 0.030228515625 0.042555555555555555
18 0.707369140625 0.2707986111111111 0.09198828125 0.09329166666666668