9 0.07359375 0.6674907407407408 0.03233333333333333 0.1075462962962963
8 0.31472916666666667 0.6671666666666667 0.1916875 0.1207962962962963
10 0.6374218749999999 0.5799074074074073 0.20686458333333332 0.4971944444444445
11 0.7997708333333333 0.5589444444444445 0.1533385416666667 0.46602777777777776
16 0.691109375 0.8216203703703704 0.34809375000000004 0.13764814814814816
14 0.940875 0.5266481481481481 0.04033333333333333 0.09901851851851852
13 0.9546041666666666 0.6980555555555555 0.067625 0.24799074074074073
5 0.8964270833333334 0.6373888888888889 0.08424999999999999 0.3832037037037037
1 0.2709947916666666 0.5894351851851852 0.414109375 0.1458888888888889
7 0.21451041666666668 0.8159722222222222 0.3915625 0.29456481481481483
3 0.46393229166666666 0.6769722222222222 0.18959374999999998 0.33199074074074075
18 0.6222708333333333 0.4990925925925926 0.088015625 0.09946296296296296