18 0.580453125 0.5266805555555555 0.079046875 0.11933333333333333
1 0.2725625 0.5748888888888889 0.351046875 0.15918055555555555
7 0.224546875 0.8052222222222222 0.3050234375 0.24862499999999998
8 0.26403906250000003 0.6667777777777778 0.194796875 0.12175
3 0.4087109375 0.6892083333333333 0.21103906249999999 0.3722777777777778
10 0.6148281250000001 0.5940694444444444 0.21130468750000003 0.5150694444444445
11 0.8050312500000001 0.5791666666666667 0.168390625 0.48527777777777775
14 0.9672734374999999 0.5313611111111111 0.06546093750000001 0.08979166666666667
13 0.9657109374999999 0.6750972222222222 0.0685859375 0.21615277777777778
5 0.9005000000000001 0.6317777777777778 0.1350390625 0.34825
16 0.6622109375 0.8239166666666667 0.3530703125 0.1456111111111111