18 0.7313833333333333 0.5534875 0.06335833333333334 0.05065
10 0.7476916666666666 0.6065 0.10968333333333334 0.3435375
11 0.79785 0.601675 0.09951666666666667 0.32055
5 0.8622083333333334 0.5771625 0.05583333333333333 0.1664125
13 0.8809666666666668 0.6596500000000001 0.049966666666666666 0.16454999999999997
3 0.6653416666666666 0.6377375 0.08540833333333332 0.2024625
8 0.585 0.6332 0.11260833333333332 0.0766
9 0.38956666666666667 0.633475 0.03598333333333333 0.0671375
7 0.4988666666666667 0.7204625 0.297975 0.2016125
1 0.5310333333333334 0.5923625 0.29890833333333333 0.0766875
16 0.7754083333333334 0.7598999999999999 0.13445833333333332 0.11977499999999999
14 0.8742583333333332 0.54945 0.024625 0.040925