18 0.726 0.4261875 0.0745390625 0.07521874999999999
1 0.46707031250000003 0.4428229166666667 0.34685156250000004 0.060875
9 0.28630468750000004 0.4844791666666667 0.03665625 0.06679166666666667
8 0.5051640625 0.4859583333333333 0.1752734375 0.09356249999999999
7 0.42175 0.63328125 0.36209375 0.23083333333333333
3 0.6375234375 0.5341666666666666 0.136109375 0.2542916666666667
10 0.7485234375 0.4880625 0.0902421875 0.3486458333333333
11 0.8189921874999999 0.48278125000000005 0.081 0.33808333333333335
14 0.8844921875 0.44444791666666666 0.0254453125 0.05221875
5 0.875765625 0.5012291666666667 0.0347734375 0.13602083333333334
16 0.7718671875 0.6512083333333333 0.17965625000000002 0.11454166666666667