9 0.5058916666666667 0.4547515527950311 0.2265916666666667 0.1669254658385093
8 0.8607666666666667 0.4257763975155279 0.05198333333333333 0.10895962732919255
1 0.6055416666666666 0.33821428571428575 0.5458916666666667 0.12950310559006212
19 0.2596583333333333 0.2828416149068323 0.09079999999999999 0.09948757763975154
7 0.6296166666666666 0.6371894409937888 0.5673833333333334 0.3982453416149069
18 0.7190916666666667 0.25324534161490686 0.04466666666666667 0.06204968944099379
17 0.22243333333333334 0.7004192546583851 0.14302499999999999 0.1862111801242236
2 0.25405833333333333 0.41470496894409936 0.14793333333333333 0.7327950310559006
12 0.19798333333333334 0.39711180124223605 0.10589166666666666 0.6851863354037266
6 0.14663333333333334 0.39669254658385095 0.08025 0.37687888198757763
4 0.32290833333333335 0.44413043478260866 0.15396666666666667 0.3786024844720497