1 0.7318833333333333 0.4544444444444445 0.40136666666666665 0.14663492063492062
9 0.6989166666666667 0.537968253968254 0.1843 0.15174603174603174
7 0.783 0.7221587301587301 0.37915000000000004 0.3645714285714286
4 0.5371833333333333 0.5853968253968254 0.17585 0.41803174603174603
19 0.43648333333333333 0.4202539682539682 0.09276666666666666 0.11631746031746032
2 0.3737 0.4786031746031746 0.22721666666666668 0.7473015873015874
12 0.21246666666666666 0.4727619047619047 0.21191666666666667 0.742031746031746
17 0.3098666666666666 0.7615555555555555 0.34453333333333336 0.21803174603174605
6 0.08546666666666666 0.32650793650793647 0.13425 0.45898412698412705
13 0.03658333333333333 0.6635238095238095 0.061316666666666665 0.1489206349206349
15 0.04223333333333333 0.35365079365079366 0.0374 0.09428571428571428