7 0.3026979166666666 0.738962962962963 0.25799479166666667 0.22137037037037038
8 0.3423541666666667 0.6219629629629629 0.15501041666666668 0.09928703703703703
1 0.35111458333333334 0.4908055555555556 0.307953125 0.2466574074074074
10 0.6322187499999999 0.47645370370370377 0.16402604166666668 0.4772222222222222
11 0.7709479166666667 0.4269722222222222 0.11974479166666667 0.39952777777777776
16 0.670140625 0.6696203703703704 0.27759375000000003 0.1950925925925926
14 0.8809635416666667 0.34225 0.034312499999999996 0.06991666666666667
13 0.8805260416666666 0.48471296296296296 0.05254166666666667 0.17294444444444446
5 0.8304583333333333 0.47645370370370377 0.10691145833333333 0.2573611111111111
3 0.471375 0.5967962962962963 0.17722395833333332 0.3438333333333333
18 0.5866770833333333 0.4376111111111111 0.06727604166666666 0.07546296296296297