18 0.6309203296703296 0.364967032967033 0.08258241758241758 0.08479120879120879
19 0.37637362637362637 0.312967032967033 0.03593406593406594 0.07235164835164835
1 0.37799450549450553 0.41314285714285715 0.3345054945054945 0.14815384615384614
8 0.41701923076923075 0.4961098901098901 0.16071428571428573 0.10531868131868133
7 0.33917582417582415 0.6627692307692308 0.3209752747252747 0.2778241758241758
3 0.5324038461538462 0.5202197802197802 0.14223901098901098 0.2974945054945055
10 0.6644230769230769 0.4173626373626374 0.12181318681318683 0.4387252747252747
11 0.7743131868131868 0.38962637362637365 0.09796703296703296 0.36716483516483517
16 0.6875686813186813 0.6033846153846154 0.20396978021978024 0.12942857142857142
14 0.8436263736263736 0.3337582417582418 0.0328021978021978 0.06116483516483516
13 0.8582142857142857 0.4580879120879121 0.02861263736263736 0.08061538461538462
5 0.8272939560439561 0.3765494505494506 0.05296703296703297 0.11534065934065933