19 0.28904705882352943 0.4428056426332288 0.08630588235294118 0.07360501567398119
1 0.6667294117647059 0.5200156739811912 0.5384117647058824 0.17230407523510974
7 0.7231764705882353 0.7456896551724138 0.4421529411764706 0.2335423197492163
4 0.4854352941176471 0.5977272727272728 0.2568588235294118 0.30269592476489027
2 0.2812 0.5328683385579938 0.15428235294117645 0.4313793103448276
6 0.1697294117647059 0.5060501567398119 0.13003529411764705 0.37426332288401254
15 0.05997647058823529 0.46123824451410655 0.03341176470588235 0.0652037617554859
13 0.06794117647058824 0.5727272727272726 0.038870588235294115 0.15231974921630095
6 0.10014117647058825 0.5323510971786833 0.058811764705882355 0.20358934169278994
17 0.25725882352941176 0.6966457680250784 0.2711058823529412 0.17028213166144202
9 0.6448588235294117 0.6209247648902821 0.25414117647058826 0.11288401253918495