8 0.43894444444444447 0.5383611111111111 0.19641666666666666 0.09798611111111111
9 0.1442962962962963 0.5387083333333333 0.05996296296296297 0.08631944444444445
1 0.3703425925925926 0.4594861111111111 0.44884259259259257 0.13776388888888888
18 0.6820555555555555 0.40359722222222216 0.082 0.08770833333333333
16 0.7433796296296297 0.7109305555555555 0.24186111111111108 0.1313888888888889
7 0.33010185185185187 0.6560555555555556 0.4634814814814815 0.243875
10 0.7046851851851851 0.5009722222222222 0.16081481481481483 0.5293749999999999
11 0.8012407407407408 0.4988194444444444 0.129 0.5281666666666667
3 0.5824351851851851 0.5680972222222221 0.14405555555555558 0.34573611111111113
5 0.8911481481481482 0.5181250000000001 0.06808333333333333 0.3167638888888889
13 0.9258981481481482 0.6309444444444444 0.04349074074074074 0.08562499999999999