7 0.40182421875 0.5986829727187206 0.2243671875 0.2221260583254939
9 0.34112890625 0.4815051740357479 0.092859375 0.10257761053621825
8 0.48246874999999995 0.48608654750705554 0.02732421875 0.0714299153339605
2 0.23312499999999997 0.44610536218250235 0.06546093750000001 0.3543085606773283
12 0.18789453125 0.4324365004703669 0.04531640625 0.3108372530573848
15 0.1498203125 0.3962652869238006 0.0260859375 0.058428974600188144
13 0.14185546875 0.5677046095954845 0.01886328125 0.1013170272812794
6 0.15687109375 0.45010348071495765 0.046867187500000004 0.13225776105362183
17 0.20935156250000003 0.6032549388523047 0.0970390625 0.11625587958607714
19 0.23598828125 0.3861241768579492 0.0455234375 0.08114769520225777
1 0.38159765625 0.43253057384760113 0.21396874999999999 0.09333019755409219
4 0.28175 0.5024176857949201 0.0794765625 0.23689557855127