1 0.18163333333333334 0.4838875 0.19396666666666665 0.0816125
8 0.10787499999999998 0.5491125 0.10120833333333333 0.09065
7 0.09855833333333333 0.6393875 0.10313333333333334 0.164525
3 0.22891666666666666 0.5411625 0.22315 0.217875
10 0.43883333333333335 0.5061125 0.2576583333333333 0.34893749999999996
11 0.6602166666666667 0.5051375 0.21553333333333333 0.34373750000000003
16 0.5009666666666667 0.6718875 0.42550000000000004 0.0754625
14 0.8803583333333334 0.463675 0.08665833333333332 0.10905
13 0.9033583333333333 0.59925 0.09478333333333333 0.172075
5 0.780625 0.5354625 0.18005833333333332 0.22594999999999998
18 0.368975 0.45005 0.06389166666666667 0.07465