9 0.6129166666666667 0.37756666666666666 0.161275 0.06905555555555555
1 0.6657000000000001 0.3175111111111111 0.35415833333333335 0.08193333333333333
7 0.7100833333333334 0.47455555555555556 0.4114416666666667 0.2588
4 0.497625 0.41467777777777776 0.13784166666666667 0.2036111111111111
8 0.8301166666666666 0.3490777777777778 0.04240833333333333 0.0724111111111111
17 0.3494666666666667 0.5164444444444445 0.16533333333333333 0.12142222222222222
2 0.37638333333333335 0.3643222222222222 0.14535833333333334 0.3917888888888889
12 0.29051666666666665 0.3637111111111111 0.13589166666666666 0.38737777777777777
6 0.24236666666666665 0.3627444444444445 0.10309166666666666 0.20873333333333335
13 0.208775 0.43575555555555556 0.03818333333333333 0.15863333333333335
15 0.21035833333333334 0.3509333333333333 0.028491666666666665 0.03766666666666667
19 0.40190833333333337 0.32994444444444443 0.075025 0.06272222222222222