8 0.43483984375 0.5355763888888889 0.11950390625 0.08186805555555556
9 0.2631796875 0.5278125 0.025199218750000002 0.05284722222222222
1 0.403796875 0.47923611111111114 0.2771484375 0.11572222222222221
7 0.3716875 0.6141319444444444 0.280515625 0.17150694444444445
3 0.53341796875 0.5550069444444444 0.09586718749999999 0.25377083333333333
16 0.641875 0.6431597222222222 0.15658984375 0.12544444444444444
10 0.6155546875 0.4931527777777778 0.10527734375 0.3877638888888889
11 0.67833984375 0.47360416666666666 0.10504296875000001 0.3531736111111111
18 0.5981953125 0.4230625 0.0595859375 0.05157638888888889
5 0.72967578125 0.45658333333333334 0.06889843749999999 0.16102777777777777
13 0.76669921875 0.5391597222222222 0.0225 0.1278125
19 0.35833203125 0.4144027777777778 0.027695312500000003 0.04370138888888889