1 0.5286333333333334 0.5842375 0.290875 0.080625
8 0.5794583333333333 0.6298875 0.1184 0.0781875
9 0.38963333333333333 0.6371875 0.03528333333333333 0.055275
7 0.4947416666666667 0.7525375 0.2955083333333333 0.13285
10 0.7456833333333334 0.61105 0.09738333333333334 0.368625
11 0.8007833333333334 0.61035 0.09090833333333334 0.36723750000000005
16 0.7743833333333333 0.746375 0.14522500000000002 0.09241250000000001
18 0.7299416666666666 0.5546375 0.0659 0.06205
14 0.8725416666666667 0.5523 0.03444166666666666 0.041737500000000004
13 0.8895000000000001 0.7065375 0.0246 0.0721
3 0.6740916666666666 0.6607 0.09795000000000001 0.2332125