9 0.8030535714285714 0.5297999999999999 0.2129107142857143 0.1618666666666667
4 0.6179821428571428 0.47646666666666665 0.2583392857142857 0.40063333333333334
2 0.3849464285714286 0.3705333333333333 0.20785714285714288 0.6069666666666667
12 0.19808928571428572 0.3222333333333333 0.16533928571428572 0.5164333333333334
19 0.06807142857142856 0.17 0.07410714285714286 0.18773333333333334
13 0.052642857142857144 0.43090000000000006 0.04001785714285714 0.255
6 0.08451785714285714 0.32443333333333335 0.06505357142857143 0.23673333333333332
17 0.3323392857142857 0.6492666666666667 0.37210714285714286 0.29173333333333334
19 0.415125 0.31293333333333334 0.109125 0.12206666666666666
1 0.7608392857142857 0.3832666666666667 0.39473214285714286 0.25670000000000004
7 0.8561785714285713 0.7500666666666667 0.26603571428571426 0.3159