8 0.3078 0.4575 0.22065333333333334 0.1185
7 0.23784666666666665 0.60061 0.38859333333333335 0.25129
3 0.48064666666666667 0.50212 0.21232 0.39225
1 0.2970133333333333 0.37525 0.43374666666666667 0.13401
10 0.6653866666666667 0.40826999999999997 0.18916666666666668 0.46404
11 0.8118733333333333 0.39572 0.14986666666666668 0.44107
16 0.70394 0.6332899999999999 0.3035933333333333 0.12408
14 0.92806 0.37626 0.037180000000000005 0.09201999999999999
13 0.9326666666666666 0.53861 0.049613333333333336 0.16727
5 0.8867266666666667 0.48202 0.09318000000000001 0.30845
18 0.6205333333333333 0.32592000000000004 0.09945999999999999 0.08733