9 0.5987204301075268 0.4518548387096774 0.20555913978494622 0.1183225806451613
8 0.875021505376344 0.4215806451612903 0.04847311827956989 0.1007741935483871
1 0.6566451612903226 0.37866129032258067 0.4265483870967742 0.1117258064516129
7 0.7148817204301076 0.6216612903225807 0.48393548387096774 0.30282258064516127
4 0.44989247311827957 0.5114032258064516 0.14683870967741935 0.3360483870967742
2 0.3090430107526882 0.4308387096774194 0.1351505376344086 0.4956451612903226
12 0.19943010752688173 0.42808064516129035 0.1262043010752688 0.4686290322580645
15 0.0969247311827957 0.3751774193548387 0.03349462365591398 0.07964516129032259
13 0.08986021505376343 0.5429677419354838 0.04326881720430108 0.16074193548387097
6 0.12152688172043011 0.4486612903225807 0.05164516129032258 0.21587096774193548
17 0.26863440860215054 0.6590806451612903 0.23334408602150536 0.12708064516129033
19 0.3369032258064516 0.3673548387096774 0.08812903225806451 0.08551612903225807