18 0.6399526515151515 0.35741477272727273 0.10777935606060605 0.07681186868686869
19 0.2948295454545454 0.3501010101010101 0.04253551136363636 0.06849747474747475
1 0.3050094696969697 0.41822285353535354 0.49139678030303025 0.11004103535353536
7 0.2445288825757576 0.5934753787878788 0.42725378787878787 0.1953945707070707
3 0.4806747159090909 0.49890151515151515 0.22153645833333332 0.27784722222222225
10 0.670669981060606 0.44162878787878784 0.1645904356060606 0.3872569444444444
11 0.802014678030303 0.43416035353535354 0.14101325757575758 0.36629419191919194
16 0.7107125946969698 0.6095517676767677 0.2977249053030303 0.12022727272727272
14 0.9433712121212121 0.41091540404040405 0.05410511363636363 0.07017361111111112
13 0.9424029356060606 0.5214109848484848 0.07110795454545454 0.16174242424242424
5 0.8928456439393939 0.47414772727272725 0.11641098484848486 0.21687184343434343
8 0.3297537878787879 0.4951010101010101 0.233125 0.09965909090909092
9 0.06517992424242425 0.4932417929292929 0.05198626893939394 0.08330808080808082