1 0.70996875 0.40125925925925926 0.46584375 0.2723240740740741
7 0.77215625 0.7476759259259259 0.4386927083333333 0.3819722222222222
2 0.3160989583333333 0.39249999999999996 0.20844791666666668 0.7034166666666667
12 0.15589583333333332 0.315212962962963 0.14690625 0.6049166666666667
19 0.3460104166666667 0.30264814814814817 0.11043229166666667 0.1423888888888889
9 0.662625 0.5522870370370371 0.24803645833333335 0.19866666666666666
8 0.9556458333333333 0.503462962962963 0.05434895833333333 0.12346296296296297
18 0.7256041666666667 0.23149074074074072 0.09320833333333334 0.1288888888888889
17 0.26243229166666665 0.691 0.31578124999999996 0.28544444444444445
15 0.044468749999999994 0.19755555555555557 0.053848958333333335 0.13508333333333333
4 0.5028229166666667 0.5946296296296296 0.21361979166666664 0.619462962962963
6 0.071375 0.27182407407407405 0.06941666666666667 0.3162685185185185
13 0.03767708333333333 0.4091018518518518 0.043062500000000004 0.2207222222222222