8 0.39116 0.5534133333333333 0.23442 0.09941333333333334
1 0.32195999999999997 0.44624 0.40602 0.20504
18 0.6785800000000001 0.39613333333333334 0.08395999999999999 0.10170666666666667
16 0.74348 0.6354933333333334 0.2592 0.24474666666666667
10 0.7014600000000001 0.42757333333333336 0.17208 0.5881066666666667
11 0.80924 0.40325333333333335 0.14058 0.5363733333333333
3 0.54752 0.56352 0.15362 0.33296
7 0.29026 0.6507466666666667 0.42968 0.30349333333333334
5 0.90318 0.37381333333333333 0.09079999999999999 0.2578666666666667
14 0.9203 0.27352 0.03562 0.07925333333333333
9 0.11912 0.4721066666666666 0.03562 0.10309333333333333