8 0.4354945054945055 0.49938144329896905 0.11402472527472528 0.08167010309278351
9 0.23149725274725275 0.5312783505154639 0.04222527472527472 0.06298969072164949
1 0.369271978021978 0.45929896907216494 0.29719780219780223 0.09983505154639176
7 0.34796703296703296 0.6462474226804124 0.3165659340659341 0.11214432989690722
3 0.5223351648351648 0.535938144329897 0.11248626373626373 0.2594639175257732
16 0.6335714285714286 0.6362061855670104 0.15320054945054945 0.09839175257731958
10 0.5990659340659341 0.4704742268041237 0.12435439560439561 0.37913402061855667
11 0.6560164835164835 0.4704742268041237 0.11567307692307692 0.37913402061855667
18 0.5768131868131868 0.4160412371134021 0.06928571428571428 0.05665979381443299
5 0.7252197802197803 0.46035051546391753 0.0787087912087912 0.26688659793814434
7 0.7573351648351648 0.5788453608247422 0.018241758241758242 0.06934020618556702
18 0.732445054945055 0.4095051546391753 0.036085164835164836 0.04150515463917526