9 0.13689890710382513 0.4381318681318681 0.07950819672131149 0.11085714285714285
8 0.4698633879781421 0.42923076923076925 0.19355191256830603 0.13263736263736264
1 0.35896174863387975 0.37112087912087915 0.4799453551912568 0.1130989010989011
7 0.3255327868852459 0.6273406593406593 0.5213387978142077 0.31949450549450553
10 0.7121174863387978 0.4102857142857143 0.10154371584699454 0.48595604395604397
11 0.7935245901639344 0.41835164835164834 0.0935655737704918 0.46054945054945057
16 0.7391939890710383 0.6627032967032966 0.19394808743169398 0.12487912087912088
18 0.6909426229508197 0.3168791208791209 0.11657103825136612 0.10575824175824175
19 0.24382513661202185 0.3176923076923077 0.05442622950819673 0.0721978021978022
3 0.603811475409836 0.5018241758241758 0.1314617486338798 0.4078901098901099
14 0.8466256830601093 0.3516483516483517 0.05360655737704918 0.09613186813186814
13 0.8678005464480875 0.5840659340659341 0.043387978142076504 0.17305494505494504
5 0.8487295081967213 0.46595604395604395 0.04689890710382513 0.2149010989010989