8 0.45842307692307693 0.4935564853556485 0.14164615384615384 0.0767468619246862
9 0.22816923076923076 0.4872071129707113 0.023438461538461536 0.05619246861924686
1 0.40322307692307696 0.4485774058577406 0.3447076923076923 0.10968619246861924
7 0.36970000000000003 0.578326359832636 0.32958461538461536 0.14951882845188283
19 0.36243846153846154 0.38864016736401674 0.03813846153846154 0.03950836820083682
18 0.6455384615384616 0.39713389121338916 0.0524076923076923 0.04865062761506276
10 0.6662538461538462 0.44812761506276155 0.10538461538461538 0.2840062761506276
16 0.6849230769230769 0.5634309623430962 0.16771538461538463 0.08664225941422594
5 0.7602692307692308 0.47144351464435147 0.07995384615384615 0.19498953974895397
13 0.8062923076923078 0.49491631799163177 0.03162307692307692 0.09777196652719665
3 0.5700538461538462 0.4902196652719665 0.0851 0.19927824267782426