1 0.47836538461538464 0.6029925187032419 0.3004532967032967 0.10541147132169577
7 0.44559065934065933 0.7223441396508729 0.27046703296703295 0.13581047381546135
3 0.5892994505494505 0.6333915211970075 0.07721153846153846 0.20052369077306734
10 0.6662225274725274 0.5818204488778055 0.07527472527472527 0.2972568578553616
11 0.7186538461538461 0.581147132169576 0.0787087912087912 0.2932418952618454
13 0.7942994505494505 0.6709725685785536 0.04189560439560439 0.09468827930174563
5 0.7676236263736265 0.6263341645885286 0.06347527472527473 0.18910224438902742
13 0.8009478021978023 0.5864588528678304 0.02125 0.06650872817955113
18 0.6496703296703297 0.5468079800498753 0.05483516483516484 0.060548628428927685
19 0.4224587912087912 0.5414713216957606 0.02866758241758242 0.04987531172069826
9 0.3503434065934066 0.6374812967581047 0.06225274725274725 0.05149625935162094
8 0.5062637362637362 0.6359850374064838 0.09767857142857143 0.05271820448877806
16 0.6782967032967033 0.7329675810473816 0.12986263736263737 0.04264339152119701