19 0.4168 0.4213409961685824 0.08176 0.10793103448275863
17 0.32116 0.701455938697318 0.28046 0.2372030651340996
2 0.358 0.46555555555555556 0.17416 0.6977011494252874
12 0.2395 0.4104980842911877 0.17116 0.6035249042145594
1 0.6633600000000001 0.4919157088122605 0.3932 0.23636015325670498
7 0.73248 0.7286206896551723 0.40312 0.2907662835249042
9 0.65252 0.6207662835249043 0.16152 0.12049808429118773
8 0.8654400000000001 0.5653639846743295 0.02904 0.14057471264367816
4 0.50534 0.6165134099616858 0.16252 0.5064750957854406
6 0.14622 0.3732567049808429 0.09276000000000001 0.3998850574712644
13 0.1014 0.4973180076628353 0.047259999999999996 0.2539080459770115
15 0.09820000000000001 0.3325670498084291 0.033780000000000004 0.08685823754789272