1 0.33916015625 0.43371093749999995 0.407041015625 0.10533854166666667
8 0.413466796875 0.48 0.1669921875 0.09376302083333334
9 0.136552734375 0.479921875 0.048232421875 0.07079427083333333
7 0.302392578125 0.61734375 0.445830078125 0.241484375
3 0.540712890625 0.4907552083333333 0.136328125 0.2226953125
10 0.658994140625 0.4287239583333333 0.177587890625 0.5348177083333333
11 0.76255859375 0.42574218750000004 0.1527734375 0.532109375
16 0.7095703125 0.6519791666666667 0.233955078125 0.18380208333333334
18 0.630576171875 0.40097656249999997 0.08900390625 0.07243489583333333
5 0.85126953125 0.4071223958333334 0.1055859375 0.35815104166666667
14 0.878193359375 0.3614713541666667 0.0300390625 0.06177083333333333
13 0.884765625 0.5163541666666667 0.037373046875 0.136796875