9 0.15636250000000002 0.4738 0.04364375 0.11912222222222221
8 0.42746875 0.4575111111111111 0.15773125 0.13654444444444444
1 0.35424374999999997 0.3960444444444444 0.42066249999999994 0.13835555555555556
7 0.320225 0.6275 0.41199375000000005 0.2709666666666667
19 0.28470625 0.3347111111111111 0.05970625 0.07428888888888889
18 0.63890625 0.3154 0.07010625 0.10787777777777778
3 0.55125625 0.5064555555555555 0.1353125 0.41555555555555557
10 0.6713 0.41175555555555554 0.11897500000000001 0.5005888888888889
11 0.76639375 0.4041 0.1081625 0.44804444444444447
16 0.70155625 0.6542888888888889 0.2090375 0.1215
14 0.84623125 0.3699222222222222 0.0390125 0.09471111111111111
5 0.8156874999999999 0.47596666666666665 0.06753125 0.31924444444444444
13 0.8553937500000001 0.5468 0.033293750000000004 0.1682