9 0.5481315483119907 0.40862318840579714 0.20246798603026775 0.15924430641821946
8 0.9222584400465658 0.36440993788819875 0.08926076833527358 0.1536335403726708
4 0.37839348079161816 0.581055900621118 0.17414435389988359 0.5713975155279504
2 0.24345168800931316 0.4395548654244307 0.16355064027939464 0.7697619047619048
12 0.13927240977881258 0.45426501035196687 0.08614668218859138 0.7215424430641821
13 0.0409720605355064 0.7767805383022774 0.05253783469150175 0.2692753623188406
6 0.07788707799767171 0.6334368530020704 0.1321827706635623 0.28796066252587993
19 0.25754365541327123 0.30067287784679086 0.12479045401629801 0.14004140786749483
17 0.22136204889406286 0.8413664596273291 0.21831781140861467 0.1448136645962733
7 0.7168975552968568 0.6434161490683229 0.5662048894062864 0.3855590062111801
1 0.6945867287543656 0.2983229813664596 0.5128463329452853 0.1353312629399586