1 0.3402142443543717 0.5141412380122058 0.30959467284308045 0.08630340017436791
8 0.37037637521713956 0.5759372275501308 0.14196294151708164 0.077384481255449
7 0.2962709901563405 0.6789014821272886 0.3027620150550087 0.20310374891020053
3 0.48363057324840764 0.5934699215344377 0.12160393746381007 0.23449869224062775
11 0.6917139548349739 0.5215867480383609 0.14403011001737118 0.3627550130775937
10 0.6012391430225824 0.5379598953792502 0.13420382165605096 0.3920052310374891
18 0.5673943254198032 0.4891455972101133 0.07681528662420382 0.07119442022667828
16 0.633404748118124 0.7015693112467306 0.19030689056166764 0.12986922406277246
5 0.769183555298205 0.5299215344376635 0.08587724377533294 0.24690496948561463
14 0.7885466126230457 0.4723888404533566 0.03891140706427331 0.055117698343504794
13 0.793306311522872 0.6140976460331299 0.043798494499131445 0.14673060156931125