9 0.6497384615384615 0.5368237704918033 0.24406153846153844 0.1361270491803279
8 0.9324615384615385 0.522704918032787 0.06226153846153846 0.1430532786885246
2 0.32813846153846155 0.44934426229508195 0.1679076923076923 0.5291188524590164
12 0.18447692307692307 0.41438524590163933 0.13552307692307694 0.47674180327868854
13 0.0576 0.5363934426229509 0.05758461538461539 0.21141393442622952
6 0.08667692307692308 0.40924180327868853 0.11133846153846154 0.2264139344262295
4 0.48609230769230766 0.5584631147540983 0.17172307692307692 0.35924180327868854
19 0.3284461538461539 0.3689549180327869 0.11136923076923078 0.10485655737704919
17 0.2740923076923077 0.6794057377049181 0.32795384615384615 0.17538934426229508
1 0.7171692307692308 0.4696311475409836 0.4448769230769231 0.14815573770491802
7 0.7577384615384615 0.6828483606557377 0.4556769230769231 0.2642418032786885