9 0.148578125 0.49564583333333334 0.054558593749999995 0.13625694444444444
8 0.420609375 0.5006944444444444 0.19237109375 0.13246527777777778
7 0.31922656250000003 0.6663194444444445 0.42710156250000003 0.2806666666666667
1 0.36636718749999997 0.4306388888888889 0.439359375 0.15902083333333333
3 0.56780078125 0.5515972222222222 0.15883984375 0.4046180555555555
10 0.6991171875 0.451875 0.13610546875 0.5139930555555555
11 0.81116015625 0.4411527777777778 0.11800390624999998 0.4786597222222222
10 0.73480859375 0.6898680555555555 0.23874218749999998 0.1389375
13 0.90890625 0.5407569444444444 0.03615625 0.18481944444444443
5 0.87658984375 0.5088611111111111 0.0901328125 0.32431944444444444
14 0.9111289062499999 0.40524999999999994 0.060125 0.11518055555555556
18 0.6806484375 0.35381250000000003 0.09135937499999999 0.12342361111111111
19 0.33475390625 0.3514513888888889 0.04800390625 0.08398611111111111