8 0.572752688172043 0.4615967741935484 0.2031075268817204 0.11317741935483872
9 0.19478494623655915 0.4520161290322581 0.08824731182795698 0.1036774193548387
1 0.4400430107526882 0.3736129032258064 0.5422043010752688 0.163
7 0.41363440860215056 0.5929516129032258 0.562516129032258 0.26619354838709675
19 0.279494623655914 0.2831290322580645 0.05631182795698925 0.06588709677419355
18 0.7784623655913979 0.3029193548387097 0.09479569892473118 0.08935483870967742
16 0.8313225806451613 0.6345322580645162 0.1676989247311828 0.16869354838709677
10 0.7899247311827957 0.400741935483871 0.1365268817204301 0.6075967741935484
11 0.8539784946236559 0.38775806451612904 0.12921505376344086 0.5848387096774194
3 0.7221720430107527 0.453258064516129 0.15589247311827956 0.4480967741935484
5 0.9146129032258065 0.4020967741935484 0.0806021505376344 0.32964516129032256