7 0.6447636363636363 0.6850819672131148 0.4486545454545454 0.2009289617486339
1 0.6010181818181818 0.5143169398907104 0.47058181818181816 0.12486338797814209
9 0.5212363636363636 0.5789071038251365 0.1846909090909091 0.11595628415300546
8 0.7997090909090908 0.563224043715847 0.10429090909090909 0.08792349726775957
18 0.6950545454545454 0.4398360655737705 0.08065454545454545 0.09092896174863388
19 0.31785454545454545 0.45633879781420766 0.07669090909090909 0.08311475409836067
4 0.36872727272727274 0.6201639344262295 0.08254545454545455 0.27901639344262297
2 0.3180363636363636 0.5234426229508197 0.10741818181818182 0.3731693989071039
12 0.24414545454545455 0.5143169398907104 0.10898181818181818 0.35486338797814204
15 0.14829090909090908 0.4842622950819672 0.03970909090909091 0.06475409836065574
6 0.1690909090909091 0.527431693989071 0.06799999999999999 0.13650273224043716
17 0.28956363636363636 0.720655737704918 0.19214545454545456 0.14065573770491802