8 0.30263333333333337 0.422025 0.19385 0.12269999999999999
7 0.22666666666666666 0.58085 0.3386166666666666 0.2555
1 0.28141666666666665 0.3643 0.36255 0.09054999999999999
3 0.4737833333333333 0.511875 0.18885 0.397625
10 0.6349666666666667 0.402825 0.20815 0.47100000000000003
11 0.8119833333333333 0.3909 0.17076666666666665 0.43957500000000005
14 0.9595333333333333 0.359475 0.04933333333333333 0.085075
13 0.9645833333333333 0.5179 0.05168333333333334 0.235575
5 0.9047999999999999 0.49072499999999997 0.09820000000000001 0.302375
16 0.6965833333333333 0.644125 0.3515833333333333 0.101975
18 0.5794 0.34215 0.09741666666666667 0.10460000000000001