18 0.6128958333333333 0.46663888888888894 0.08335416666666666 0.08324999999999999
1 0.3131875 0.4979444444444444 0.41039583333333335 0.09030555555555556
7 0.25756249999999997 0.6858333333333333 0.3800208333333333 0.18505555555555556
16 0.7043541666666666 0.7218888888888889 0.28831249999999997 0.08394444444444445
10 0.65375 0.5512222222222222 0.1846875 0.42236111111111113
11 0.793125 0.5463333333333333 0.15216666666666667 0.4321666666666667
3 0.4905416666666667 0.6086944444444444 0.16464583333333332 0.3248611111111111
5 0.8875 0.5787222222222222 0.1006875 0.2976388888888889
8 0.33079166666666665 0.5635833333333333 0.18916666666666665 0.08105555555555556
14 0.9223541666666667 0.5292777777777777 0.033166666666666664 0.04511111111111111
13 0.9263125 0.673138888888889 0.036145833333333335 0.06813888888888889