8 0.39778125000000003 0.5819583333333334 0.18585156249999998 0.1298888888888889
7 0.3097109375 0.7545972222222221 0.35346875 0.26405555555555554
1 0.3653984375 0.4967638888888889 0.3585859375 0.15394444444444444
3 0.5212890625 0.6210555555555556 0.1577578125 0.39745833333333336
10 0.6661875 0.5103194444444444 0.1320390625 0.525513888888889
11 0.78025 0.48323611111111114 0.0960859375 0.43977777777777777
16 0.7020546875 0.7370694444444446 0.25065624999999997 0.1679027777777778
14 0.8642734375 0.42584722222222227 0.03134375 0.07876388888888888
13 0.882671875 0.5854861111111112 0.04853125 0.14806944444444445
5 0.8528359375000001 0.48501388888888886 0.04853125 0.16229166666666667
18 0.6374140625 0.43605555555555553 0.0901328125 0.0936527777777778