9 0.2096375 0.52344 0.034 0.07840000000000001
8 0.4066375 0.54826 0.1605 0.116
1 0.3652125 0.47636 0.3251625 0.13622
7 0.325325 0.68936 0.3253875 0.22622
10 0.6361875 0.46386 0.1196125 0.37924
11 0.7308499999999999 0.44582 0.106075 0.33684
14 0.7977249999999999 0.35286 0.0601875 0.12524
13 0.8209624999999999 0.536 0.0341625 0.13326
5 0.7955125 0.45438 0.0532625 0.14024
16 0.6688625 0.62622 0.19746249999999999 0.11993999999999999
18 0.6153375 0.42548 0.0704 0.07446
3 0.5173125000000001 0.54432 0.1381375 0.27586