1 0.2804505494505495 0.42775132275132277 0.3493846153846154 0.19161375661375663
8 0.2796813186813187 0.537962962962963 0.15258241758241758 0.1230952380952381
7 0.22854945054945053 0.6827777777777777 0.3149010989010989 0.31097883597883597
3 0.4156153846153846 0.5743650793650794 0.19028571428571428 0.48079365079365083
16 0.6317692307692307 0.7287830687830689 0.3292087912087912 0.21171957671957672
10 0.5823846153846154 0.44976190476190475 0.21446153846153845 0.7118783068783068
11 0.7389230769230769 0.43915343915343913 0.18094505494505495 0.7150264550264549
18 0.5263076923076923 0.3498677248677249 0.07862637362637362 0.10505291005291005
5 0.8715494505494505 0.47193121693121687 0.12160439560439561 0.5771164021164021
14 0.9034395604395604 0.3630952380952381 0.038296703296703295 0.11113756613756613
13 0.9006593406593407 0.6308994708994708 0.06487912087912087 0.2194179894179894