9 0.3490934065934066 0.6353615960099751 0.062458791208791206 0.05668329177057357
8 0.5056043956043956 0.6393765586034912 0.10076923076923076 0.05471321695760599
7 0.4440521978021978 0.7148129675810474 0.2688598901098901 0.12428927680798006
1 0.4690247252747253 0.5907231920199502 0.2821840659340659 0.07952618453865337
10 0.665412087912088 0.5774563591022444 0.07423076923076923 0.29331670822942646
11 0.7256043956043956 0.5771072319201994 0.07278846153846154 0.2859351620947631
16 0.6843956043956044 0.7329675810473816 0.13782967032967033 0.0457356608478803
13 0.7962499999999999 0.6755860349127183 0.03736263736263736 0.10229426433915213
5 0.7700686813186813 0.6217456359102245 0.0714010989010989 0.228927680798005
18 0.6525137362637362 0.5489526184538653 0.04842032967032967 0.06339152119700749
19 0.42435439560439564 0.5407980049875312 0.03350274725274725 0.040423940149625935
3 0.5954395604395605 0.6576309226932667 0.08221153846153846 0.21134663341645885