7 0.26165625 0.6967777777777777 0.4465625 0.3310462962962963
9 0.1128125 0.4973888888888888 0.06553645833333334 0.1298148148148148
8 0.39967708333333335 0.5100092592592592 0.20524479166666668 0.1550462962962963
1 0.334890625 0.4101574074074074 0.4263645833333333 0.15287962962962964
19 0.261015625 0.3371018518518518 0.05639583333333333 0.07467592592592594
18 0.6566302083333333 0.3529537037037037 0.10803645833333334 0.0878425925925926
10 0.682125 0.4194814814814815 0.14860416666666668 0.5604074074074075
11 0.8083854166666666 0.4088796296296296 0.15442708333333333 0.5286944444444445
16 0.7190572916666667 0.6937222222222222 0.25782812499999996 0.18575000000000003
3 0.5324895833333333 0.5688796296296296 0.16455208333333332 0.4617777777777778
14 0.9170572916666667 0.3302222222222222 0.07333854166666667 0.11647222222222223
13 0.9323697916666667 0.5248888888888888 0.05850520833333333 0.3271574074074074
5 0.8880989583333334 0.3879907407407407 0.07708854166666666 0.21964814814814815