8 0.12188186813186813 0.6005189620758483 0.13821428571428573 0.09285429141716567
7 0.10168956043956044 0.7277045908183633 0.11280219780219782 0.1584630738522954
3 0.2379120879120879 0.6457085828343313 0.21041208791208793 0.2725349301397205
1 0.17787087912087912 0.5400598802395209 0.2135576923076923 0.07173652694610778
10 0.45089285714285715 0.5577045908183633 0.21701923076923077 0.3930938123752495
11 0.6723901098901099 0.5613972055888223 0.2259752747252747 0.3879441117764471
16 0.5079807692307692 0.7635528942115769 0.42962912087912086 0.06295409181636727
18 0.3627472527472527 0.5005389221556886 0.07277472527472527 0.06920159680638722
14 0.8954670329670329 0.5378043912175648 0.08967032967032967 0.10045908183632735
13 0.9107554945054944 0.6650499001996008 0.09493131868131868 0.2205389221556886
5 0.832239010989011 0.5685429141716566 0.11204670329670328 0.20518962075848302