8 0.3517934782608696 0.511042780748663 0.1930163043478261 0.1716577540106952
7 0.25751358695652177 0.6947326203208556 0.31845108695652175 0.295427807486631
1 0.31241847826086955 0.41991978609625674 0.367866847826087 0.1973529411764706
10 0.647703804347826 0.40147058823529413 0.14472826086956522 0.6120588235294118
11 0.7684103260869565 0.3518716577540107 0.1241304347826087 0.5031818181818182
16 0.6829755434782608 0.6738235294117647 0.26358695652173914 0.223903743315508
18 0.5972690217391304 0.3018181818181818 0.08914402173913043 0.10970588235294118
3 0.48745923913043476 0.5338235294117647 0.19085597826086956 0.4244919786096256
5 0.8391711956521739 0.3158288770053476 0.08023097826086956 0.22737967914438503
13 0.8878124999999999 0.45946524064171124 0.0543070652173913 0.13983957219251336
14 0.8712771739130435 0.26954545454545453 0.0544429347826087 0.09866310160427808
19 0.3216711956521739 0.29858288770053476 0.03915760869565217 0.06759358288770054