9 0.085765625 0.5005277777777778 0.05464583333333333 0.13762962962962963
8 0.44265104166666663 0.5347777777777777 0.19133333333333333 0.10612962962962963
1 0.3293958333333334 0.4358148148148148 0.4898177083333334 0.18967592592592591
19 0.21484375 0.3317407407407407 0.07113541666666667 0.08154629629629628
18 0.6883958333333333 0.34528703703703706 0.09948958333333334 0.10492592592592592
7 0.296296875 0.6768703703703703 0.504875 0.24587962962962964
10 0.7414791666666667 0.44146296296296295 0.2149375 0.5787592592592592
16 0.7564895833333334 0.7288240740740741 0.26067708333333334 0.12851851851851853
3 0.5928854166666666 0.5602037037037036 0.11861458333333334 0.43930555555555556
13 0.95596875 0.6014166666666666 0.0575 0.19762037037037036
5 0.91128125 0.5187407407407407 0.07821354166666666 0.35198148148148145