18 0.72509375 0.32610185185185186 0.07913541666666667 0.09618518518518518
19 0.29813541666666665 0.3179444444444444 0.052296875 0.06876851851851852
1 0.4151927083333333 0.3708703703703704 0.4905833333333333 0.10423148148148148
7 0.38626041666666666 0.6342777777777777 0.518140625 0.3310648148148148
19 0.18444270833333334 0.45062962962962966 0.056171874999999996 0.12302777777777778
14 0.5329010416666666 0.44255555555555554 0.17182812500000003 0.12908333333333333
3 0.66159375 0.5260370370370371 0.10828645833333334 0.4113425925925926
10 0.734328125 0.43734259259259256 0.08718229166666666 0.5668055555555556
11 0.8025052083333333 0.4489814814814815 0.088953125 0.5331203703703703
16 0.7739114583333334 0.6973425925925926 0.13302083333333334 0.12755555555555556
14 0.8577708333333334 0.4062037037037037 0.027817708333333333 0.1008425925925926
5 0.8542187499999999 0.4837777777777778 0.031130208333333336 0.17449074074074072