9 0.6549464922711058 0.49936274509803924 0.10366825208085613 0.10643790849673203
1 0.664179548156956 0.42606209150326796 0.2427348394768133 0.1512581699346405
7 0.6956004756242569 0.6165522875816993 0.19687277051129606 0.17741830065359476
4 0.5727883472057075 0.4968954248366013 0.10118906064209274 0.299983660130719
2 0.48240784780023777 0.4077777777777778 0.0796373365041617 0.4041339869281046
12 0.40820451843044 0.38338235294117645 0.0705231866825208 0.355359477124183
17 0.45986325802615935 0.5843137254901961 0.1602497027348395 0.13163398692810457
15 0.3343876337693223 0.3511928104575163 0.028204518430439952 0.07622549019607842
13 0.3367063020214031 0.4673202614379085 0.0328359096313912 0.14508169934640525
6 0.35851367419738406 0.38700980392156864 0.05093935790725328 0.14808823529411763
19 0.4952259215219976 0.33454248366013073 0.050915576694411414 0.07558823529411765
18 0.6564506539833532 0.3371895424836602 0.023442330558858502 0.05756535947712418