1 0.4461176470588235 0.4771548117154812 0.48603529411764707 0.2214644351464435
7 0.4384235294117647 0.7690794979079498 0.5441882352941176 0.3502928870292887
9 0.22998823529411766 0.6020502092050208 0.09201176470588235 0.15221757322175733
8 0.5710470588235294 0.5487029288702928 0.18001176470588234 0.19715481171548116
19 0.28607058823529413 0.3411297071129707 0.06007058823529412 0.08016736401673641
18 0.7298117647058824 0.2964435146443514 0.10048235294117647 0.12677824267782428
14 0.8033411764705882 0.1707531380753138 0.04165882352941176 0.07410041841004185
10 0.7257999999999999 0.3429497907949791 0.09512941176470588 0.5611297071129707
11 0.7822823529411765 0.30535564853556485 0.1034 0.5039539748953975
16 0.7759294117647059 0.5932426778242678 0.10449411764705882 0.26010460251046025
3 0.6948352941176471 0.5094979079497908 0.10768235294117647 0.413326359832636