18 0.3803854166666667 0.5308055555555555 0.04357291666666666 0.06738888888888889
10 0.41633333333333333 0.5866296296296296 0.113734375 0.3735
11 0.5396354166666666 0.5890092592592593 0.13445312499999998 0.3686574074074074
7 0.28422395833333336 0.7323796296296297 0.037015624999999996 0.14648148148148146
3 0.3236822916666667 0.6717314814814815 0.075046875 0.23408333333333334
16 0.45966145833333333 0.7765740740740741 0.203859375 0.08053703703703705
5 0.6050625000000001 0.629175925925926 0.12140625 0.2975833333333333
13 0.7940364583333334 0.7284444444444444 0.3274739583333333 0.2188425925925926
0 0.7985729166666666 0.5694166666666667 0.24105729166666665 0.1724074074074074
14 0.7188229166666668 0.5725185185185185 0.11802083333333332 0.10452777777777778
15 0.8986770833333334 0.569574074074074 0.081890625 0.10480555555555555