9 0.09492063492063492 0.4465 0.09023809523809524 0.1244047619047619
8 0.391031746031746 0.48530952380952386 0.23401587301587304 0.16033333333333333
7 0.26865079365079364 0.6422857142857142 0.49322222222222223 0.34928571428571425
1 0.3214920634920635 0.38442857142857145 0.45606349206349206 0.17285714285714285
3 0.5504761904761905 0.5343571428571429 0.1931111111111111 0.4082142857142857
10 0.6922698412698413 0.388952380952381 0.1618888888888889 0.5747619047619048
11 0.8095079365079365 0.3526428571428572 0.15917460317460316 0.5097619047619047
16 0.7442222222222222 0.648547619047619 0.2816666666666667 0.19614285714285712
18 0.6650317460317461 0.35050000000000003 0.11534920634920635 0.11095238095238096
14 0.9255873015873016 0.28585714285714287 0.04520634920634921 0.0888095238095238
13 0.9363174603174603 0.4607380952380952 0.07063492063492063 0.11497619047619047
5 0.9059365079365079 0.39142857142857146 0.07731746031746031 0.2940238095238095
19 0.26115873015873015 0.2914047619047619 0.09331746031746031 0.09395238095238095