18 0.6032421875 0.357875 0.08909375 0.07990277777777778
1 0.33361718749999997 0.4233472222222222 0.3584375 0.1413888888888889
9 0.16084375 0.4963194444444445 0.0363203125 0.096375
8 0.3697890625 0.49891666666666673 0.1671171875 0.125875
7 0.2852734375 0.6688055555555555 0.35745312500000004 0.2781527777777778
3 0.4956796875 0.5294583333333333 0.15923437499999998 0.38943055555555556
10 0.6387109375 0.4141388888888889 0.1309921875 0.43951388888888887
11 0.749953125 0.3985138888888889 0.11553906249999998 0.40826388888888887
16 0.66521875 0.6416944444444445 0.2403828125 0.1683611111111111
14 0.8331875 0.29459722222222223 0.060703125000000004 0.13391666666666666
13 0.8552031250000001 0.49076388888888894 0.043703124999999995 0.18902777777777777
5 0.815390625 0.4066944444444444 0.0661171875 0.181