9 0.1211 0.34246815286624205 0.098525 0.14273885350318471
8 0.5026333333333333 0.43203821656050956 0.20825833333333332 0.1371815286624204
7 0.34248333333333336 0.6402070063694267 0.580075 0.46146496815286625
1 0.40559166666666663 0.28371019108280254 0.584175 0.19082802547770703
10 0.7724166666666666 0.4344108280254777 0.14448333333333332 0.6705573248407644
11 0.8699916666666667 0.46864649681528664 0.12036666666666666 0.6303662420382166
3 0.6562749999999999 0.5624044585987261 0.144475 0.557515923566879
16 0.7864333333333333 0.7800636942675159 0.22252499999999997 0.10074840764331211
14 0.9462833333333333 0.47068471337579615 0.042225 0.1061783439490446
13 0.9410583333333333 0.6900636942675159 0.06176666666666667 0.12453821656050955
5 0.9002999999999999 0.6457165605095542 0.07358333333333333 0.30173566878980895
18 0.79075 0.31815286624203826 0.10781666666666666 0.1450796178343949