15 0.38226171875000003 0.2781232294617564 0.19394140625 0.2393271954674221
14 0.16036328125 0.2877832861189802 0.08608203125 0.21143059490084987
0 0.25276171875000003 0.38351983002832857 0.29431250000000003 0.48317280453257794
13 0.30727734375 0.589171388101983 0.42678125 0.38927053824362606
6 0.52152734375 0.41844192634560906 0.1343046875 0.27720254957507084
12 0.62563671875 0.4021529745042493 0.15785156250000001 0.4805240793201133
2 0.73424609375 0.41887393767705383 0.1359453125 0.46249999999999997
17 0.71430859375 0.6687039660056657 0.23303124999999997 0.14871104815864022
4 0.82717578125 0.509171388101983 0.0546484375 0.30425637393767707
7 0.8768945312499999 0.5715014164305949 0.04518359375 0.23589235127478753
19 0.7966367187500001 0.3590297450424929 0.0565390625 0.09895892351274786