14 0.955219298245614 0.3955921052631579 0.03899122807017544 0.06513157894736843
1 0.28850877192982455 0.4393421052631579 0.463859649122807 0.1355921052631579
7 0.2419298245614035 0.6718421052631579 0.44592105263157894 0.23407894736842105
9 0.06092105263157895 0.5247368421052632 0.05881578947368421 0.11842105263157894
8 0.3625877192982456 0.5090789473684211 0.18460526315789474 0.1199342105263158
3 0.4965350877192982 0.555657894736842 0.19149122807017543 0.37888157894736846
10 0.6751754385964912 0.4531578947368421 0.16899122807017544 0.5177631578947368
11 0.8278508771929824 0.4350657894736842 0.13350877192982458 0.47914473684210523
13 0.9646052631578947 0.5625 0.051008771929824566 0.1661842105263158
5 0.9171929824561403 0.5148026315789473 0.08083333333333333 0.3055921052631579
16 0.7282894736842106 0.6906578947368421 0.3190789473684211 0.1025
18 0.648421052631579 0.3748684210526316 0.10289473684210526 0.1194078947368421