19 0.390251256281407 0.3864814814814815 0.0929145728643216 0.13898148148148148
9 0.6450753768844222 0.5430555555555555 0.18753768844221105 0.12962962962962962
8 0.9059798994974874 0.5417592592592593 0.06658291457286432 0.12694444444444444
1 0.7264824120603015 0.4710185185185185 0.3989949748743719 0.17074074074074075
7 0.7668844221105529 0.73 0.4214070351758794 0.2823148148148148
4 0.5074874371859296 0.5902777777777778 0.16201005025125628 0.4748148148148148
2 0.3484924623115578 0.442962962962963 0.16170854271356783 0.6283333333333333
12 0.21241206030150755 0.43444444444444447 0.1391457286432161 0.6291666666666667
15 0.0628643216080402 0.3556481481481481 0.06381909547738693 0.1788888888888889
13 0.03708542713567839 0.5796296296296296 0.044673366834170856 0.2086111111111111
6 0.09407035175879397 0.5183333333333333 0.11050251256281406 0.439537037037037
17 0.2928140703517588 0.772962962962963 0.32914572864321606 0.1474074074074074