8 0.380140625 0.4720925925925926 0.1895625 0.10433333333333333
7 0.2798541666666667 0.5867037037037037 0.4431927083333333 0.28109259259259256
9 0.09125520833333334 0.46875 0.034692708333333336 0.06987037037037036
16 0.707328125 0.6184259259259259 0.24352604166666666 0.2149074074074074
18 0.655640625 0.30998148148148147 0.08365625 0.08566666666666667
10 0.6710625 0.40974999999999995 0.14938541666666666 0.49509259259259264
11 0.7761666666666667 0.39346296296296296 0.13894270833333333 0.48103703703703704
3 0.5151822916666666 0.42476851851851855 0.18336458333333333 0.28128703703703706
5 0.8645677083333333 0.41807407407407404 0.10568229166666666 0.2617407407407408
13 0.903 0.5160648148148148 0.048359374999999996 0.13982407407407407
1 0.32109895833333335 0.38370370370370366 0.47431249999999997 0.14669444444444446