9 0.5993613445378151 0.5621973094170404 0.1852605042016807 0.11596412556053812
7 0.68 0.6724813153961136 0.34492436974789914 0.2442899850523169
1 0.6411680672268908 0.4324364723467863 0.39852100840336135 0.2707174887892377
2 0.3251512605042017 0.40717488789237666 0.20106722689075632 0.47642750373692083
0 0.21758823529411767 0.20609865470852018 0.20443697478991596 0.12980568011958146
6 0.17541176470588235 0.385575485799701 0.10326050420168068 0.31790732436472346
17 0.31526050420168067 0.5710014947683109 0.24847899159663867 0.2314050822122571
19 0.3505798319327731 0.34932735426008965 0.09345378151260504 0.0916591928251121
18 0.649672268907563 0.2589985052316891 0.040983193277310925 0.08609865470852018
4 0.4661512605042017 0.5307473841554559 0.1373361344537815 0.3099701046337818
13 0.12880672268907564 0.3698953662182362 0.043672268907563025 0.12424514200298954
15 0.13660504201680673 0.29451420029895364 0.05207563025210084 0.046098654708520176