9 0.62465 0.665775 0.1563166666666667 0.10862500000000001
8 0.8643000000000001 0.69265 0.054150000000000004 0.090175
2 0.3853333333333333 0.6534749999999999 0.13323333333333334 0.4007
12 0.2592333333333333 0.65235 0.13288333333333335 0.37772500000000003
15 0.1413 0.626275 0.04886666666666667 0.10185000000000001
13 0.14095 0.776525 0.04811666666666667 0.153225
6 0.18876666666666667 0.7542 0.09323333333333333 0.270075
4 0.49855 0.7445999999999999 0.15596666666666667 0.311475
7 0.7121 0.7889 0.36878333333333335 0.22845
1 0.6763333333333333 0.621225 0.39303333333333335 0.09175000000000001
19 0.3967 0.565175 0.09366666666666668 0.09785
17 0.32631666666666664 0.8523499999999999 0.24035 0.08789999999999999