9 0.49321875 0.44634444444444443 0.1716375 0.11814444444444444
1 0.508425 0.36404444444444445 0.34579375 0.13133333333333333
7 0.55231875 0.5964333333333333 0.30346875 0.25535555555555556
4 0.35718125 0.4718333333333333 0.134975 0.3197555555555555
2 0.2306125 0.38014444444444445 0.11725625 0.45241111111111115
12 0.1260125 0.3508777777777778 0.09348125 0.3864666666666667
17 0.19476875 0.5670777777777778 0.2059875 0.15592222222222224
15 0.04300625 0.31393333333333334 0.024618750000000002 0.05778888888888889
13 0.04480625 0.4213444444444444 0.0248125 0.13112222222222222
6 0.0617625 0.3638777777777778 0.042050000000000004 0.1384
19 0.2628125 0.3171 0.0774875 0.1041
18 0.50320625 0.26636666666666664 0.0437 0.0508