1 0.2605681818181818 0.4281538461538461 0.355959595959596 0.16874358974358974
8 0.26035353535353534 0.526051282051282 0.18991161616161617 0.12182051282051282
7 0.21042929292929294 0.679025641025641 0.32303030303030306 0.28076923076923077
3 0.40329545454545457 0.5796153846153846 0.23064393939393937 0.4340512820512821
10 0.5986363636363636 0.4492307692307692 0.21561868686868688 0.6279743589743589
11 0.7628914141414141 0.44266666666666665 0.19393939393939394 0.6319743589743589
16 0.6596464646464647 0.6792307692307692 0.33744949494949494 0.19228205128205128
5 0.8681186868686868 0.4045897435897436 0.1451388888888889 0.44984615384615384
14 0.9281565656565657 0.369948717948718 0.04300505050505051 0.06943589743589743
13 0.9236616161616161 0.513051282051282 0.060265151515151515 0.23597435897435898
18 0.5691287878787878 0.35825641025641025 0.0740909090909091 0.11102564102564101