9 0.13012109375 0.49177692307692306 0.08027734375 0.10598461538461539
8 0.450390625 0.4820923076923077 0.19737890625 0.1532923076923077
7 0.32477734375 0.6676615384615385 0.49134374999999997 0.3063461538461538
1 0.353859375 0.40159230769230775 0.475671875 0.15125384615384616
19 0.2429296875 0.29814615384615384 0.05590234375000001 0.08795384615384616
18 0.69305859375 0.3380923076923077 0.0837578125 0.15246923076923077
10 0.70803515625 0.4351692307692308 0.13193749999999999 0.6338
11 0.822203125 0.4321384615384615 0.13191406249999998 0.6132846153846153
14 0.916078125 0.40602307692307693 0.04021484375 0.11909230769230769
16 0.7466171875 0.7597769230769231 0.21276953125000003 0.07596153846153846
3 0.59006640625 0.5431615384615385 0.14826953125 0.4346923076923077
13 0.91684375 0.6382769230769231 0.044187500000000005 0.2010076923076923
5 0.8977890625 0.4756461538461539 0.0767890625 0.2453846153846154