2 0.642 0.5311184210526316 0.22382716049382717 0.457280701754386
12 0.4825185185185185 0.522609649122807 0.1852962962962963 0.47153508771929825
19 0.7015679012345679 0.4558771929824561 0.0325679012345679 0.0843201754385965
17 0.5872222222222222 0.7060526315789474 0.3506172839506173 0.12414473684210527
4 0.8055925925925925 0.6059649122807017 0.16476543209876543 0.2936622807017544
9 0.8889259259259259 0.5620394736842106 0.0404320987654321 0.05855263157894737
6 0.3304814814814815 0.518421052631579 0.18360493827160493 0.396359649122807
15 0.19598765432098766 0.4985964912280702 0.11969135802469136 0.08519736842105263
13 0.18041975308641975 0.635811403508772 0.2548148148148148 0.20611842105263156
0 0.14635802469135803 0.4782236842105263 0.1441851851851852 0.17881578947368423
7 0.8930370370370371 0.6672368421052631 0.05571604938271605 0.16557017543859648