8 0.2195875 0.6767619047619048 0.0729 0.09116666666666666
0 0.253025 0.6259047619047619 0.13265000000000002 0.08471428571428571
3 0.295475 0.7175476190476191 0.13244999999999998 0.25921428571428573
7 0.20595 0.7853809523809524 0.0742 0.18597619047619046
10 0.45255 0.6467142857142857 0.19954999999999998 0.3984285714285714
11 0.6340875 0.6472380952380952 0.178125 0.3998095238095238
16 0.500275 0.8445952380952382 0.3200125 0.07992857142857143
14 0.7790250000000001 0.628 0.0596375 0.09909523809523808
13 0.7960250000000001 0.7663571428571428 0.047424999999999995 0.16838095238095238
5 0.7125875 0.7013809523809523 0.1178375 0.2609047619047619
18 0.37555 0.6010238095238095 0.04019999999999999 0.07576190476190477