19 0.29024725274725277 0.5584123711340205 0.05822802197802198 0.07298969072164949
18 0.6746978021978022 0.56 0.0985989010989011 0.09228865979381443
1 0.38810439560439564 0.6189072164948454 0.454478021978022 0.12804123711340207
9 0.18010989010989012 0.6954639175257732 0.06870879120879121 0.08731958762886598
8 0.4766346153846154 0.6844123711340206 0.17001373626373625 0.09820618556701032
7 0.3473901098901099 0.7957731958762886 0.46097527472527466 0.20136082474226805
3 0.5971428571428572 0.7030309278350516 0.11096153846153846 0.30991752577319587
10 0.6991620879120879 0.6338144329896906 0.11020604395604396 0.4112371134020618
11 0.775837912087912 0.6285773195876289 0.11618131868131867 0.39698969072164947
16 0.7238324175824177 0.8208247422680413 0.20012362637362638 0.09884536082474227
14 0.8801785714285714 0.6035670103092784 0.03480769230769231 0.0725979381443299
13 0.8861813186813187 0.739298969072165 0.037802197802197804 0.14575257731958763
5 0.8497802197802198 0.6787628865979382 0.07563186813186813 0.23888659793814432