9 0.4878375 0.4909555555555556 0.153475 0.13526666666666667
8 0.74225 0.4917222222222222 0.0623 0.10345555555555555
4 0.37810625000000003 0.5297888888888889 0.105875 0.32595555555555555
7 0.6092125 0.6614222222222222 0.41315624999999995 0.2662222222222222
1 0.5688125 0.4279777777777778 0.37792499999999996 0.11486666666666666
2 0.3118375 0.43977777777777777 0.10771875 0.5051111111111112
12 0.22021249999999998 0.42463333333333336 0.08071875 0.4748333333333334
17 0.25345625 0.6802888888888888 0.15345625 0.12502222222222223
15 0.1550125 0.3811555555555556 0.03781875 0.08233333333333333
13 0.1473375 0.5611222222222222 0.047474999999999996 0.1867111111111111
6 0.1648125 0.45276666666666665 0.0613375 0.14667777777777777
19 0.3073625 0.39542222222222223 0.07689375 0.09418888888888888