19 0.263765625 0.4674473067915691 0.092359375 0.07889929742388758
18 0.6881406250000001 0.46772833723653395 0.055703125 0.06063231850117096
1 0.619734375 0.5205620608899297 0.53346875 0.10388758782201404
7 0.68265625 0.7401170960187353 0.52128125 0.20728337236533959
4 0.384390625 0.6484309133489461 0.130484375 0.3468618266978923
2 0.26340625 0.5711475409836065 0.10728125 0.4353161592505855
12 0.16273437500000001 0.5662763466042154 0.09081249999999999 0.4060655737704918
15 0.07128124999999999 0.5548946135831382 0.025109375 0.06714285714285714
13 0.070453125 0.6964871194379391 0.033875 0.16688524590163936
6 0.100828125 0.6560421545667448 0.060750000000000005 0.2655269320843091
17 0.22559374999999998 0.7861592505854801 0.211328125 0.1081264637002342
9 0.554203125 0.6064871194379392 0.23834375 0.12351288056206089
9 0.88559375 0.6126229508196721 0.044359375 0.10060889929742389