9 0.163796875 0.6712333333333333 0.041963541666666666 0.07539166666666666
8 0.34761458333333334 0.6768416666666667 0.13459375 0.07326666666666667
7 0.27799999999999997 0.769575 0.2963020833333333 0.15460000000000002
3 0.4577916666666667 0.705 0.13879687500000001 0.27375
10 0.5948281249999999 0.619825 0.16473437500000002 0.360775
11 0.7372083333333334 0.6174 0.14455208333333333 0.3589583333333333
16 0.6436875000000001 0.7817583333333333 0.2795052083333333 0.10023333333333334
13 0.87040625 0.7366333333333334 0.07190625 0.13715833333333333
5 0.8213541666666667 0.6922833333333334 0.13416145833333332 0.30585
14 0.8843802083333333 0.6161000000000001 0.028953125000000003 0.09179166666666667
1 0.2936875 0.6271583333333334 0.25381770833333334 0.09390000000000001
18 0.5567135416666668 0.5774083333333333 0.061125 0.0844