19 0.2876467991169978 0.2554707560627675 0.11967770419426048 0.139151212553495
18 0.7116026490066225 0.25936519258202567 0.058503311258278144 0.11840941512125534
9 0.5517969094922737 0.42694008559201146 0.24089183222958058 0.1542796005706134
8 0.9119028697571744 0.41247503566333804 0.06926269315673289 0.0968188302425107
1 0.6481368653421633 0.34440085592011416 0.5218631346578366 0.15088445078459342
7 0.7134922737306844 0.6357346647646219 0.5222737306843267 0.31985021398002855
4 0.3995408388520971 0.47490014265335234 0.1895011037527594 0.4297717546362339
17 0.22520971302428258 0.655206847360913 0.24113024282560705 0.1685877318116976
2 0.25377041942604855 0.3649500713266762 0.1599205298013245 0.61518544935806
6 0.14018101545253864 0.33947218259629103 0.10344812362030906 0.5451997146932953
15 0.0551523178807947 0.29731098430813124 0.05407064017660044 0.08523537803138374
13 0.04143929359823399 0.4651711840228245 0.0413598233995585 0.21172610556348073
6 0.06070640176600441 0.36125534950071325 0.05634878587196468 0.15605563480741796