19 0.42433333333333334 0.371787037037037 0.07242708333333334 0.08274074074074074
13 0.09729166666666668 0.5542962962962963 0.10758333333333334 0.321212962962963
15 0.085421875 0.3843888888888889 0.05259895833333333 0.074
9 0.6887760416666667 0.4919814814814815 0.16555208333333335 0.11941666666666667
7 0.773859375 0.6503981481481481 0.3426666666666666 0.31280555555555556
1 0.716953125 0.4317962962962963 0.3885677083333333 0.14102777777777778
17 0.3341510416666667 0.6918981481481481 0.305265625 0.16123148148148148
2 0.37577083333333333 0.4525277777777778 0.19579166666666667 0.5466944444444444
12 0.22288020833333333 0.45862037037037034 0.12959375 0.5372592592592592
6 0.12159895833333333 0.5173518518518518 0.10681770833333333 0.15097222222222223
4 0.5472239583333334 0.5405833333333334 0.14459895833333333 0.17033333333333334