1 0.7035686777920411 0.36021680216802165 0.4697689345314506 0.19401084010840108
7 0.7689858793324775 0.6577506775067751 0.3926444159178434 0.3717615176151762
8 0.6723106546854942 0.46303523035230354 0.1890372272143774 0.15574525745257453
4 0.5136970474967908 0.4683739837398374 0.22142490372272144 0.48962059620596204
2 0.31338896020539153 0.3863143631436315 0.1900513478818999 0.6635772357723577
12 0.16223363286264442 0.3668834688346883 0.1444801026957638 0.6138482384823848
17 0.274017971758665 0.6815718157181572 0.3295250320924262 0.18631436314363142
13 0.030154043645699614 0.4919512195121951 0.04205391527599486 0.24067750677506775
15 0.038138639281129656 0.28536585365853656 0.040077021822849807 0.141869918699187
6 0.0856354300385109 0.45281842818428186 0.10627727856225931 0.3850135501355013
19 0.3547625160462131 0.2598915989159892 0.12132220795892171 0.12886178861788616
18 0.6841463414634147 0.23021680216802168 0.0509627727856226 0.07495934959349594