8 0.5358098591549295 0.4730809859154929 0.1962206572769953 0.12315140845070423
9 0.16838028169014085 0.4664084507042254 0.03776995305164319 0.09380281690140846
16 0.8259976525821596 0.6489436619718311 0.17708920187793425 0.2123943661971831
18 0.7827347417840376 0.3436267605633803 0.08863849765258215 0.12031690140845071
10 0.7919131455399061 0.4113556338028169 0.1620305164319249 0.6079049295774648
11 0.8612910798122067 0.39855633802816903 0.12609154929577465 0.5822887323943662
5 0.9285680751173708 0.40630281690140846 0.075 0.31929577464788733
7 0.4021596244131455 0.6240492957746478 0.5510798122065728 0.33899647887323947
1 0.42634976525821594 0.40711267605633805 0.5387558685446009 0.1384507042253521
19 0.32725352112676054 0.3227288732394366 0.054213615023474174 0.06253521126760564
3 0.6843779342723005 0.5048943661971831 0.1916901408450704 0.3525352112676057