6 0.18453645833333335 0.2784444444444445 0.031140624999999998 0.15839814814814815
4 0.3228489583333333 0.39299074074074075 0.09756770833333334 0.3403981481481481
7 0.5503281250000001 0.5063055555555555 0.4400260416666667 0.3010277777777778
1 0.531296875 0.2865462962962963 0.426953125 0.12819444444444444
2 0.27427083333333335 0.2989351851851852 0.09623958333333334 0.49370370370370376
12 0.22109375 0.27724074074074073 0.07946875 0.44289814814814815
17 0.23388020833333334 0.5148333333333334 0.10504166666666667 0.1292037037037037
19 0.25400520833333334 0.22277777777777777 0.07236979166666666 0.10434259259259258
18 0.6195937499999999 0.2094814814814815 0.05147395833333333 0.07036111111111111
9 0.4353125 0.3482314814814815 0.16623437500000002 0.12932407407407406
8 0.7338072916666667 0.3460462962962963 0.04655729166666667 0.1101388888888889