8 0.7579453125 0.37357638888888894 0.035216796875 0.08005208333333334
9 0.5084257812499999 0.34540624999999997 0.1826640625 0.11746527777777778
1 0.562853515625 0.3017048611111111 0.39698828124999996 0.11339583333333333
7 0.6087988281250001 0.5319305555555556 0.400986328125 0.33426041666666667
4 0.3784921875 0.41036111111111107 0.15131250000000002 0.372375
2 0.25233203125000003 0.3623888888888889 0.098208984375 0.44309027777777776
12 0.184814453125 0.36767361111111113 0.10184375000000001 0.4293611111111111
15 0.12035742187500001 0.3218298611111111 0.0354296875 0.06683680555555556
13 0.10885937500000001 0.4948888888888889 0.030013671874999998 0.15601041666666668
6 0.12093359374999998 0.3845381944444445 0.030724609375 0.10544444444444445
17 0.23231445312500001 0.5707013888888889 0.1773125 0.13055208333333335
19 0.286025390625 0.2624236111111111 0.08942382812500001 0.09733333333333333