9 0.539697265625 0.43920572916666667 0.250419921875 0.122734375
8 0.16642578125 0.4791796875 0.078662109375 0.11712239583333334
7 0.3909375 0.29955729166666667 0.583466796875 0.2600911458333333
1 0.41845703125 0.5525260416666666 0.5157421875 0.19686197916666667
4 0.618642578125 0.47635416666666663 0.2473828125 0.3458333333333334
2 0.782138671875 0.5511328125 0.100400390625 0.4767838541666667
12 0.851064453125 0.5912109375 0.081767578125 0.39325520833333333
17 0.80001953125 0.36144531249999995 0.171171875 0.15321614583333334
19 0.7771875 0.6301432291666667 0.097607421875 0.0991015625
18 0.3135546875 0.6715625 0.065986328125 0.07032552083333334
13 0.92025390625 0.49532552083333337 0.032177734375 0.10848958333333332
6 0.894501953125 0.5198958333333333 0.053232421875 0.2655078125