19 0.4451959459459459 0.4096597222222222 0.026125 0.099125
18 0.4503648648648648 0.7217916666666667 0.018854729729729732 0.04052083333333333
13 0.4077263513513513 0.12854166666666667 0.05294256756756757 0.05540972222222223
6 0.42436148648648647 0.18878472222222223 0.08621959459459459 0.0903125
15 0.4509797297297298 0.15073611111111113 0.026841216216216216 0.04886805555555556
17 0.36736148648648653 0.340375 0.04766891891891892 0.2985138888888889
12 0.4298141891891892 0.26083333333333336 0.12343581081081081 0.146375
2 0.42377364864864864 0.38179166666666664 0.1334662162162162 0.1505
1 0.42046959459459454 0.6866875 0.04690540540540541 0.3823402777777778
7 0.36124662162162163 0.7345416666666666 0.06809121621621622 0.38546527777777784
9 0.39876689189189185 0.6359791666666667 0.03502702702702703 0.15361111111111111
8 0.3941858108108108 0.8750763888888888 0.036000000000000004 0.03921527777777778
4 0.40086486486486483 0.5052083333333334 0.09328040540540541 0.11428472222222222