1 0.47398907103825133 0.3814181818181818 0.14601092896174864 0.42305454545454546
9 0.44136612021857924 0.2048 0.10360655737704919 0.08803636363636363
8 0.4202732240437158 0.48774545454545454 0.07956284153005465 0.16905454545454546
7 0.303224043715847 0.36516363636363636 0.16879781420765028 0.4390181818181818
3 0.4191256830601093 0.6038181818181818 0.3219672131147541 0.10432727272727273
10 0.4713114754098361 0.6990545454545455 0.3956830601092896 0.07956363636363636
11 0.47710382513661204 0.7693454545454546 0.37994535519125683 0.0958909090909091
16 0.2984699453551912 0.7217454545454545 0.0955191256830601 0.18556363636363638
18 0.5369945355191257 0.6846545454545454 0.09448087431693988 0.07803636363636364
19 0.5624590163934426 0.3084363636363636 0.07256830601092897 0.06799999999999999
14 0.515464480874317 0.8485818181818182 0.06300546448087431 0.042
13 0.34502732240437156 0.8498181818181818 0.14311475409836066 0.04778181818181818
5 0.4203825136612022 0.8238181818181819 0.21185792349726779 0.050254545454545455