9 0.1452578125 0.48969444444444443 0.09109375 0.08311111111111112
1 0.1925859375 0.5382777777777777 0.1740234375 0.09002777777777776
7 0.146234375 0.384125 0.108671875 0.17754166666666665
4 0.23528125000000003 0.4502083333333333 0.17417968749999999 0.2819305555555556
2 0.4199453125 0.5178055555555555 0.215 0.3864722222222222
12 0.6330234375 0.5183333333333333 0.20788281249999999 0.387375
17 0.48942968750000004 0.33019444444444446 0.363421875 0.04884722222222222
13 0.83234375 0.41788888888888887 0.12151562499999999 0.21727777777777776
6 0.7473828124999999 0.44816666666666666 0.19378125 0.22925
15 0.8429140625 0.533875 0.0879609375 0.06730555555555556
19 0.3698359375 0.5761527777777777 0.053914062500000005 0.09630555555555556