7 0.7919784946236559 0.3179032258064516 0.3309784946236559 0.20383870967741935
10 0.44969892473118284 0.5072096774193549 0.1625698924731183 0.4295967741935484
11 0.31590322580645164 0.5204032258064516 0.1637741935483871 0.4032096774193549
8 0.7126021505376344 0.47301612903225804 0.16955913978494624 0.09874193548387096
1 0.7411290322580645 0.5117903225806452 0.3298494623655914 0.0777258064516129
3 0.5810000000000001 0.4049193548387097 0.15903225806451612 0.25690322580645164
16 0.3984516129032258 0.2938387096774194 0.2993010752688172 0.10179032258064516
18 0.48001075268817206 0.5407903225806452 0.09951612903225807 0.08770967741935484
14 0.18087096774193548 0.5249516129032259 0.055010752688172036 0.09375806451612903
13 0.18068817204301074 0.35611290322580647 0.06270967741935483 0.09075806451612904
5 0.23298924731182796 0.39383870967741935 0.10053763440860215 0.23877419354838708