19 0.3096979166666667 0.29126082771896056 0.09047395833333334 0.1439942252165544
9 0.6570729166666667 0.4532820019249278 0.267 0.1696727622714148
1 0.6843072916666666 0.36177093358999035 0.4777135416666667 0.16471607314725698
7 0.741125 0.656381135707411 0.4611458333333333 0.34488931665062555
4 0.478328125 0.49799807507218474 0.22200520833333334 0.4531087584215592
2 0.2837760416666667 0.4053128007699711 0.16363020833333333 0.5934744947064485
12 0.16178645833333333 0.3928585178055823 0.13058854166666667 0.5396920115495669
15 0.05400520833333333 0.34778633301251205 0.047838541666666665 0.1271126082771896
13 0.05288020833333333 0.510019249278152 0.042984375 0.19171318575553417
6 0.09478125 0.45906641000962467 0.07633854166666666 0.35773820981713184
17 0.24997916666666667 0.6701924927815207 0.2809375 0.15114533205004813