9 0.4624333333333333 0.2781458333333333 0.0632 0.02359722222222222
8 0.45334444444444444 0.45624305555555555 0.0914888888888889 0.15525694444444443
7 0.34804444444444443 0.38922222222222225 0.18087777777777778 0.2850972222222222
3 0.45124444444444445 0.5761458333333334 0.2539444444444445 0.08874305555555556
1 0.5223666666666666 0.41578472222222224 0.11843333333333333 0.2803472222222222
10 0.5022555555555556 0.6612569444444445 0.3337555555555555 0.08379861111111112
11 0.513788888888889 0.7324166666666667 0.2938555555555556 0.06554166666666666
16 0.3568777777777778 0.6812291666666667 0.10595555555555555 0.1468888888888889
14 0.5477111111111111 0.7833680555555556 0.054288888888888887 0.024784722222222222
13 0.43962222222222225 0.7820555555555556 0.07515555555555556 0.033729166666666664
5 0.46462222222222227 0.7632777777777777 0.1733111111111111 0.035527777777777776
18 0.5649666666666667 0.6453125 0.07027777777777777 0.061173611111111116