9 0.279187898089172 0.194 0.07364649681528662 0.10091666666666667
9 0.795 0.26708333333333334 0.06702229299363058 0.097075
9 0.7748726114649681 0.5928833333333333 0.08410828025477707 0.04200833333333333
9 0.29555732484076436 0.602575 0.08726114649681528 0.03473333333333333
8 0.3032324840764331 0.36569166666666664 0.08348726114649682 0.05429166666666667
8 0.7906528662420381 0.4019666666666667 0.05834394904458599 0.030183333333333333
8 0.2845541401273885 0.712525 0.10347133757961784 0.0813
8 0.77921974522293 0.741975 0.09280254777070064 0.11020833333333334
7 0.1646815286624204 0.2728083333333333 0.16947452229299365 0.2552
7 0.6865605095541402 0.32908333333333334 0.16227707006369427 0.19109166666666666
7 0.17264331210191083 0.6645666666666666 0.15355095541401276 0.19538333333333335
7 0.6796178343949045 0.6903083333333333 0.13563694267515924 0.24685833333333335
4 0.26226114649681526 0.14304166666666668 0.2117515923566879 0.042341666666666666
4 0.7476592356687898 0.20143333333333333 0.23699044585987264 0.05880833333333333
2 0.2961624203821656 0.12284999999999999 0.309984076433121 0.04065
12 0.3102707006369427 0.09396666666666667 0.27307324840764335 0.02878333333333333
12 0.817595541401274 0.11433333333333333 0.2718152866242038 0.050124999999999996
2 0.8131210191082803 0.163975 0.3010509554140127 0.04774166666666667
17 0.6682802547770701 0.13643333333333332 0.0782484076433121 0.104325
17 0.1555891719745223 0.10415 0.04968152866242038 0.044750000000000005
19 0.3345859872611465 0.103125 0.07966560509554141 0.03770833333333334
19 0.8688535031847133 0.160225 0.062197452229299365 0.049183333333333336
18 0.8731210191082803 0.33982500000000004 0.042070063694267516 0.0261
1 0.3377070063694268 0.25666666666666665 0.10818471337579617 0.23479999999999998
1 0.8276592356687897 0.30540833333333334 0.07218152866242038 0.20394166666666666
15 0.8463375796178344 0.06825833333333332 0.052213375796178345 0.01964166666666667
13 0.724156050955414 0.06583333333333333 0.08810509554140127 0.021458333333333333
6 0.8024681528662421 0.08408333333333334 0.1428184713375796 0.03170833333333333
10 0.30353503184713376 0.8379916666666667 0.30101910828025474 0.07076666666666667
11 0.313375796178344 0.9027416666666667 0.2697452229299363 0.06693333333333333
10 0.7960350318471338 0.8562833333333333 0.2860031847133758 0.05235
11 0.804140127388535 0.9028916666666666 0.26399681528662416 0.043916666666666666
13 0.2477229299363057 0.9509833333333334 0.09703821656050955 0.023433333333333334
13 0.7245222929936306 0.9339833333333333 0.10474522292993631 0.021091666666666665
5 0.3079458598726114 0.9405333333333334 0.13872611464968154 0.017091666666666668
5 0.7994267515923568 0.9217583333333332 0.14312101910828023 0.0183
14 0.810063694267516 0.9312999999999999 0.04656050955414012 0.017383333333333334
16 0.6693630573248408 0.87415 0.06449044585987261 0.08475
16 0.16998407643312102 0.862025 0.08168789808917197 0.12716666666666665
18 0.3536305732484077 0.8289083333333334 0.0763375796178344 0.0526
18 0.8551592356687897 0.856475 0.06350318471337581 0.0444
3 0.26039808917197454 0.7774666666666668 0.23383757961783438 0.06860833333333333
3 0.7605573248407643 0.81215 0.21506369426751593 0.05924166666666667
1 0.32278662420382165 0.6783416666666666 0.09746815286624204 0.15980833333333333
1 0.8271496815286625 0.7054 0.09345541401273885 0.2222666666666667