9 0.8857968749999999 0.4086666666666667 0.0650078125 0.13834722222222223
8 0.5363515624999999 0.40626388888888887 0.17862499999999998 0.1835416666666667
7 0.6818203125 0.23445833333333332 0.5383046874999999 0.28994444444444445
3 0.3921640625 0.3822361111111111 0.1402578125 0.4132777777777778
10 0.30096875 0.5119722222222223 0.126609375 0.5878333333333333
11 0.1964921875 0.5406111111111112 0.10828125 0.5355833333333333
16 0.2371171875 0.25151388888888887 0.21453906250000002 0.18516666666666665
18 0.3092109375 0.5855 0.09308593750000001 0.09758333333333334
14 0.0800078125 0.6269027777777778 0.0315625 0.0803888888888889
13 0.0685 0.405375 0.046046875 0.22065277777777778
5 0.1047890625 0.44169444444444445 0.0719921875 0.3599583333333334
1 0.6408359375 0.5011666666666666 0.47821875 0.19558333333333333