19 0.5055288888888889 0.463615 0.06756444444444445 0.061915
1 0.45856 0.64743 0.12109333333333333 0.232525
9 0.4133066666666667 0.6203099999999999 0.11058666666666667 0.10280500000000001
8 0.4311822222222222 0.7573150000000001 0.11523555555555555 0.046814999999999996
7 0.29704 0.68589 0.19360888888888889 0.248715
4 0.39138666666666666 0.535515 0.23120000000000002 0.090715
2 0.46452444444444446 0.43577499999999997 0.3596977777777778 0.106235
12 0.48593777777777775 0.3411 0.34919111111111106 0.084385
15 0.5198755555555555 0.260115 0.07928 0.037415
13 0.41704 0.25699 0.17584 0.043665
6 0.5008888888888889 0.283 0.18595555555555554 0.05069
17 0.3009777777777778 0.40736 0.11703999999999999 0.199405