9 0.5180648148148148 0.5460052083333333 0.14041666666666666 0.16102083333333334
8 0.46853703703703703 0.80515625 0.12161111111111111 0.07168749999999999
7 0.3410092592592593 0.6638906250000001 0.29248148148148145 0.41415624999999995
1 0.56675 0.626734375 0.1328425925925926 0.4127604166666667
4 0.470787037037037 0.423109375 0.39772222222222225 0.11661979166666667
2 0.5733518518518519 0.3133020833333333 0.47321296296296295 0.11228125000000001
12 0.5798055555555556 0.21304166666666668 0.44907407407407407 0.08884895833333334
15 0.631 0.14536979166666666 0.08851851851851851 0.05071875
13 0.3860462962962963 0.11980729166666666 0.19119444444444444 0.048213541666666665
6 0.5438796296296297 0.14520833333333333 0.1673611111111111 0.05734375
17 0.3252962962962963 0.278890625 0.14994444444444444 0.20318229166666668
19 0.6363333333333333 0.35085416666666663 0.11152777777777778 0.097109375