8 0.5197359154929577 0.5319835680751174 0.1527112676056338 0.21841549295774648
9 0.5150704225352113 0.16678403755868543 0.11401408450704226 0.070962441314554
7 0.32526408450704225 0.3762910798122066 0.280193661971831 0.5369131455399061
1 0.5982922535211267 0.4200234741784038 0.13963028169014086 0.5383098591549296
3 0.4735915492957746 0.6672535211267606 0.38904929577464786 0.1800586854460094
10 0.5847007042253521 0.7894131455399062 0.5349823943661972 0.12294600938967136
11 0.6067077464788733 0.8677347417840375 0.49096830985915496 0.11913145539906103
16 0.35059859154929573 0.8182863849765257 0.15482394366197183 0.2002582159624413
18 0.6673943661971831 0.7758215962441315 0.11350352112676056 0.10748826291079812
13 0.4694542253521126 0.9474647887323944 0.15190140845070424 0.055633802816901404
5 0.5945598591549296 0.9354694835680751 0.136443661971831 0.051197183098591545
14 0.6617781690140845 0.9488028169014084 0.05535211267605634 0.03874413145539906