8 0.5333870967741936 0.23679032258064517 0.13776344086021505 0.1184032258064516
9 0.7485268817204301 0.3514838709677419 0.04950537634408602 0.16712903225806452
7 0.6264838709677419 0.2168064516129032 0.328 0.2816451612903226
1 0.5867634408602151 0.41464516129032253 0.33672043010752684 0.3676451612903226
3 0.42358064516129035 0.34233870967741936 0.14565591397849464 0.3717741935483871
16 0.31550537634408604 0.44806451612903225 0.17996774193548387 0.4699516129032258
18 0.35889247311827954 0.48516129032258065 0.05450537634408602 0.08611290322580645
10 0.3437096774193548 0.4952741935483871 0.12356989247311828 0.6450322580645161
11 0.2676021505376344 0.6432903225806451 0.0994516129032258 0.5152741935483871
5 0.2072043010752688 0.7486774193548387 0.05131182795698925 0.31024193548387097
19 0.669494623655914 0.6268225806451613 0.035516129032258065 0.06941935483870967