14 0.5973642857142857 0.57429296875 0.16541428571428574 0.21059375
15 0.6059714285714286 0.85554296875 0.16119285714285714 0.11294531249999999
0 0.5777285714285715 0.718484375 0.2761285714285714 0.3231953125
13 0.3558 0.6825078125 0.38228571428571434 0.5051523437500001
10 0.5327642857142857 0.2309453125 0.59335 0.14499609375
11 0.5389357142857143 0.3666328125 0.6199714285714286 0.18589843749999999
7 0.37155 0.07814453125000001 0.2209142857142857 0.04251953125
3 0.42317857142857146 0.12564453125 0.4098857142857143 0.091515625
16 0.22510714285714284 0.26589453125 0.0851857142857143 0.23833203125
18 0.6186357142857143 0.15650390625 0.12937142857142858 0.07032812499999999
5 0.46977142857142856 0.42937890625 0.5959357142857142 0.166859375