17 0.2561111111111111 0.7532463768115942 0.22887301587301587 0.0952463768115942
19 0.3236984126984127 0.3468115942028986 0.0889047619047619 0.11817391304347827
18 0.7958730158730158 0.32530434782608697 0.07295238095238095 0.10414492753623188
1 0.6507936507936508 0.4281449275362319 0.47855555555555557 0.17933333333333332
9 0.5536190476190476 0.5225507246376812 0.19426984126984126 0.12660869565217392
8 0.8774126984126984 0.5158550724637682 0.08787301587301587 0.11802898550724637
7 0.6926507936507936 0.6694782608695652 0.49347619047619046 0.2803478260869565
4 0.4239206349206349 0.5520579710144928 0.13857142857142857 0.4327246376811594
2 0.30144444444444446 0.4507826086956522 0.12377777777777778 0.6255942028985507
12 0.1992857142857143 0.44298550724637686 0.12846031746031747 0.6148405797101449
15 0.08534920634920636 0.40028985507246373 0.04607936507936508 0.09463768115942028
13 0.07385714285714286 0.5962608695652174 0.05220634920634921 0.2644057971014493
6 0.12046031746031746 0.5382028985507247 0.07947619047619048 0.38310144927536227