9 0.49268055555555557 0.8537343749999999 0.07416666666666666 0.09614843749999999
13 0.38490277777777776 0.862515625 0.17608333333333334 0.09810156249999999
4 0.4494305555555555 0.753046875 0.29341666666666666 0.18434375
1 0.5485277777777777 0.7905546875 0.04663888888888889 0.1386015625
2 0.4963888888888889 0.5699687499999999 0.44587499999999997 0.24413281250000002
19 0.5668472222222222 0.6269921875 0.07938888888888888 0.061789062500000005
17 0.3329722222222222 0.504890625 0.16197222222222224 0.3664765625
12 0.498875 0.37408593749999997 0.48600000000000004 0.230015625
6 0.5108055555555555 0.2673359375 0.35458333333333336 0.2116796875
15 0.5396388888888889 0.1551328125 0.06788888888888889 0.0750859375
13 0.41223611111111114 0.1683046875 0.1838888888888889 0.1189921875