9 0.4124285714285714 0.6547733333333333 0.11 0.13584
8 0.3831904761904762 0.8413866666666666 0.08185714285714286 0.05869333333333334
7 0.26307142857142857 0.72752 0.24516666666666667 0.31392
4 0.35854761904761906 0.5172133333333334 0.30914285714285716 0.13627999999999998
1 0.4397142857142857 0.6749333333333333 0.1468095238095238 0.35690666666666665
17 0.21028571428571427 0.35724 0.08138095238095239 0.22226666666666664
2 0.4517619047619048 0.38310666666666665 0.4161904761904762 0.17030666666666666
6 0.3562619047619047 0.22445333333333334 0.2463809523809524 0.11617333333333332
13 0.3207857142857143 0.14934666666666668 0.14895238095238095 0.03758666666666667
15 0.48578571428571427 0.16502666666666665 0.2567142857142857 0.060066666666666664
19 0.5260714285714285 0.42257333333333336 0.09919047619047618 0.08329333333333333