9 0.5836375 0.5423006134969325 0.225325 0.1536963190184049
8 0.1299625 0.5447085889570552 0.1124 0.12102760736196319
1 0.41633749999999997 0.6268558282208588 0.61295 0.14558282208588957
7 0.38231250000000006 0.3769478527607362 0.6810124999999999 0.3172085889570552
4 0.7303624999999999 0.5279294478527607 0.13125 0.3558128834355828
2 0.820575 0.6012576687116564 0.10965 0.49711656441717794
12 0.8683625 0.6147085889570553 0.1092625 0.4679294478527607
17 0.8518375 0.38122699386503067 0.15615 0.17240797546012268
15 0.9253125 0.6965644171779142 0.0420125 0.08049079754601227
6 0.9381999999999999 0.6037730061349693 0.049087500000000006 0.16078220858895706
19 0.8149625 0.6966411042944785 0.1213 0.07723926380368099
18 0.2399375 0.6982668711656441 0.08185 0.05849693251533743