9 0.38382926829268293 0.31480769230769234 0.0873170731707317 0.02824175824175824
8 0.3878780487804878 0.462967032967033 0.08965853658536585 0.10479395604395605
7 0.2810487804878049 0.39906593406593405 0.15721951219512192 0.23554945054945053
1 0.4235609756097561 0.41596153846153844 0.08353658536585366 0.2046978021978022
3 0.3554634146341464 0.5385989010989012 0.21709756097560978 0.0860989010989011
10 0.4017073170731707 0.609684065934066 0.28373170731707315 0.06692307692307692
11 0.4054878048780488 0.6589972527472527 0.26834146341463416 0.05050824175824176
13 0.32878048780487806 0.7110989010989011 0.07478048780487805 0.02412087912087912
14 0.41795121951219516 0.7050412087912088 0.06082926829268293 0.02008241758241758
5 0.4052195121951219 0.6883653846153847 0.10714634146341463 0.025535714285714287
16 0.26702439024390245 0.6211675824175824 0.07307317073170731 0.11736263736263736
18 0.45680487804878045 0.5966071428571428 0.06397560975609756 0.050494505494505494