1 0.549625 0.42697777777777773 0.3924 0.10395555555555556
7 0.5792499999999999 0.612 0.38165 0.26955555555555555
4 0.3727125 0.5215111111111111 0.10980000000000001 0.3078444444444444
9 0.4826 0.45828888888888886 0.1567 0.09248888888888888
8 0.732275 0.47242222222222224 0.0377 0.061511111111111114
2 0.2819125 0.4654888888888889 0.08532500000000001 0.40913333333333335
12 0.2224 0.46784444444444445 0.08463749999999999 0.3990444444444444
6 0.1737625 0.49893333333333334 0.02735 0.1323111111111111
19 0.29475 0.3713777777777778 0.062675 0.09942222222222223
18 0.601925 0.3773111111111111 0.04535 0.05795555555555555
17 0.2567625 0.6621777777777779 0.1416875 0.08844444444444444