8 0.5015322580645161 0.13959139784946237 0.05787096774193549 0.08530107526881721
16 0.357 0.5112903225806451 0.1461774193548387 0.38766666666666666
10 0.5016774193548388 0.4600967741935484 0.42220967741935483 0.2716236559139785
11 0.4918225806451613 0.6677096774193548 0.4255322580645161 0.2659569892473118
7 0.4033548387096774 0.13473118279569893 0.18867741935483873 0.10321505376344085
1 0.5477580645161291 0.23303225806451613 0.07195161290322581 0.22608602150537632
3 0.4284516129032258 0.2582043010752688 0.2941774193548387 0.2057741935483871
18 0.5764354838709678 0.3931182795698925 0.09243548387096774 0.067
5 0.4950161290322581 0.7621827956989248 0.3945483870967742 0.24359139784946235
13 0.4075806451612903 0.8901827956989248 0.22938709677419356 0.09952688172043012
14 0.5386612903225807 0.8960752688172043 0.049161290322580646 0.07136559139784947