10 0.4975806451612903 0.5586451612903225 0.44250000000000006 0.1522258064516129
11 0.5116129032258064 0.6981720430107526 0.41443548387096774 0.12713978494623657
14 0.5336935483870967 0.8149569892473117 0.08535483870967742 0.04426881720430108
13 0.3958709677419355 0.8253333333333333 0.1599032258064516 0.07118279569892473
16 0.2994032258064516 0.6097741935483871 0.10983870967741935 0.27601075268817205
3 0.42006451612903223 0.41553763440860214 0.29585483870967744 0.1309032258064516
7 0.320241935483871 0.20991397849462365 0.2022258064516129 0.3303548387096774
8 0.46866129032258064 0.2868602150537634 0.09811290322580644 0.17088172043010752
1 0.5162096774193549 0.25563440860215053 0.0826290322580645 0.3449784946236559
5 0.5002903225806452 0.7902365591397849 0.15216129032258066 0.06858064516129032
18 0.5413387096774194 0.5192150537634409 0.08682258064516128 0.08874193548387097