1 0.350878587196468 0.35262482168330955 0.5315364238410596 0.13424393723252498
8 0.4422207505518764 0.4338516405135521 0.24383664459161147 0.13977888730385163
9 0.090719646799117 0.44365905848787446 0.03735099337748344 0.12016405135520684
7 0.2893112582781457 0.6360271041369473 0.523187637969095 0.36937232524964336
3 0.612719646799117 0.5093223965763196 0.17663134657836643 0.48330242510699006
10 0.7432229580573951 0.37618402282453633 0.19038852097130243 0.702039942938659
11 0.8474701986754967 0.3861911554921541 0.14282119205298013 0.6471611982881598
18 0.7141501103752759 0.2540656205420827 0.11900220750551878 0.11900142653352354
16 0.7833730684326711 0.6660413694721826 0.22158057395143488 0.23325962910128387
5 0.925046357615894 0.4140299572039943 0.10150110375275938 0.44250356633380883
19 0.2857306843267108 0.25812410841654776 0.04467991169977925 0.0664978601997147