9 0.7805625 0.6774285714285714 0.0734375 0.09592857142857143
1 0.7495499999999999 0.6305952380952381 0.1257 0.09071428571428572
7 0.7957 0.7834285714285715 0.0805 0.1990952380952381
4 0.7021875 0.7244761904761904 0.12788750000000002 0.27935714285714286
2 0.54735 0.6474761904761904 0.203775 0.39995238095238095
12 0.3677625 0.6466904761904763 0.17818750000000003 0.39840476190476193
17 0.5004375 0.847452380952381 0.3203375 0.061809523809523814
15 0.222625 0.6222619047619048 0.0593375 0.10123809523809525
13 0.20825 0.7622619047619047 0.0556125 0.20435714285714285
6 0.2871875 0.7122857142857143 0.1347375 0.27654761904761904
19 0.6256 0.5935952380952381 0.0456625 0.0813095238095238