9 0.2604296875 0.3389027777777778 0.19696093750000002 0.11381944444444445
7 0.22100781249999998 0.1876944444444444 0.31232812499999996 0.236
7 0.4076953125 0.2991111111111111 0.21528125 0.40248611111111116
1 0.2695078125 0.42506944444444444 0.35432031249999996 0.1661111111111111
2 0.6163203125 0.4040694444444445 0.21144531249999998 0.5159583333333333
12 0.80190625 0.42375 0.16214062499999998 0.4967916666666667
17 0.6634921874999999 0.17529166666666665 0.3703984375 0.1609861111111111
15 0.9693203125000001 0.4706527777777778 0.0570625 0.08504166666666667
13 0.9593046875000001 0.3204166666666666 0.07140625 0.22904166666666667
6 0.8989375000000001 0.3383333333333333 0.1381640625 0.30930555555555556
19 0.577828125 0.4724027777777778 0.092828125 0.12190277777777778