9 0.5250952380952381 0.6089841269841271 0.1395952380952381 0.2193015873015873
2 0.6008809523809524 0.3382063492063492 0.5556904761904762 0.18088888888888888
12 0.6322619047619048 0.19246031746031747 0.5073571428571428 0.11992063492063491
6 0.6828809523809524 0.10887301587301589 0.28583333333333333 0.06917460317460317
13 0.5067142857142857 0.07057142857142858 0.17159523809523808 0.056063492063492065
15 0.7046428571428571 0.07426984126984126 0.11242857142857142 0.04226984126984127
17 0.35361904761904767 0.2619047619047619 0.19876190476190478 0.2693968253968254
7 0.3171904761904762 0.7314761904761905 0.3004761904761905 0.43253968253968256
1 0.6140952380952381 0.6684920634920635 0.15885714285714286 0.46880952380952384
4 0.47230952380952385 0.4306190476190477 0.3990952380952381 0.1659047619047619
19 0.647047619047619 0.3443174603174603 0.09776190476190477 0.12380952380952381