7 0.2738142857142857 0.3578299492385787 0.4016142857142857 0.20233502538071066
1 0.3307 0.5842258883248731 0.4696714285714286 0.13228426395939086
9 0.3875142857142857 0.5043020304568527 0.19758571428571428 0.13996192893401016
8 0.11243571428571428 0.5046700507614214 0.06457142857142857 0.07468274111675127
2 0.6608357142857143 0.5709010152284264 0.14708571428571426 0.48634517766497465
12 0.7782357142857143 0.5913705583756346 0.12667857142857142 0.4676395939086294
17 0.6975928571428571 0.3257868020304569 0.2606 0.1280964467005076
13 0.9053285714285715 0.4389086294416244 0.05035 0.1969796954314721
6 0.8624642857142858 0.526763959390863 0.10749285714285715 0.3117766497461929
15 0.9151928571428571 0.5965736040609138 0.05139285714285714 0.12143401015228426
18 0.2645857142857143 0.6552791878172589 0.07458571428571428 0.09163705583756344
19 0.6392785714285715 0.6561928934010153 0.10708571428571427 0.10362944162436548
4 0.5155642857142857 0.4674746192893401 0.1806 0.3657868020304569