1 0.6918489583333333 0.4219728535353535 0.5074905303030303 0.1081155303030303
9 0.65671875 0.4922032828282828 0.20521780303030304 0.09390151515151515
4 0.49262784090909095 0.5191982323232323 0.17770123106060606 0.3120391414141414
7 0.7505113636363636 0.5911837121212121 0.4259469696969697 0.21295454545454545
2 0.33062973484848485 0.4485290404040404 0.18654356060606062 0.4421590909090909
12 0.20159564393939394 0.44984217171717167 0.17472537878787878 0.44794507575757575
19 0.36319602272727275 0.3622664141414142 0.10822916666666667 0.05358901515151515
17 0.2879000946969697 0.6187184343434343 0.30091619318181817 0.13544507575757575
6 0.10965672348484848 0.43915088383838385 0.12554924242424242 0.30661300505050504
13 0.0636908143939394 0.5206060606060606 0.06319839015151515 0.16333964646464647
15 0.053428030303030304 0.41978219696969693 0.023617424242424245 0.056385732323232324