1 0.584234375 0.5167538975501114 0.29955312500000003 0.10331291759465479
8 0.535790625 0.4612861915367483 0.146415625 0.09538418708240534
9 0.73160625 0.4567984409799554 0.031796875 0.06135857461024499
7 0.60483125 0.34842984409799554 0.309496875 0.1946380846325167
3 0.443278125 0.44202672605790644 0.09420624999999999 0.26287861915367483
10 0.36525625 0.503869710467706 0.0741 0.3364587973273942
11 0.318309375 0.5184855233853007 0.077078125 0.3072271714922049
14 0.26997499999999997 0.5440256124721604 0.013221875000000001 0.04371380846325167
5 0.28325625 0.4613307349665924 0.028965625 0.1762138084632517
16 0.354071875 0.34844654788418705 0.12204062499999999 0.10356347438752785
18 0.3709375 0.5681792873051226 0.0542125 0.0864532293986637