9 0.55484375 0.31162962962962965 0.114 0.07962037037037037
8 0.351640625 0.3098240740740741 0.032 0.0664074074074074
7 0.4648125 0.21316666666666667 0.312984375 0.15157407407407406
1 0.5100208333333334 0.3713611111111111 0.3145625 0.09953703703703703
4 0.6492604166666667 0.2894074074074074 0.11679166666666667 0.2874814814814815
2 0.7536302083333334 0.3611574074074074 0.10366145833333333 0.3626666666666667
12 0.8380833333333333 0.36898148148148147 0.10074479166666667 0.3523148148148148
17 0.7792395833333334 0.18787037037037038 0.19823437500000002 0.0844074074074074
19 0.7354375 0.4224537037037037 0.07343229166666668 0.06944444444444445
13 0.919765625 0.2732685185185185 0.025416666666666664 0.1467314814814815
6 0.8844895833333334 0.30919444444444444 0.048614583333333336 0.22387962962962962
18 0.46950000000000003 0.43436111111111114 0.037083333333333336 0.04563888888888889