9 0.3839674796747967 0.4836111111111111 0.17219512195121953 0.10828282828282829
7 0.2690243902439024 0.3869949494949495 0.43822764227642275 0.23699494949494948
1 0.3431056910569106 0.5712878787878788 0.5050894308943089 0.1321212121212121
4 0.5287479674796748 0.5258585858585859 0.16996747967479675 0.2846717171717172
17 0.7197723577235773 0.3828787878787879 0.2794146341463415 0.20315656565656567
2 0.6744715447154471 0.5428535353535353 0.1820650406504065 0.5171969696969697
12 0.7670731707317073 0.5466414141414141 0.16491056910569105 0.518080808080808
19 0.640308943089431 0.6493181818181818 0.10764227642276424 0.07984848484848485
6 0.8873983739837399 0.5779545454545455 0.14291056910569105 0.28151515151515155
13 0.9438536585365854 0.4929040404040404 0.0480650406504065 0.22156565656565655
15 0.9485365853658537 0.6128535353535354 0.029967479674796748 0.05742424242424242