3 0.38087499999999996 0.37239814814814814 0.08599479166666667 0.21007407407407408
7 0.5103125 0.31549074074074074 0.20052604166666665 0.14123148148148149
8 0.45348958333333333 0.39075 0.10176041666666666 0.07482407407407407
9 0.5907708333333334 0.39814814814814814 0.020666666666666667 0.05523148148148148
1 0.4857916666666667 0.44069444444444444 0.21844791666666669 0.0927037037037037
10 0.31400520833333334 0.43795370370370373 0.08172395833333333 0.2856296296296296
11 0.24978124999999998 0.4556944444444444 0.070828125 0.254962962962963
14 0.19150520833333334 0.4765277777777778 0.018265625 0.042666666666666665
13 0.18957291666666667 0.41340740740740745 0.024828125 0.10161111111111111
5 0.2146354166666667 0.4210833333333333 0.04558854166666667 0.20162037037037037
18 0.3155625 0.46882407407407406 0.04614583333333333 0.07488888888888888
16 0.289890625 0.3126759259259259 0.12725 0.07475925925925926
0 0.7362291666666666 0.4634166666666667 0.11543229166666666 0.12705555555555556
13 0.7158697916666666 0.3728148148148148 0.17982291666666667 0.13722222222222222
6 0.6356510416666666 0.4536851851851852 0.11139583333333333 0.1590925925925926
15 0.6859999999999999 0.45375 0.09751041666666667 0.07068518518518518
14 0.783265625 0.46974074074074074 0.022942708333333332 0.04712037037037037
12 0.5715677083333334 0.518537037037037 0.09434374999999999 0.15419444444444444