9 0.5732084309133489 0.5980117647058824 0.15416861826697892 0.20338823529411765
8 0.5574004683840749 0.942835294117647 0.11477751756440281 0.06949411764705882
7 0.30847775175644027 0.7609058823529412 0.42098360655737704 0.47818823529411764
2 0.6203981264637003 0.3052 0.7481967213114754 0.15501176470588235
12 0.62288056206089 0.16218823529411766 0.7219203747072599 0.12389411764705882
15 0.6817798594847775 0.03429411764705882 0.12152224824355971 0.04455294117647059
13 0.37946135831381733 0.022941176470588236 0.25065573770491806 0.04588235294117647
6 0.6010538641686182 0.06449411764705883 0.25459016393442624 0.06967058823529412
17 0.2429976580796253 0.2604941176470588 0.1260889929742389 0.30481176470588234
19 0.7488524590163934 0.3314 0.11515222482435597 0.11329411764705882
4 0.48555035128805624 0.4542705882352941 0.5565573770491803 0.16688235294117645
1 0.6636768149882903 0.6929529411764705 0.17901639344262293 0.4912941176470588
18 0.7513348946135832 0.7749764705882353 0.08887587822014052 0.06710588235294118