9 0.54225 0.41988194444444443 0.19359765625 0.1443263888888889
8 0.195109375 0.4266180555555556 0.08525390625 0.13927083333333334
7 0.3949375 0.2690416666666667 0.52137109375 0.23152777777777775
1 0.42470703125 0.5272777777777777 0.521015625 0.1524375
2 0.7585195312499999 0.5075347222222223 0.09962499999999999 0.5325902777777778
12 0.83611328125 0.5083958333333334 0.0910703125 0.5266527777777777
4 0.6448750000000001 0.4117430555555555 0.13240234374999998 0.3919236111111111
19 0.745734375 0.6115347222222223 0.11098828125 0.10169444444444445
18 0.3041328125 0.6105833333333334 0.06371875 0.09517361111111113
17 0.78231640625 0.25580555555555556 0.16331640625 0.14024305555555555
15 0.9053046874999999 0.5475902777777778 0.02387890625 0.05714583333333334
13 0.911875 0.3890694444444444 0.0391484375 0.16390277777777779
6 0.8866601562499999 0.4194375 0.0516953125 0.30083333333333334