19 0.5230705882352942 0.4087890625 0.09036470588235294 0.0921953125
18 0.5584823529411764 0.719765625 0.06234117647058824 0.057890624999999994
2 0.4586941176470588 0.370015625 0.39454117647058823 0.158390625
12 0.4622235294117647 0.23640625 0.3874823529411765 0.1161796875
15 0.4855294117647059 0.1295 0.06704705882352942 0.046109375
13 0.3593294117647059 0.119484375 0.19110588235294118 0.0604609375
6 0.41516470588235294 0.178875 0.34042352941176474 0.12076562500000002
7 0.3093764705882353 0.7175312500000001 0.2182705882352941 0.37217968749999997
1 0.48660000000000003 0.66753125 0.11624705882352941 0.3752890625
9 0.4176117647058824 0.63228125 0.09591764705882352 0.170421875
8 0.42563529411764706 0.8625390625 0.08843529411764706 0.0647578125
4 0.3831882352941176 0.5034140625 0.3658705882352941 0.1623125
17 0.26381176470588236 0.33699218750000004 0.0997529411764706 0.2642109375