9 0.3839875 0.47713333333333335 0.15525 0.11306666666666668
8 0.16436250000000002 0.4484444444444445 0.0451875 0.09642222222222223
7 0.2937375 0.3201777777777778 0.36225 0.26213333333333333
1 0.3409875 0.5291333333333333 0.35676250000000004 0.11337777777777779
4 0.5057125 0.4126444444444444 0.1450375 0.37666666666666665
2 0.640625 0.4723555555555556 0.1268625 0.4960888888888889
12 0.7577124999999999 0.5104444444444444 0.1035375 0.4145111111111111
13 0.8659625 0.3645333333333333 0.03795 0.2138
15 0.8489125 0.5450444444444444 0.045525 0.07482222222222222
6 0.8305875 0.5151555555555556 0.046625 0.21873333333333334
19 0.60795 0.5804 0.08234999999999999 0.07142222222222222
17 0.6725875000000001 0.2729111111111111 0.2220375 0.13795555555555555