2 0.5581574074074074 0.35759375000000004 0.5909351851851852 0.22521354166666668
12 0.5668981481481481 0.2221875 0.5899074074074074 0.16273958333333333
17 0.3027962962962963 0.30541145833333333 0.14675925925925926 0.3388333333333333
19 0.668574074074074 0.41218229166666664 0.09571296296296297 0.11911979166666667
4 0.44805555555555554 0.5240572916666667 0.4324722222222222 0.20397395833333334
7 0.35408333333333336 0.7757708333333333 0.36797222222222226 0.3393489583333333
9 0.5272592592592593 0.6693020833333333 0.13752777777777778 0.18196874999999998
1 0.6123240740740741 0.6976510416666667 0.13137037037037036 0.38449479166666667
13 0.420787037037037 0.05891145833333333 0.17421296296296296 0.04799479166666667
6 0.5346574074074074 0.11783333333333333 0.4239074074074074 0.12764583333333335
15 0.6238148148148148 0.08446875000000001 0.08644444444444445 0.040078125