9 0.38228333333333336 0.6219187500000001 0.08620833333333333 0.20165624999999998
8 0.37294166666666667 0.90195625 0.08975 0.061731249999999994
7 0.271675 0.73453125 0.17610833333333334 0.42686875
1 0.4350666666666667 0.6747875000000001 0.111975 0.47821874999999997
2 0.42661666666666664 0.33728125 0.3915333333333333 0.15396875
12 0.43520000000000003 0.2059 0.36425833333333335 0.11391875000000001
17 0.22685000000000002 0.29873125 0.11423333333333334 0.280275
15 0.44705833333333334 0.08143125 0.08798333333333333 0.03734375
13 0.254375 0.087675 0.15009166666666668 0.06649375
6 0.3684 0.13616875 0.2806666666666667 0.09484375
4 0.34529166666666666 0.4927125 0.306675 0.17240625
18 0.50325 0.73109375 0.061474999999999995 0.07416249999999999
19 0.49605 0.35755000000000003 0.08596666666666666 0.102075