8 0.7358222222222223 0.23583125 0.053144444444444446 0.11153125
7 0.6748111111111111 0.17051875 0.16892222222222222 0.24331875
1 0.7993888888888889 0.20816874999999999 0.0865 0.27115
16 0.6462222222222223 0.4086625 0.09897777777777778 0.14205625
10 0.7579111111111111 0.39035625 0.31533333333333335 0.08960625
11 0.7842222222222222 0.4517 0.33565555555555554 0.0759
18 0.8132555555555555 0.38098125000000005 0.04625555555555556 0.06030625
3 0.7089333333333333 0.31171875 0.2298888888888889 0.10155625
13 0.682811111111111 0.52286875 0.07372222222222222 0.02498125
13 0.7493111111111111 0.49858125000000003 0.245 0.053625
9 0.6842666666666667 0.63868125 0.06325555555555555 0.042800000000000005
8 0.6501222222222223 0.8466687500000001 0.04956666666666667 0.09785624999999999
7 0.580388888888889 0.75231875 0.18561111111111112 0.305825
1 0.7185333333333332 0.76589375 0.11316666666666667 0.29505
18 0.7255999999999999 0.9358375 0.06477777777777778 0.048600000000000004
16 0.5470888888888888 0.9337875 0.08434444444444444 0.05750625
10 0.6759555555555555 0.92716875 0.33613333333333334 0.048600000000000004
19 0.7823333333333333 0.6718875 0.03353333333333333 0.03321875