7 0.24575000000000002 0.22668229166666667 0.37357407407407406 0.4321041666666667
14 0.42406481481481484 0.3023020833333333 0.16847222222222222 0.1736197916666667
3 0.459712962962963 0.503453125 0.4788055555555556 0.2286875
19 0.7749537037037038 0.27944791666666663 0.12332407407407407 0.05846354166666667
18 0.693712962962963 0.6493333333333333 0.13987037037037037 0.10725520833333334
10 0.6197962962962963 0.6834739583333334 0.7142407407407407 0.19984375
11 0.6864351851851852 0.8323750000000001 0.5697407407407408 0.17720312500000002
16 0.31589814814814815 0.7270572916666667 0.25572222222222224 0.28690625000000003
14 0.7886944444444444 0.9559479166666667 0.10143518518518518 0.046765625000000005
13 0.6301666666666667 0.9732239583333333 0.2782037037037037 0.053546875
5 0.7299166666666667 0.92809375 0.2863425925925926 0.07092708333333334
1 0.5856944444444444 0.28215625 0.26332407407407404 0.47706770833333334