18 0.206765625 0.38675925925925925 0.06430208333333333 0.09701851851851852
16 0.31674479166666664 0.695462962962963 0.26342187499999997 0.08942592592592592
7 0.11153125 0.6140462962962963 0.027479166666666666 0.17658333333333334
3 0.15728125 0.5459722222222222 0.09716666666666667 0.29289814814814813
10 0.2705677083333333 0.4537685185185185 0.14142708333333334 0.49119444444444443
11 0.428125 0.4486111111111111 0.17006249999999998 0.5061296296296296
14 0.65334375 0.40275000000000005 0.18922916666666667 0.11973148148148148
15 0.86884375 0.3935925925925926 0.07075000000000001 0.13382407407407407
13 0.7265625 0.609287037037037 0.3931979166666667 0.27019444444444446
5 0.5071510416666667 0.5083425925925926 0.15725520833333334 0.42371296296296296
0 0.748875 0.4041944444444444 0.29175 0.243