9 0.24984375 0.45443055555555556 0.1264453125 0.08551388888888889
7 0.23484375000000002 0.3223611111111111 0.24878125 0.1824861111111111
1 0.2733203125 0.5126805555555556 0.29340625 0.13508333333333333
4 0.3906015625 0.4286805555555555 0.1799296875 0.29788888888888887
2 0.5620937500000001 0.5099027777777778 0.17867187499999998 0.425625
12 0.7217578125 0.5156527777777777 0.14066406250000002 0.39966666666666667
15 0.8610234374999999 0.538375 0.046054687500000004 0.06588888888888889
13 0.8590234375 0.4073194444444444 0.060703125000000004 0.16395833333333332
6 0.8025546875 0.44976388888888885 0.11858593749999999 0.27755555555555556
17 0.6083984375 0.325625 0.3044765625 0.112625
19 0.52990625 0.5681944444444444 0.06546874999999999 0.09429166666666666