9 0.519 0.5832723577235773 0.09031481481481482 0.09565040650406505
8 0.6927222222222222 0.600670731707317 0.047324074074074074 0.07623983739837398
1 0.5747407407407408 0.541239837398374 0.26505555555555554 0.09967479674796748
7 0.5922037037037038 0.7116056910569106 0.2694074074074074 0.22361788617886177
4 0.448712962962963 0.5765650406504066 0.06393518518518518 0.2294308943089431
2 0.38431481481481483 0.5471951219512196 0.06785185185185186 0.42323170731707316
12 0.3209722222222222 0.5463414634146342 0.0893148148148148 0.4249186991869919
15 0.2364074074074074 0.511849593495935 0.029750000000000002 0.08154471544715447
13 0.23163888888888887 0.6510569105691056 0.02947222222222222 0.19396341463414635
6 0.2552037037037037 0.5557723577235772 0.04265740740740741 0.16601626016260165
17 0.34952777777777777 0.7566666666666666 0.14024074074074075 0.09351626016260162
19 0.4024537037037037 0.488760162601626 0.04701851851851852 0.10310975609756097
18 0.6518611111111111 0.4967682926829268 0.0350462962962963 0.07170731707317074