9 0.0949246231155779 0.5435185185185185 0.0792964824120603 0.11259259259259259
8 0.35934673366834174 0.5496296296296296 0.19311557788944725 0.14379629629629628
7 0.2445226130653266 0.7042592592592593 0.4320603015075377 0.30666666666666664
1 0.2772361809045226 0.4811111111111111 0.3985427135678392 0.16685185185185183
3 0.49452261306532663 0.6144444444444445 0.16869346733668342 0.4743518518518518
10 0.6384422110552763 0.4610185185185185 0.18236180904522611 0.6558333333333333
11 0.7917085427135679 0.44472222222222224 0.16763819095477386 0.6286111111111111
14 0.9290452261306532 0.32675925925925925 0.061708542713567835 0.13907407407407407
13 0.9665829145728643 0.6042592592592593 0.05457286432160804 0.22592592592592592
5 0.898391959798995 0.5166666666666666 0.10236180904522614 0.512037037037037
16 0.708894472361809 0.7585185185185185 0.32030150753768843 0.13842592592592592
18 0.6077889447236181 0.3875925925925926 0.09999999999999999 0.15314814814814814