9 0.5076142131979695 0.6173928571428572 0.08813451776649747 0.20224999999999999
8 0.5106091370558375 0.8855357142857143 0.08777918781725888 0.05639285714285715
7 0.39005076142131984 0.7130214285714286 0.27813451776649745 0.43
1 0.5867639593908629 0.6626214285714286 0.13856598984771573 0.46413571428571426
19 0.6308375634517767 0.35432142857142856 0.11247461928934009 0.09039285714285714
17 0.33928934010152284 0.29667857142857146 0.1765989847715736 0.25010714285714286
2 0.5428934010152284 0.3365642857142857 0.5647715736040609 0.17987142857142857
12 0.5460659898477157 0.23785714285714285 0.5584263959390863 0.1360357142857143
6 0.5615736040609137 0.12824285714285713 0.38639593908629444 0.12037857142857143
13 0.4353553299492386 0.08817142857142857 0.2101015228426396 0.05451428571428571
15 0.5851776649746193 0.09610714285714286 0.09096446700507616 0.041814285714285714
4 0.48805837563451776 0.44419285714285717 0.34724619289340103 0.17727857142857142