7 0.27723577235772356 0.5951574074074074 0.20619918699186993 0.2661851851851852
9 0.41664634146341467 0.5170740740740741 0.08754065040650406 0.0915
8 0.398150406504065 0.6933148148148148 0.0957520325203252 0.053037037037037035
1 0.4533943089430894 0.5789351851851852 0.07973577235772357 0.26872222222222225
4 0.3665447154471545 0.4454074074074074 0.29449186991869913 0.07780555555555556
2 0.44611788617886183 0.3796851851851852 0.43103658536585365 0.07281481481481482
12 0.44662601626016263 0.31587037037037036 0.43823170731707317 0.08827777777777777
15 0.4769918699186992 0.23797222222222222 0.08180894308943089 0.02712037037037037
13 0.31603658536585366 0.23567592592592593 0.15733739837398372 0.04105555555555556
6 0.42341463414634145 0.2595648148148148 0.20949186991869917 0.04561111111111111
17 0.22979674796747968 0.34878703703703706 0.07520325203252033 0.1438148148148148
19 0.5103658536585366 0.40485185185185185 0.08077235772357724 0.05224074074074074
18 0.5074796747967479 0.6535370370370371 0.06599593495934959 0.03726851851851852