9 0.5053125 0.5217555555555555 0.20091875 0.15947777777777777
8 0.8224375 0.5048444444444444 0.06955 0.14787777777777777
1 0.59403125 0.41483333333333333 0.44398125 0.20675555555555558
7 0.63224375 0.6913666666666667 0.49540625 0.2542666666666667
4 0.3802375 0.5211 0.14139374999999998 0.4196
2 0.27596875 0.41754444444444444 0.11410624999999999 0.5899444444444445
12 0.19201875000000002 0.37577777777777777 0.10870625 0.5119777777777778
15 0.115875 0.32285555555555556 0.056425 0.07278888888888889
13 0.1013875 0.4898111111111111 0.07119375 0.1678222222222222
6 0.1468375 0.4745111111111111 0.05665 0.3516666666666667
17 0.23200625 0.6517444444444445 0.17930625 0.19724444444444444
19 0.27405 0.3099666666666667 0.1009 0.11368888888888888
18 0.7054625 0.3143888888888889 0.07621875 0.09475555555555555