18 0.5847301587301588 0.5651666666666667 0.14482539682539683 0.10896666666666666
7 0.254984126984127 0.21901666666666667 0.3425079365079365 0.40001666666666663
3 0.4128253968253968 0.4544666666666667 0.44533333333333336 0.19576666666666664
8 0.4615238095238095 0.3065333333333333 0.16031746031746033 0.18336666666666665
1 0.5482857142857143 0.2677333333333333 0.1502857142857143 0.3900666666666667
10 0.5412698412698412 0.6341666666666667 0.6213968253968254 0.1678
11 0.5613015873015873 0.80385 0.6318730158730158 0.16781666666666667
14 0.633968253968254 0.9550833333333333 0.14012698412698413 0.05965
13 0.39714285714285713 0.9580166666666666 0.24580952380952384 0.06135
5 0.5353015873015873 0.92205 0.3158095238095238 0.07273333333333333
16 0.2319047619047619 0.69235 0.20107936507936508 0.3466666666666667