19 0.6045572916666667 0.48108333333333336 0.09782291666666666 0.1253611111111111
9 0.3149635416666667 0.33437962962962964 0.18173958333333334 0.12187962962962963
8 0.07264583333333333 0.3324907407407407 0.0460625 0.10884259259259259
7 0.22192708333333336 0.1835277777777778 0.405703125 0.25536111111111115
4 0.4336302083333334 0.31097222222222226 0.24499479166666666 0.4084074074074074
1 0.25389062500000004 0.41714814814814816 0.37729166666666664 0.16241666666666665
2 0.6408541666666667 0.40172222222222226 0.19289583333333335 0.5297222222222222
12 0.7929635416666667 0.4284722222222222 0.15393229166666667 0.4678055555555556
17 0.6889791666666666 0.1735462962962963 0.3334114583333333 0.16596296296296298
15 0.946796875 0.4612222222222222 0.052171875 0.11631481481481482
13 0.9485104166666667 0.3093333333333333 0.058208333333333334 0.20141666666666666
6 0.8983229166666666 0.37757407407407406 0.10886979166666667 0.29624074074074075