19 0.6604761904761904 0.4706923076923077 0.14103174603174604 0.07757142857142857
9 0.46584656084656084 0.7196263736263736 0.15235449735449735 0.16726373626373628
7 0.2966137566137566 0.7803076923076924 0.3121164021164021 0.3026043956043956
1 0.5725132275132275 0.728010989010989 0.20698412698412696 0.3472967032967033
4 0.4424867724867725 0.5833956043956043 0.5289153439153439 0.17424175824175825
2 0.567037037037037 0.4098461538461538 0.6646560846560847 0.18193406593406594
12 0.5802645502645503 0.24700000000000003 0.6382010582010582 0.14824175824175825
15 0.6464021164021164 0.0960989010989011 0.12796296296296295 0.05051648351648352
13 0.40021164021164024 0.09716483516483516 0.262989417989418 0.06834065934065933
6 0.4852645502645503 0.17287912087912088 0.47084656084656085 0.09734065934065934
17 0.24164021164021166 0.3738021978021978 0.1403174603174603 0.34219780219780216