9 0.06704615384615384 0.5112295081967213 0.03893846153846154 0.12721311475409836
8 0.34986153846153845 0.5332581967213115 0.21227692307692306 0.12346311475409837
1 0.2910153846153846 0.46325819672131147 0.45355384615384614 0.1610860655737705
7 0.24473846153846157 0.6710040983606557 0.43243076923076923 0.24450819672131147
3 0.5083692307692308 0.5420491803278689 0.20243076923076925 0.3538729508196721
10 0.6885384615384615 0.4582377049180328 0.16026153846153846 0.5125409836065574
11 0.8223230769230769 0.4320491803278689 0.13312307692307693 0.4603688524590164
16 0.7227076923076923 0.6684426229508197 0.31143076923076923 0.16372950819672133
13 0.9539076923076922 0.552704918032787 0.04484615384615384 0.14030737704918034
5 0.9164615384615385 0.4075819672131148 0.05516923076923077 0.1842622950819672
18 0.6523384615384615 0.39204918032786884 0.07127692307692307 0.11221311475409836