8 0.7451648351648352 0.46905 0.09278846153846153 0.055475000000000003
7 0.7727472527472526 0.407075 0.166510989010989 0.129425
1 0.7471703296703297 0.5015999999999999 0.18406593406593408 0.06535
18 0.6103708791208792 0.5338 0.05468406593406594 0.0454
16 0.5579807692307692 0.383125 0.15653846153846154 0.094025
3 0.6614010989010989 0.493875 0.07943681318681318 0.13635
10 0.5827472527472528 0.477375 0.11449175824175824 0.288775
11 0.5166895604395604 0.477975 0.09396978021978021 0.268125
5 0.46188186813186816 0.47712499999999997 0.062019230769230764 0.13655
13 0.43846153846153846 0.42705 0.03366758241758242 0.10060000000000001
14 0.43678571428571433 0.48745 0.021744505494505493 0.04645