8 0.32369704749679074 0.4647425474254743 0.20206675224646983 0.16989159891598915
7 0.23668806161745828 0.6731978319783197 0.40460847240051345 0.33284552845528453
1 0.296007702182285 0.3648509485094851 0.4804749679075738 0.211029810298103
19 0.31836970474967907 0.23791327913279134 0.054505776636713736 0.06552845528455284
18 0.6482541720154044 0.2596476964769648 0.12092426187419769 0.11504065040650407
10 0.6817843388960205 0.3792682926829268 0.1965211810012837 0.6855013550135501
11 0.8489216944801026 0.346449864498645 0.13715019255455713 0.6198644986449864
16 0.7320924261874198 0.6836314363143631 0.3370860077021823 0.18615176151761517
14 0.9638125802310654 0.28617886178861784 0.047419768934531446 0.1440379403794038
13 0.975609756097561 0.5162330623306234 0.04878048780487805 0.184769647696477
5 0.9291270860077021 0.4363956639566396 0.09086007702182285 0.44084010840108395
3 0.48720154043645697 0.49428184281842813 0.22609756097560976 0.5237940379403794