1 0.6311458333333333 0.5105833333333333 0.30550520833333333 0.12885185185185186
8 0.6203749999999999 0.4335185185185185 0.14833333333333334 0.0580462962962963
7 0.678265625 0.3599537037037037 0.28689583333333335 0.2627777777777778
3 0.5043489583333334 0.3953611111111111 0.14391666666666666 0.3181481481481482
16 0.35221874999999997 0.27851851851851855 0.2263177083333333 0.11841666666666667
10 0.3779375 0.43812962962962965 0.163671875 0.44382407407407404
11 0.26908333333333334 0.4470462962962963 0.12825 0.436962962962963
18 0.41338541666666667 0.5194166666666666 0.06963020833333333 0.07552777777777778
5 0.20218229166666665 0.40787962962962965 0.08367708333333333 0.2876296296296296
13 0.17642708333333335 0.3511296296296297 0.04143229166666666 0.16796296296296298
14 0.16895312499999998 0.4542592592592593 0.023395833333333334 0.04398148148148148