18 0.5802439024390244 0.6296 0.09318949343339587 0.101625
19 0.6186303939962476 0.252075 0.08953095684803002 0.07155
1 0.5122701688555348 0.30798749999999997 0.16091932457786115 0.4333875
8 0.4210131332082552 0.3579375 0.13386491557223262 0.19399999999999998
7 0.2500750469043152 0.25346250000000003 0.29054409005628523 0.438625
3 0.4350281425891182 0.505025 0.3495121951219512 0.161825
10 0.5266416510318949 0.6625375 0.5220450281425891 0.14606249999999998
11 0.5561350844277674 0.7869375 0.46307692307692305 0.1211375
14 0.6431144465290807 0.8926625 0.07954971857410882 0.049175
13 0.43429643527204503 0.9101874999999999 0.21939962476547842 0.0627875
5 0.5888930581613508 0.874325 0.2123452157598499 0.0696375
5 0.28393996247654785 0.6952124999999999 0.20818011257035646 0.272125