7 0.3838157894736842 0.6742772861356933 0.23481578947368423 0.38125368731563425
7 0.6101578947368421 0.6296755162241888 0.14365789473684212 0.387094395280236
4 0.527078947368421 0.453834808259587 0.4161315789473684 0.14029498525073747
2 0.5995263157894737 0.3297050147492625 0.47328947368421054 0.11163716814159291
12 0.6152105263157894 0.2256047197640118 0.4578684210526316 0.09355457227138643
13 0.4829473684210527 0.1316519174041298 0.1641315789473684 0.043289085545722715
15 0.6563947368421053 0.1366371681415929 0.07242105263157894 0.030324483775811206
6 0.610421052631579 0.15674041297935104 0.1909736842105263 0.03775811209439528
17 0.3782105263157895 0.29699115044247787 0.11839473684210527 0.23960176991150442
9 0.5298684210526315 0.5875663716814159 0.12344736842105263 0.1914306784660767
8 0.5357105263157894 0.8179056047197639 0.11176315789473684 0.05231563421828908
19 0.6833947368421053 0.35920353982300884 0.10884210526315789 0.08541297935103244