1 0.329537037037037 0.44420972644376905 0.5344537037037037 0.2886474164133739
7 0.2799259259259259 0.7682370820668692 0.5542870370370371 0.33875379939209727
8 0.40108333333333335 0.5860790273556231 0.2542592592592593 0.19028875379939209
9 0.05341666666666667 0.5541337386018237 0.06687962962962964 0.14375379939209726
3 0.5780277777777778 0.5402279635258359 0.19343518518518518 0.4832522796352584
10 0.7328611111111111 0.39106382978723403 0.15591666666666665 0.651322188449848
11 0.8413240740740741 0.33702127659574466 0.14037962962962963 0.5422948328267477
14 0.9307962962962962 0.25226443768996965 0.04386111111111111 0.10451367781155015
16 0.7615462962962963 0.6400303951367781 0.24767592592592594 0.26779635258358664
19 0.24871296296296297 0.28393617021276596 0.06592592592592593 0.07667173252279635
18 0.7014722222222223 0.3120516717325228 0.09843518518518518 0.1111854103343465
13 0.9398148148148148 0.4477963525835866 0.035444444444444445 0.15130699088145896
5 0.90675 0.40773556231003044 0.07512037037037037 0.38785714285714284