9 0.4768187830687831 0.07458823529411765 0.040734126984126984 0.0748470588235294
8 0.47230820105820104 0.503964705882353 0.04304232804232804 0.2109058823529412
7 0.4018121693121693 0.3177764705882353 0.14203703703703702 0.6250941176470589
1 0.5043783068783069 0.3629647058823529 0.056170634920634926 0.5944705882352941
3 0.4526785714285715 0.6306588235294117 0.1511772486772487 0.23236470588235292
10 0.4883267195767196 0.7505411764705883 0.2831547619047619 0.18678823529411767
11 0.494781746031746 0.8358705882352941 0.24671957671957673 0.16549411764705882
16 0.39708333333333334 0.7976823529411764 0.07589285714285714 0.25381176470588235
18 0.5245899470899471 0.7227176470588235 0.049351851851851855 0.14085882352941176
5 0.46301587301587305 0.9205411764705883 0.14561507936507936 0.14098823529411766
19 0.5358201058201058 0.17849411764705883 0.030244708994708994 0.09107058823529411