19 0.31745 0.49013333333333337 0.047675 0.0712
18 0.6553 0.43235555555555555 0.080775 0.09395555555555556
1 0.39890000000000003 0.5511111111111111 0.356175 0.20635555555555554
7 0.388975 0.7572 0.414775 0.27875555555555553
9 0.23600000000000002 0.666711111111111 0.060700000000000004 0.12475555555555555
8 0.49439999999999995 0.6037333333333333 0.1349 0.13706666666666667
3 0.60365 0.5957777777777779 0.10215 0.3166222222222222
10 0.6611 0.5175555555555555 0.0891 0.4502666666666667
11 0.7230249999999999 0.5082222222222222 0.09675 0.4345777777777778
16 0.705475 0.7096888888888889 0.140375 0.12844444444444444
5 0.78645 0.5139555555555556 0.035675 0.2696