4 0.4788098039215686 0.6883029411764706 0.08428039215686274 0.1765764705882353
1 0.5890980392156863 0.6429941176470588 0.23688235294117646 0.09750882352941176
9 0.5470843137254903 0.6917323529411764 0.10579803921568628 0.06949705882352941
8 0.708943137254902 0.677835294117647 0.0269 0.06522941176470588
7 0.6161039215686275 0.7713676470588235 0.23991372549019607 0.1542558823529412
2 0.4058725490196078 0.6379705882352941 0.07565882352941176 0.28745882352941177
12 0.3556019607843137 0.6239 0.06923725490196078 0.2514764705882353
15 0.3055392156862745 0.5734676470588235 0.014864705882352941 0.038847058823529415
13 0.2986470588235294 0.6572970588235294 0.016764705882352942 0.08493529411764705
6 0.31531372549019604 0.6043294117647058 0.02264901960784314 0.09468529411764706
17 0.38739411764705883 0.7487911764705882 0.11974705882352941 0.10322058823529412
19 0.42586666666666667 0.5956470588235294 0.059439215686274506 0.06751764705882353
18 0.616843137254902 0.5794794117647059 0.038776470588235294 0.041070588235294116