9 0.7687733333333334 0.52644 0.059853333333333335 0.09544
8 0.49966666666666665 0.49007999999999996 0.17781333333333335 0.0785
7 0.61988 0.38482 0.42713333333333336 0.20666
1 0.5820666666666667 0.57356 0.37509333333333333 0.12472
3 0.3781333333333334 0.4672 0.09117333333333333 0.2914
10 0.2910933333333333 0.5316000000000001 0.08422666666666667 0.35886
11 0.22118666666666664 0.52796 0.06886666666666666 0.35158
16 0.27254666666666666 0.34002 0.16979999999999998 0.07823999999999999
13 0.16192 0.4098 0.03386666666666666 0.09128
5 0.18741333333333335 0.45552 0.04137333333333333 0.22272
18 0.32026666666666664 0.59696 0.08568 0.06824