9 0.63553125 0.47200925925925924 0.21184375 0.10725
8 0.907296875 0.46549074074074076 0.04183333333333333 0.057185185185185186
1 0.6727291666666667 0.38301851851851854 0.48935937500000004 0.14532407407407405
7 0.719796875 0.5922777777777778 0.4446145833333333 0.26446296296296296
17 0.28254687500000003 0.6061666666666666 0.25413020833333333 0.21199074074074073
19 0.3492395833333333 0.31092592592592594 0.09605208333333333 0.0782962962962963
2 0.33298958333333334 0.41103703703703703 0.17639583333333334 0.5446481481481482
12 0.22961979166666666 0.38575000000000004 0.149359375 0.5184166666666666
6 0.12930729166666668 0.36921296296296297 0.07838541666666667 0.26894444444444443
13 0.10071354166666667 0.5231851851851852 0.03745833333333334 0.11187037037037037
4 0.47478125000000004 0.4580277777777778 0.16291145833333334 0.3272314814814815