0 0.7009624999999999 0.45626 0.205575 0.15519999999999998
14 0.6476375 0.45983999999999997 0.137375 0.06698
15 0.7886375 0.45704 0.0424625 0.061380000000000004
13 0.6858375 0.55328 0.28302499999999997 0.17078
5 0.52455 0.49783999999999995 0.133525 0.17394
3 0.24489999999999998 0.50328 0.0834625 0.18766
7 0.1932875 0.54 0.0267625 0.11345999999999999
8 0.1998 0.47486 0.022475000000000002 0.05088
1 0.2401875 0.4325 0.07752500000000001 0.04616
10 0.35548749999999996 0.45846 0.1377 0.3073
11 0.46208750000000004 0.46136 0.1087125 0.30226
16 0.3697 0.5981000000000001 0.21420000000000003 0.08112
18 0.2987125 0.4081 0.041449999999999994 0.05582