9 0.44324166666666664 0.39736351531291614 0.24219166666666667 0.1544340878828229
8 0.06314166666666667 0.4733555259653795 0.06594166666666666 0.15243675099866844
7 0.28770833333333334 0.25914780292942746 0.5350666666666667 0.30990679094540613
1 0.3692333333333333 0.5461784287616511 0.644775 0.2874300932090546
6 0.6081583333333334 0.4504527296937417 0.19069166666666668 0.3482290279627164
2 0.77135 0.6063249001331559 0.21098333333333333 0.563901464713715
17 0.7662833333333333 0.3681890812250333 0.26888333333333336 0.25633821571238347
19 0.745675 0.7014647137150466 0.13433333333333333 0.10266311584553928
6 0.9098499999999999 0.5798135818908122 0.07267499999999999 0.31209054593874835
15 0.924775 0.7705592543275633 0.045858333333333334 0.07575233022636485
18 0.2883833333333333 0.7735818908122504 0.07308333333333333 0.10841544607190413