1 0.5544092827004219 0.4590625 0.5337271448663854 0.1615375
9 0.4631153305203938 0.5559375 0.21928270042194092 0.14277499999999999
8 0.8127496483825598 0.5547249999999999 0.05015471167369901 0.1091
7 0.5957735583684951 0.7056625 0.5197679324894515 0.3016
4 0.32626582278481014 0.5526375 0.160070323488045 0.3549125
2 0.2129957805907173 0.4943875 0.13855836849507736 0.5852875000000001
12 0.1660618846694796 0.49707500000000004 0.1181504922644163 0.5938
17 0.1801336146272855 0.71235 0.14910689170182842 0.14935
19 0.22492264416315047 0.36298749999999996 0.10329817158931082 0.07875
6 0.09246132208157525 0.4801625 0.049099859353023904 0.2693375
18 0.6508509142053446 0.3688 0.039191279887482416 0.055999999999999994