19 0.5596574074074073 0.36986458333333333 0.08088888888888889 0.059921875
18 0.5831481481481481 0.6396458333333332 0.04738888888888889 0.03528125
7 0.3369259259259259 0.6187708333333333 0.2030925925925926 0.30603125000000003
9 0.4438333333333333 0.5448697916666667 0.08357407407407408 0.1415625
8 0.4490555555555556 0.7353020833333334 0.08660185185185185 0.03701041666666667
1 0.506212962962963 0.5784010416666666 0.1305462962962963 0.29404166666666665
4 0.43524999999999997 0.4492291666666667 0.29603703703703704 0.109375
2 0.4948518518518519 0.34694791666666663 0.38561111111111107 0.09818229166666666
12 0.5077314814814815 0.2614270833333333 0.3632222222222222 0.07051041666666666
15 0.5222037037037037 0.19413020833333333 0.051425925925925924 0.023416666666666665
13 0.39340740740740743 0.1939375 0.12717592592592591 0.03136979166666667
6 0.46 0.21918229166666667 0.2566481481481482 0.04939583333333333
17 0.32278703703703704 0.3291354166666667 0.10342592592592594 0.17733333333333334