19 0.42319999999999997 0.3458 0.08925 0.063125
17 0.30606666666666665 0.6195499999999999 0.34501666666666664 0.1294
15 0.04226666666666667 0.36707500000000004 0.03861666666666667 0.065025
13 0.0451 0.508975 0.06498333333333334 0.189475
12 0.20305 0.39890000000000003 0.19544999999999998 0.45685000000000003
2 0.36626666666666663 0.40725 0.19686666666666666 0.4985
4 0.5404666666666667 0.4207 0.19111666666666666 0.21605
7 0.75895 0.56975 0.38016666666666665 0.27905
9 0.6955666666666667 0.42115 0.18465 0.1013
1 0.7160666666666666 0.3728 0.38815 0.095225
6 0.06918333333333333 0.43155 0.09276666666666666 0.2749