1 0.4892708333333333 0.6552047781569965 0.1220625 0.4630204778156996
9 0.43254166666666666 0.6075597269624573 0.0709375 0.19708191126279861
8 0.438875 0.877815699658703 0.04777083333333333 0.042610921501706485
7 0.32416666666666666 0.7201023890784983 0.18958333333333333 0.4159556313993174
17 0.3253333333333333 0.29902730375426617 0.1199375 0.26261092150170645
2 0.45339583333333333 0.34815699658703075 0.40258333333333335 0.18090443686006827
12 0.4518125 0.22940273037542663 0.3956458333333333 0.1481740614334471
19 0.52725 0.3510921501706485 0.07304166666666667 0.08127986348122868
4 0.39783333333333337 0.4641467576791809 0.3015625 0.13090443686006825
6 0.448125 0.1378839590443686 0.302 0.12440273037542664
15 0.4870625 0.0995221843003413 0.05239583333333333 0.027372013651877133