1 0.461806640625 0.39836805555555554 0.36412109375 0.09873263888888889
9 0.292470703125 0.45795138888888887 0.05384765625 0.08850694444444444
8 0.55388671875 0.45157986111111115 0.118603515625 0.10413194444444444
7 0.43419921875 0.5662152777777778 0.404794921875 0.21032986111111113
3 0.64041015625 0.49274305555555553 0.07865234375 0.29649305555555555
10 0.691455078125 0.43581597222222224 0.067744140625 0.36614583333333334
11 0.729873046875 0.4381076388888889 0.0638671875 0.36786458333333333
16 0.7165234375 0.6042534722222223 0.106513671875 0.09699652777777777
5 0.769833984375 0.47751736111111115 0.033798828125 0.1943576388888889
19 0.354091796875 0.35598958333333336 0.040380859375 0.04869791666666667
18 0.688076171875 0.35168402777777774 0.076240234375 0.07164930555555556