18 0.23123046875000003 0.6118344308560677 0.03728515625 0.06049858889934149
10 0.22975390624999997 0.5579962370649106 0.0749609375 0.3554656632173095
11 0.18704296874999998 0.5840169332079022 0.0645390625 0.3736406396989652
8 0.34160546875 0.5317685794920037 0.0903984375 0.10357478833490122
9 0.48372265625 0.5183913452492944 0.028210937499999998 0.0768203198494826
7 0.39995703125 0.4131326434619003 0.22630468750000002 0.22379115710253997
1 0.38359375 0.5681467544684855 0.20763671874999998 0.12112888052681091
16 0.20891406250000003 0.44501411100658517 0.09172265625 0.19347130761994355
14 0.15131640625 0.608805268109125 0.016523437499999998 0.04315145813734713
13 0.15309765625 0.5585230479774225 0.0435234375 0.1269802445907808
3 0.28171484375 0.4983254938852305 0.0918984375 0.2373565380997178