1 0.4703833333333334 0.5878 0.290525 0.0846125
9 0.4147 0.6314500000000001 0.11665833333333334 0.07506249999999999
8 0.6117 0.631625 0.031000000000000003 0.0691625
7 0.5040083333333333 0.7553125 0.3047666666666667 0.1634125
4 0.31995833333333334 0.6663375 0.08759166666666666 0.2385875
2 0.25032499999999996 0.6084499999999999 0.11208333333333333 0.362725
12 0.1906 0.60445 0.08154166666666667 0.36792499999999995
17 0.219425 0.753925 0.138625 0.1106375
19 0.2715666666666667 0.5605375 0.065825 0.06136250000000001
6 0.13810833333333333 0.57755 0.06360833333333334 0.23287500000000003
15 0.12294166666666667 0.55585 0.031425 0.04573750000000001