19 0.18110625 0.51715 0.05695625 0.05720833333333334
7 0.04081875 0.3565833333333333 0.048875 0.13609166666666667
4 0.10439999999999999 0.407075 0.12146875 0.24706666666666668
9 0.045193750000000005 0.4489916666666666 0.040125 0.054233333333333335
2 0.2524125 0.46718333333333334 0.20157499999999998 0.3539583333333333
12 0.42338749999999997 0.4670916666666667 0.20712499999999998 0.354425
6 0.584425 0.43356666666666666 0.2685875 0.29401666666666665
13 0.79750625 0.3172 0.36975 0.19064166666666668
17 0.303225 0.28025833333333333 0.32868125 0.076775
15 0.761875 0.45814166666666667 0.16598749999999998 0.10254166666666667
14 0.93955 0.46004999999999996 0.0538375 0.056341666666666665
0 0.86250625 0.4633583333333333 0.18974375 0.18295833333333333