18 0.33249462365591403 0.6313709677419355 0.09126881720430106 0.08635483870967742
7 0.7143010752688171 0.3653870967741935 0.44865591397849464 0.2927258064516129
1 0.6545053763440861 0.6215161290322581 0.4270322580645161 0.10606451612903227
8 0.5972580645161291 0.5481451612903226 0.2026236559139785 0.1062741935483871
9 0.8718924731182796 0.5748548387096775 0.042225806451612904 0.09519354838709677
3 0.44790322580645164 0.4881774193548387 0.15155913978494623 0.3434516129032258
10 0.3065913978494624 0.5668064516129032 0.1278709677419355 0.5020161290322581
11 0.18575268817204302 0.5788709677419355 0.11320430107526881 0.46161290322580645
14 0.09359139784946237 0.6128064516129033 0.041182795698924725 0.0779032258064516
13 0.08805376344086022 0.45669354838709675 0.058774193548387095 0.1491774193548387
5 0.12134408602150537 0.5783548387096774 0.046505376344086025 0.1272741935483871
16 0.2672795698924731 0.33961290322580645 0.22606451612903228 0.12288709677419354