9 0.6323958333333334 0.5402407407407408 0.17953125 0.13262037037037036
1 0.6860364583333334 0.47740740740740745 0.425703125 0.14582407407407408
8 0.9120260416666667 0.5337314814814814 0.0478125 0.13193518518518518
17 0.2957604166666667 0.7549907407407407 0.2493125 0.16396296296296298
2 0.33896875000000004 0.48133333333333334 0.16906770833333334 0.72775
12 0.211484375 0.47026851851851853 0.16402604166666668 0.6593425925925926
19 0.3671302083333333 0.3738518518518518 0.100390625 0.08686111111111111
7 0.7417916666666666 0.71675 0.44693229166666665 0.2788425925925926
4 0.474640625 0.5345833333333333 0.18172395833333335 0.3496759259259259
6 0.11242708333333334 0.4276759259259259 0.10172916666666666 0.30562962962962964
13 0.06854166666666667 0.5965648148148148 0.05703125 0.16810185185185186
15 0.08170833333333333 0.40085185185185185 0.015598958333333333 0.13160185185185186