1 0.29058854166666664 0.40429629629629626 0.47673437500000004 0.28486111111111106
7 0.23222395833333334 0.7428518518518519 0.42771875000000004 0.3647592592592593
3 0.50353125 0.5274907407407408 0.21196354166666667 0.4409722222222222
8 0.34018229166666664 0.5568240740740741 0.24258854166666666 0.17325925925925925
10 0.688078125 0.3982222222222222 0.20223958333333333 0.7039537037037037
11 0.842796875 0.3471018518518519 0.16363541666666667 0.6059166666666667
14 0.955140625 0.1991203703703704 0.04021875 0.11062037037037037
13 0.9724843750000001 0.37683333333333335 0.037078124999999997 0.2700555555555556
5 0.9324739583333332 0.25410185185185186 0.07608333333333334 0.25299074074074074
16 0.726328125 0.6794537037037036 0.29659895833333333 0.2518425925925926
18 0.6454114583333334 0.3081944444444445 0.11275520833333334 0.11537962962962962
19 0.29188020833333334 0.2272037037037037 0.057442708333333335 0.0880925925925926