2 0.5778196347031964 0.6040373831775702 0.25931506849315067 0.4694018691588785
12 0.35773972602739723 0.6026542056074766 0.24109589041095889 0.4666355140186916
19 0.6655479452054794 0.5480560747663551 0.04664383561643835 0.08020560747663551
4 0.7722716894977169 0.6668598130841121 0.16304794520547947 0.30222429906542053
9 0.8900799086757991 0.6547476635514019 0.06950913242009132 0.06616822429906542
7 0.8831506849315068 0.7598878504672898 0.10704337899543379 0.15493457943925235
17 0.5100114155251141 0.7956261682242991 0.41860730593607304 0.13607476635514018
6 0.21344748858447488 0.597196261682243 0.22690639269406393 0.32801869158878505
13 0.12052511415525113 0.6938691588785048 0.1133675799086758 0.231607476635514
15 0.11238584474885845 0.5497009345794392 0.07044520547945206 0.07414953271028038
1 0.8216894977168949 0.5838878504672897 0.17246575342465756 0.1082429906542056