0 0.25236328125 0.47572474377745244 0.2923828125 0.4519912152269399
13 0.305634765625 0.6850219619326501 0.426826171875 0.25
15 0.412802734375 0.4034260614934114 0.083125 0.3115666178623719
14 0.153623046875 0.4147437774524158 0.0865234375 0.2547291361639824
12 0.613896484375 0.42821376281112744 0.180673828125 0.44061493411420205
2 0.728984375 0.41506588579795023 0.17888671875 0.42232796486090773
6 0.501455078125 0.5132064421669107 0.182314453125 0.2592240117130308
19 0.7915234375 0.32838945827232796 0.05373046875 0.07783308931185944
4 0.837880859375 0.45171303074670566 0.072626953125 0.2486237188872621
7 0.896982421875 0.4556808199121523 0.05064453125 0.12355783308931186
17 0.726083984375 0.6285944363103952 0.235341796875 0.18043923865300146