15 0.1065179856115108 0.4300993377483444 0.03772661870503597 0.09079470198675497
13 0.08025179856115108 0.5959161147902869 0.03794244604316547 0.18696467991169977
6 0.12646762589928057 0.5150110375275938 0.056669064748201436 0.27286975717439294
17 0.24698561151079138 0.6925496688741722 0.2299208633093525 0.13740618101545254
1 0.6407769784172661 0.44580573951434876 0.5019352517985612 0.12956953642384106
9 0.5328561151079136 0.5164459161147903 0.1661798561151079 0.10527593818984547
8 0.8640215827338129 0.5337417218543046 0.07071223021582734 0.11411699779249448
7 0.6863453237410072 0.6467218543046357 0.5307122302158274 0.2591501103752759
2 0.2823525179856115 0.47508830022075055 0.1112158273381295 0.47877483443708607
12 0.19143884892086332 0.472075055187638 0.1164388489208633 0.4580463576158941
4 0.40629496402877696 0.5346578366445915 0.13368345323741007 0.35228476821192056
19 0.30415107913669065 0.3809492273730684 0.10685611510791367 0.09550772626931567
18 0.7370287769784173 0.3833774834437086 0.05653237410071942 0.06726269315673289