19 0.6201881467544684 0.768703125 0.08851364063969897 0.04190234375
9 0.5082314205079962 0.5165 0.08662276575729068 0.02811328125
8 0.516095954844779 0.65446875 0.09483537158984008 0.0899921875
7 0.36694261523988714 0.593953125 0.18787394167450613 0.22521484374999998
1 0.5704985888993416 0.6206875000000001 0.10578551269990592 0.21149218749999998
3 0.4987394167450611 0.72726171875 0.2595578551269991 0.05973437499999999
16 0.3973095014111006 0.79091796875 0.11688617121354657 0.092578125
10 0.555277516462841 0.76894921875 0.3312323612417686 0.062703125
11 0.5671589840075258 0.811625 0.32113828786453436 0.048320312500000004
15 0.6062464722483538 0.8514921875000001 0.07191909689557856 0.0239453125
5 0.5898306679209784 0.84197265625 0.11843838193791158 0.024531249999999998
13 0.48180620884289743 0.86061328125 0.14289746001881468 0.02415625