9 0.6000052083333334 0.6665555555555556 0.109078125 0.07616666666666667
8 0.7457760416666667 0.6740092592592593 0.028593749999999998 0.054037037037037036
1 0.6293645833333333 0.6256203703703703 0.230296875 0.07631481481481482
4 0.520828125 0.6872777777777778 0.086140625 0.2104259259259259
2 0.4373229166666667 0.6400092592592593 0.08133333333333333 0.29026851851851854
12 0.36403125000000003 0.6350277777777779 0.06420833333333334 0.26178703703703704
14 0.3086979166666667 0.6151111111111112 0.021994791666666666 0.04206481481481481
13 0.30683333333333335 0.7104907407407408 0.025718750000000002 0.08201851851851852
6 0.33182812500000003 0.6820462962962963 0.041859375000000004 0.17591666666666667
17 0.416421875 0.7690925925925925 0.14071875 0.08017592592592593
19 0.45003645833333333 0.5955092592592592 0.05319270833333333 0.07164814814814814
7 0.6561822916666666 0.767212962962963 0.219953125 0.13198148148148148