9 0.33625 0.7507027818448023 0.1123828125 0.06288433382137629
9 0.750517578125 0.7437481698389459 0.1184375 0.06200585651537335
8 0.51322265625 0.7539531478770133 0.036640625 0.05638360175695461
8 0.89740234375 0.7357686676427525 0.0476171875 0.07206442166910688
7 0.40673828125 0.8231332357247438 0.2772265625 0.11014641288433383
7 0.826435546875 0.8150658857979503 0.25072265625 0.12330893118594437
1 0.403828125 0.7117423133235725 0.247529296875 0.07282576866764276
1 0.80087890625 0.7050073206442167 0.216982421875 0.0626207906295754
2 0.1984375 0.7146559297218156 0.062451171875 0.2738799414348463
2 0.629677734375 0.722796486090776 0.074033203125 0.25761346998535867
12 0.138017578125 0.7059443631039531 0.060966796875 0.24992679355783307
12 0.56392578125 0.7168814055636896 0.055576171875 0.24578330893118594
15 0.0846484375 0.6859443631039531 0.023681640625 0.050512445095168376
15 0.51810546875 0.6906002928257686 0.026875 0.050073206442166916
13 0.077548828125 0.7932650073206442 0.018154296875 0.09597364568081991
6 0.096240234375 0.7387115666178624 0.036005859375 0.11049780380673499
17 0.173046875 0.845095168374817 0.131015625 0.0662225475841874
17 0.607041015625 0.8422840409956076 0.133125 0.054099560761347004
4 0.27380859375 0.7634553440702783 0.08732421875 0.21092240117130306
4 0.682900390625 0.7617569546120058 0.050458984375 0.20455344070278186
19 0.20544921875 0.6702781844802342 0.050419921875 0.058213762811127376
19 0.63130859375 0.6810688140556369 0.047099609375 0.06027818448023426