9 0.460400390625 0.5557942708333333 0.24646484375 0.14071614583333333
8 0.837119140625 0.5206770833333333 0.06400390625 0.1219921875
4 0.37615234375 0.5207682291666667 0.23759765625 0.3614583333333334
2 0.215068359375 0.4415104166666666 0.10060546875 0.4695963541666666
12 0.13294921875 0.4083072916666666 0.0619140625 0.37716145833333337
17 0.198017578125 0.6464453125 0.1753125 0.15774739583333333
19 0.219951171875 0.3737109375 0.09083984375 0.08475260416666668
18 0.685302734375 0.3233463541666667 0.050546875 0.043541666666666666
1 0.57134765625 0.43910156250000004 0.511826171875 0.20066406250000002
7 0.6209375 0.6992447916666666 0.577529296875 0.24475260416666667
13 0.081259765625 0.49786458333333333 0.02830078125 0.11356770833333334
6 0.10783203125 0.4833854166666667 0.0552734375 0.24276041666666667