9 0.5484375 0.5581203703703703 0.13817708333333334 0.10929629629629631
8 0.7334166666666667 0.5497037037037037 0.042859375000000005 0.09247222222222222
1 0.5891614583333333 0.4948703703703704 0.30295833333333333 0.11242592592592593
7 0.6151927083333334 0.6507314814814814 0.30470312499999996 0.19930555555555557
2 0.3524010416666667 0.4988796296296296 0.10111979166666667 0.3610277777777778
12 0.27261979166666667 0.47800000000000004 0.090015625 0.3256018518518518
15 0.200328125 0.4721574074074074 0.03571354166666666 0.07934259259259259
13 0.19969791666666667 0.5718518518518518 0.06222916666666667 0.1491111111111111
18 0.6430572916666667 0.4209722222222222 0.053109375 0.06956481481481482
19 0.37316145833333336 0.4361111111111111 0.06886979166666667 0.11218518518518518
17 0.32959375 0.6753981481481481 0.18493229166666666 0.1252777777777778
4 0.44560416666666663 0.5883148148148148 0.12652083333333333 0.2651296296296296
6 0.2181875 0.49532407407407414 0.045927083333333334 0.1847777777777778