9 0.5066953125 0.3556597222222222 0.177248046875 0.13796875
1 0.563830078125 0.3017048611111111 0.39503515624999996 0.11339583333333333
8 0.76096484375 0.3862743055555556 0.04516015625 0.10197222222222223
7 0.61030859375 0.5393472222222222 0.396193359375 0.3352013888888889
4 0.3812890625 0.38540972222222225 0.151046875 0.34420138888888885
2 0.253619140625 0.3617569444444444 0.10273828125 0.4348854166666667
12 0.188765625 0.36018055555555556 0.11169921875 0.4317326388888889
15 0.12022265624999999 0.32364583333333335 0.041023437499999996 0.06005208333333333
13 0.10579687499999998 0.4528298611111111 0.02193359375 0.22119791666666666
6 0.12967773437500002 0.4127673611111111 0.03454296875 0.1688472222222222
17 0.22987304687500001 0.5706215277777779 0.1821953125 0.13386458333333331
19 0.27887890625 0.2558784722222222 0.07708203125 0.09465277777777778