9 0.22966666666666666 0.4646 0.05906666666666666 0.10068
8 0.49793333333333334 0.50966 0.17957333333333333 0.08684
7 0.3779866666666667 0.6099600000000001 0.44369333333333333 0.23146
1 0.42017333333333334 0.4275 0.37873333333333337 0.13852
19 0.33252 0.35581999999999997 0.05944 0.05658
18 0.6881733333333333 0.40598 0.08273333333333333 0.08345999999999999
3 0.6155066666666666 0.5408999999999999 0.11861333333333332 0.30268
10 0.7075733333333333 0.47326 0.09486666666666667 0.37401999999999996
11 0.7842933333333334 0.46758 0.08768000000000001 0.34134
16 0.7334533333333334 0.65552 0.15462666666666666 0.07854000000000001
5 0.8232133333333332 0.56198 0.06853333333333333 0.18856