8 0.31190104166666666 0.4941203703703704 0.1611145833333333 0.12062037037037038
1 0.28232812500000004 0.428287037037037 0.37825000000000003 0.11239814814814815
7 0.220671875 0.7050092592592593 0.3439270833333333 0.16792592592592595
3 0.45200520833333335 0.575212962962963 0.18819791666666666 0.42476851851851855
18 0.56665625 0.3667314814814815 0.09492708333333333 0.08188888888888889
16 0.6708177083333333 0.7007314814814815 0.30786979166666667 0.15728703703703703
10 0.6249687500000001 0.47310185185185183 0.19592708333333334 0.5878425925925926
11 0.7703802083333334 0.4733611111111111 0.15515104166666666 0.6037870370370371
5 0.8789895833333333 0.42012962962962963 0.12931770833333334 0.38930555555555557
14 0.9126979166666668 0.38233333333333336 0.05263541666666667 0.06987962962962962
13 0.931703125 0.6553796296296296 0.043958333333333335 0.10808333333333334