9 0.07883124999999999 0.21631111111111112 0.0274 0.06762222222222222
9 0.6364125 0.30697777777777774 0.0600625 0.08007777777777778
8 0.23458125 0.26174444444444445 0.11139375 0.06961111111111111
8 0.84806875 0.3474777777777778 0.095875 0.06772222222222223
7 0.17179375 0.3292777777777778 0.248325 0.15256666666666666
7 0.7588062499999999 0.4449888888888889 0.31985625 0.1633888888888889
1 0.21009375 0.2044888888888889 0.26491875 0.11953333333333332
1 0.7657437500000001 0.28395555555555557 0.27871875 0.11402222222222223
10 0.39316249999999997 0.22192222222222222 0.0760625 0.2744111111111111
3 0.89721875 0.37762222222222225 0.04333125 0.21865555555555555
11 0.46258125 0.21518888888888887 0.06244375 0.2740222222222222
14 0.5250374999999999 0.2127 0.02276875 0.04683333333333333
13 0.5212 0.3161111111111111 0.02665 0.07216666666666667
5 0.49871250000000006 0.26356666666666667 0.04511875 0.16255555555555556
16 0.40903125 0.36558888888888885 0.144925 0.06741111111111112
19 0.1832125 0.14007777777777777 0.045375 0.06085555555555556
19 0.6698375 0.21244444444444444 0.045700000000000005 0.05743333333333333
18 0.38753125 0.18484444444444445 0.059125 0.0689
3 0.30845625 0.2818333333333333 0.09794375000000001 0.21473333333333333
18 0.9368375 0.2680666666666667 0.05261875 0.05385555555555555
10 0.9322374999999999 0.3174444444444444 0.03509375 0.2970555555555556
11 0.9550125 0.3149444444444444 0.04644375 0.2968222222222222
16 0.9335625000000001 0.45851111111111115 0.06274375 0.07548888888888888