9 0.49188 0.6437999999999999 0.09340000000000001 0.26719
1 0.56567 0.6742100000000001 0.12765 0.488
7 0.39377 0.7341 0.18961 0.45353
4 0.50256 0.45897000000000004 0.27811 0.20086
2 0.5587799999999999 0.28073000000000004 0.35054 0.15437
12 0.57635 0.15843000000000002 0.31236 0.12644
15 0.6117999999999999 0.056670000000000005 0.05659 0.03625
13 0.51801 0.054240000000000003 0.12900999999999999 0.03807
6 0.53332 0.09431999999999999 0.21962 0.07844
17 0.40574 0.25072 0.11112000000000001 0.28101
19 0.6240800000000001 0.31285 0.07447 0.10528