9 0.58642578125 0.48082031249999996 0.16427734375 0.09213541666666668
8 0.865107421875 0.47891927083333335 0.045361328125 0.07858072916666667
7 0.710615234375 0.678828125 0.434638671875 0.13009114583333334
4 0.45552734375 0.5124609375 0.12220703125 0.31817708333333333
2 0.3379296875 0.3940104166666667 0.194619140625 0.465390625
12 0.235244140625 0.39608072916666665 0.150390625 0.4727994791666667
17 0.2746484375 0.6223177083333333 0.2365234375 0.15052083333333333
13 0.10759765625 0.4909375 0.05623046875 0.1905078125
15 0.118994140625 0.3663541666666667 0.039951171875 0.05200520833333333
1 0.659892578125 0.42882812499999995 0.440595703125 0.11510416666666667
19 0.363828125 0.3924869791666667 0.07552734375 0.07497395833333333
18 0.766083984375 0.37430989583333335 0.05240234375 0.041874999999999996