8 0.43168055555555557 0.47982812499999994 0.11751388888888889 0.178078125
7 0.2973194444444444 0.4219375 0.20526388888888888 0.31750781250000004
1 0.5019722222222223 0.46873437500000004 0.1284583333333333 0.330375
3 0.3973888888888889 0.610578125 0.35447222222222224 0.156765625
10 0.4522083333333333 0.741328125 0.4131944444444444 0.130765625
11 0.4500972222222222 0.8447578124999999 0.36268055555555556 0.0824140625
16 0.2650138888888889 0.77403125 0.08045833333333333 0.2143984375
13 0.33045833333333335 0.919546875 0.15580555555555556 0.0392890625
5 0.3904444444444444 0.888421875 0.22947222222222222 0.04475
14 0.466625 0.9142187500000001 0.08552777777777777 0.028640624999999996
18 0.5514305555555555 0.711640625 0.08848611111111111 0.07659375