8 0.2505 0.5124000000000001 0.032025 0.0836
9 0.42877499999999996 0.5146777777777778 0.1281625 0.08914444444444444
10 0.6201625 0.4931666666666667 0.11094375 0.3340222222222222
10 0.7004187500000001 0.48765555555555556 0.09313125 0.31775555555555557
11 0.74980625 0.5249555555555555 0.0006 0.0013
14 0.7785500000000001 0.4650333333333333 0.042300000000000004 0.07404444444444444
6 0.7633 0.5443333333333333 0.0882 0.2056888888888889
13 0.79559375 0.6395888888888889 0.0486125 0.14722222222222223
1 0.38204375 0.47311111111111115 0.27845 0.06797777777777778
7 0.34656875 0.6410222222222222 0.27375625 0.20729999999999998
18 0.59999375 0.43835555555555555 0.06226875 0.08365555555555557
3 0.5335125000000001 0.5851777777777778 0.10403124999999999 0.30418888888888884
19 0.35424374999999997 0.43575555555555556 0.0291 0.04512222222222222
16 0.6529250000000001 0.6780333333333334 0.18186875 0.09963333333333334