8 0.42699551569506733 0.3834705882352941 0.1310014947683109 0.2203781512605042
1 0.5549626307922272 0.34889075630252103 0.2872944693572496 0.3836974789915967
7 0.3239461883408072 0.31547899159663867 0.22385650224215245 0.35889915966386554
3 0.5028699551569507 0.545235294117647 0.3325859491778774 0.10315126050420168
10 0.5910911808669657 0.6877899159663866 0.4641853512705531 0.18194117647058822
16 0.41080717488789237 0.6885378151260504 0.21321375186846037 0.23387394957983193
18 0.6401195814648729 0.646579831932773 0.09886397608370702 0.09112605042016807
19 0.7428400597907324 0.34232773109243697 0.07010463378176382 0.04565546218487395
5 0.6340059790732436 0.8153361344537815 0.3058744394618834 0.06169747899159664
13 0.6275485799701046 0.8731932773109243 0.1285201793721973 0.04015126050420168
14 0.7079521674140509 0.8578571428571429 0.053796711509715996 0.040285714285714286