18 0.2130989583333333 0.6634907407407408 0.08478125 0.09029629629629629
19 0.685125 0.6563333333333333 0.10435416666666668 0.11301851851851852
7 0.3282916666666667 0.30227777777777776 0.586 0.21972222222222224
9 0.43073958333333334 0.4561851851851852 0.21536979166666667 0.09697222222222222
8 0.08620312499999999 0.4905648148148148 0.07577604166666667 0.13333333333333333
1 0.3263385416666667 0.5513518518518519 0.45969270833333337 0.17157407407407407
2 0.7415364583333334 0.5365462962962964 0.20935937500000001 0.604925925925926
17 0.7478697916666667 0.264537037037037 0.28192708333333333 0.13960185185185187
4 0.587640625 0.43855555555555553 0.12447395833333334 0.41820370370370374
13 0.96046875 0.432287037037037 0.05086979166666667 0.22047222222222224
6 0.892109375 0.48431481481481475 0.08342187499999999 0.3939722222222222