1 0.31951875 0.5855 0.5162625 0.12729166666666666
2 0.6687000000000001 0.5524333333333333 0.20462499999999997 0.47783333333333333
12 0.7986249999999999 0.5705833333333333 0.19302499999999997 0.4563416666666667
19 0.6503625 0.6478083333333333 0.10795 0.06191666666666666
4 0.49700625000000004 0.5099416666666666 0.21876874999999998 0.29618333333333335
9 0.35208125 0.49782499999999996 0.20888125 0.095275
7 0.26103750000000003 0.41458333333333336 0.4243 0.232125
17 0.7118375 0.4114333333333334 0.2895 0.17916666666666667
6 0.8871875 0.5492916666666666 0.11438124999999999 0.27376666666666666
15 0.94913125 0.6316999999999999 0.0295125 0.0497
13 0.94483125 0.5143916666666667 0.05688125 0.14508333333333334