1 0.33131666666666665 0.626425 0.38530000000000003 0.09625
8 0.37943333333333334 0.672425 0.1351 0.08199999999999999
9 0.14146666666666666 0.7005500000000001 0.022283333333333332 0.05075
7 0.2884166666666667 0.7938500000000001 0.35995 0.22797499999999998
10 0.637 0.6541750000000001 0.15918333333333334 0.45177500000000004
11 0.7447666666666667 0.648275 0.12886666666666666 0.452475
18 0.6003666666666667 0.5802499999999999 0.08798333333333333 0.09140000000000001
16 0.6734333333333333 0.856 0.2471 0.1148
3 0.5034166666666667 0.743425 0.16703333333333334 0.31775
5 0.8197666666666666 0.688475 0.09555 0.310975
14 0.85715 0.648025 0.024483333333333333 0.061349999999999995