9 0.5252611940298508 0.3971808510638298 0.2262313432835821 0.155531914893617
8 0.10123134328358209 0.40031914893617027 0.12440298507462688 0.15734042553191488
7 0.3295149253731343 0.2248404255319149 0.6431716417910448 0.258563829787234
1 0.36462686567164176 0.49122340425531913 0.598358208955224 0.19292553191489364
18 0.17332089552238808 0.61 0.08201492537313433 0.0802659574468085
19 0.7644402985074628 0.5987234042553191 0.10126865671641791 0.11085106382978724
2 0.7714179104477612 0.4976063829787234 0.1183955223880597 0.6312234042553192
12 0.8557462686567164 0.5177659574468085 0.1265671641791045 0.6051063829787234
17 0.8114925373134328 0.19414893617021275 0.20787313432835822 0.175
4 0.6640671641791045 0.3708510638297872 0.16164179104477613 0.4618617021276596
13 0.9560820895522388 0.3407978723404255 0.04305970149253731 0.17569148936170215
6 0.9284701492537314 0.40984042553191485 0.05309701492537314 0.33154255319148934
15 0.956865671641791 0.5766489361702127 0.04152985074626866 0.10664893617021277