2 0.55659375 0.5865833333333333 0.21484375 0.3780277777777778
12 0.3684453125 0.59075 0.1678125 0.36969444444444444
17 0.49614062499999995 0.7751111111111112 0.3830546875 0.09491666666666668
19 0.6068749999999999 0.5259305555555556 0.06029687500000001 0.09561111111111112
9 0.850421875 0.6406527777777777 0.11302343749999999 0.1083888888888889
7 0.8626328125 0.7401666666666666 0.11880468749999999 0.18147222222222223
1 0.7908359375 0.5669444444444445 0.20946875 0.09431944444444444
4 0.74090625 0.68175 0.1814765625 0.2816388888888889
15 0.12496875 0.5521666666666667 0.112109375 0.15919444444444444
6 0.25764062499999996 0.6671111111111111 0.1788046875 0.333125
13 0.12575 0.7258333333333333 0.141796875 0.19541666666666666