7 0.7328913043478261 0.309063829787234 0.4247391304347826 0.31961702127659575
1 0.6725543478260869 0.6032340425531915 0.45895652173913043 0.19517021276595745
3 0.46620652173913046 0.44572340425531914 0.19471739130434781 0.44253191489361704
8 0.62925 0.4909787234042553 0.2243804347826087 0.17808510638297873
10 0.30340217391304347 0.575 0.17444565217391306 0.6333404255319149
11 0.17746739130434783 0.5911914893617022 0.16443478260869565 0.5912978723404256
14 0.05245652173913043 0.6370851063829788 0.03397826086956522 0.10329787234042552
13 0.03973913043478261 0.44951063829787236 0.052021739130434785 0.2706808510638298
5 0.09093478260869566 0.4822340425531915 0.08743478260869565 0.3840212765957447
18 0.3401521739130435 0.6949787234042553 0.0984891304347826 0.11800000000000001
16 0.26480434782608697 0.2683829787234043 0.2738804347826087 0.15938297872340426
19 0.7343695652173913 0.7057234042553191 0.03639130434782609 0.09163829787234043