9 0.4438684210526315 0.6572713864306785 0.10936842105263159 0.14730088495575222
4 0.42331578947368426 0.5399852507374632 0.3293684210526316 0.1303244837758112
7 0.3294473684210526 0.7121386430678466 0.2038684210526316 0.270811209439528
2 0.4956315789473684 0.4050442477876106 0.40223684210526317 0.1322566371681416
12 0.49628947368421056 0.28648967551622423 0.37484210526315787 0.10870206489675517
13 0.3814473684210526 0.18651917404129792 0.126 0.045530973451327436
15 0.5270526315789473 0.1849410029498525 0.08707894736842106 0.031651917404129794
6 0.4328684210526316 0.23250737463126842 0.26239473684210524 0.07048672566371682
17 0.29889473684210527 0.3799115044247787 0.09968421052631579 0.258023598820059
19 0.5551052631578948 0.44069321533923306 0.10492105263157894 0.0658259587020649
1 0.5093157894736842 0.6642330383480827 0.12539473684210525 0.31305309734513276