18 0.28153200883002205 0.7458559201141227 0.11242384105960264 0.1168830242510699
19 0.7113421633554085 0.7409985734664766 0.05024724061810155 0.08339514978601997
7 0.7158366445916114 0.3759129814550642 0.5336423841059603 0.34704707560627673
8 0.5566136865342164 0.5641369472182596 0.24463576158940398 0.1433737517831669
1 0.6467991169977925 0.6522895863052781 0.519187637969095 0.1484950071326676
3 0.401280353200883 0.527681883024251 0.17532008830022075 0.43659771754636234
10 0.25102869757174395 0.625413694721826 0.1573774834437086 0.6082952924393723
11 0.14907726269315674 0.6498430813124109 0.1124150110375276 0.5335235378031383
14 0.046454746136865344 0.701997146932953 0.03667991169977925 0.10524964336661911
5 0.06826490066225166 0.6332596291012839 0.06263576158940398 0.23407275320970045
16 0.21811920529801326 0.3499144079885877 0.2446092715231788 0.1571469329529244