18 0.6014814814814814 0.6059798994974874 0.16046296296296295 0.10170854271356783
8 0.4563888888888889 0.34733668341708546 0.15583333333333332 0.2042211055276382
9 0.45731481481481484 0.0934673366834171 0.11907407407407407 0.06914572864321608
7 0.27314814814814814 0.24321608040201004 0.2909259259259259 0.43150753768844224
3 0.40435185185185185 0.5098994974874371 0.4915740740740741 0.13226130653266333
1 0.5275925925925926 0.2594974874371859 0.1748148148148148 0.3761306532663316
10 0.537962962962963 0.6334673366834171 0.6662037037037037 0.1608542713567839
11 0.5606481481481481 0.7891959798994975 0.6420370370370371 0.14989949748743717
16 0.23249999999999998 0.7102010050251257 0.14777777777777779 0.32688442211055274
14 0.6662037037037037 0.9277386934673367 0.14324074074074075 0.06683417085427136
13 0.4139814814814815 0.9676884422110552 0.31787037037037036 0.06296482412060302
5 0.5500925925925926 0.887788944723618 0.3193518518518519 0.10487437185929649