1 0.35256868131868135 0.48554639175257736 0.3562087912087912 0.09523711340206185
2 0.6325274725274725 0.4597113402061856 0.17015109890109892 0.4654845360824742
12 0.7294368131868132 0.4803298969072165 0.1495467032967033 0.4242474226804124
17 0.6610027472527472 0.28554639175257734 0.25035714285714283 0.14567010309278353
19 0.5968406593406593 0.5339175257731958 0.09876373626373627 0.07461855670103092
4 0.5174587912087912 0.3814020618556701 0.12762362637362637 0.28663917525773197
7 0.30387362637362636 0.3036907216494845 0.33924450549450547 0.18830927835051545
9 0.39999999999999997 0.4307422680412371 0.1467445054945055 0.0808041237113402
8 0.17320054945054947 0.4331340206185567 0.021538461538461538 0.07604123711340206
6 0.8191620879120879 0.4443917525773196 0.11440934065934066 0.37773195876288657
15 0.855837912087912 0.5251958762886598 0.03410714285714286 0.06670103092783505