1 0.5955585937500001 0.4776666666666667 0.28269921875000004 0.1146736111111111
9 0.5628359374999999 0.5358263888888889 0.11373437500000001 0.08168055555555556
8 0.73737890625 0.5314861111111111 0.0235078125 0.06259027777777777
7 0.62637890625 0.6216597222222222 0.2974609375 0.16306944444444443
4 0.46544140624999997 0.5472986111111111 0.09668359374999999 0.24698611111111113
2 0.38128125 0.49222222222222217 0.10484374999999999 0.36947916666666664
12 0.31622265625 0.49222222222222217 0.11191015625 0.36947916666666664
17 0.35953124999999997 0.6469305555555556 0.16611328125 0.10944444444444444
19 0.39826562499999996 0.42414583333333333 0.057203125 0.04581944444444445
18 0.64340625 0.41363194444444445 0.030734375 0.04215972222222222
6 0.25952734375 0.4702361111111111 0.0749140625 0.2838402777777778
13 0.23441015625 0.5414166666666667 0.030886718749999997 0.11061805555555555
15 0.23983203125000002 0.44179166666666664 0.01469140625 0.0568125