1 0.676875 0.4437962962962963 0.4177916666666667 0.1526851851851852
9 0.6692916666666666 0.5001203703703704 0.20297395833333332 0.11410185185185186
7 0.7313697916666667 0.6465462962962962 0.34275520833333334 0.24644444444444447
19 0.3638541666666667 0.38919444444444445 0.07299479166666667 0.10828703703703704
2 0.346734375 0.4840833333333333 0.22453125000000002 0.535712962962963
12 0.194796875 0.47901851851851857 0.16615104166666667 0.5348611111111111
17 0.30478124999999995 0.7048425925925926 0.31770312500000003 0.14082407407407407
6 0.10630208333333332 0.44542592592592595 0.11571875000000001 0.3688981481481482
13 0.05788541666666667 0.5903981481481482 0.07063020833333335 0.1777037037037037
14 0.05851041666666667 0.46223148148148147 0.03247916666666666 0.06918518518518518
4 0.515875 0.5535185185185185 0.19648958333333333 0.44620370370370366