9 0.43020989505247376 0.5339299999999999 0.15025487256371814 0.21744
1 0.5846926536731635 0.60634 0.30928035982008995 0.5389400000000001
7 0.26574212893553223 0.66701 0.2610944527736132 0.49027
4 0.5123388305847076 0.36279 0.39946026986506744 0.17516
2 0.6472713643178412 0.20885 0.5294152923538231 0.14062
12 0.7092953523238381 0.09359999999999999 0.4235532233883058 0.08345
15 0.8169565217391304 0.02492 0.09917541229385309 0.036090000000000004
13 0.6359070464767616 0.02318 0.10688155922038982 0.04261
6 0.6780509745127437 0.06423999999999999 0.3360869565217391 0.06677
17 0.4280509745127436 0.19232 0.24088455772113943 0.23423
19 0.7014542728635682 0.24194 0.1030134932533733 0.15014
18 0.7806146926536731 0.6552899999999999 0.07644677661169416 0.05017