9 0.5741796875 0.5020694444444445 0.18133984375 0.11833333333333333
17 0.26783984375 0.6694930555555556 0.22100781249999998 0.14763194444444444
7 0.6809140625000001 0.6554097222222222 0.428015625 0.29306944444444444
4 0.43619921875 0.5222152777777778 0.1534296875 0.3773819444444444
2 0.2966484375 0.45971527777777776 0.16339062499999998 0.5857083333333333
12 0.20179296875000002 0.4361875 0.1435078125 0.4969861111111111
19 0.32404687499999996 0.36945833333333333 0.091234375 0.09964583333333334
6 0.1267578125 0.4234583333333333 0.07678125 0.2909791666666667
13 0.089921875 0.5392916666666667 0.03509375 0.18584027777777778
1 0.63408984375 0.43127777777777776 0.4261640625 0.16425
8 0.8535976562500001 0.5095 0.0371640625 0.08804861111111112