8 0.5442239583333334 0.610111111111111 0.10098437499999999 0.07790740740740741
9 0.4070625 0.5927129629629629 0.02053125 0.05237037037037037
1 0.5212291666666666 0.5622777777777778 0.22282291666666668 0.09951851851851852
7 0.4973072916666667 0.6707222222222222 0.21664583333333332 0.16517592592592592
16 0.7142760416666667 0.6878703703703704 0.13240104166666666 0.15008333333333335
18 0.6856354166666667 0.5218981481481482 0.04527083333333334 0.05135185185185185
10 0.6863072916666667 0.5642407407407407 0.09806770833333332 0.32875925925925925
11 0.7494427083333334 0.552074074074074 0.07508333333333334 0.27355555555555555
3 0.6227395833333333 0.6090833333333333 0.08978124999999999 0.1869537037037037
5 0.7893749999999999 0.5351018518518518 0.05078645833333333 0.15936111111111112
14 0.8046145833333332 0.5229351851851851 0.01876041666666667 0.030083333333333333
13 0.8077500000000001 0.599574074074074 0.023296874999999998 0.09076851851851853
15 0.315046875 0.541537037037037 0.0934375 0.039518518518518515
14 0.21621875 0.5345925925925926 0.022526041666666666 0.028712962962962964
0 0.266671875 0.535787037037037 0.12690104166666666 0.1360462962962963
13 0.2889583333333333 0.6260555555555556 0.17494270833333334 0.12831481481481483
6 0.37214583333333334 0.5172685185185185 0.09653645833333332 0.17308333333333334