9 0.408955078125 0.5146614583333333 0.17533203125 0.1059375
8 0.132353515625 0.5192708333333333 0.051796875 0.08621093749999999
7 0.298828125 0.3836979166666667 0.43900390625 0.2364453125
1 0.338017578125 0.5762369791666667 0.404921875 0.10657552083333333
4 0.54271484375 0.4775520833333333 0.135595703125 0.3036979166666667
2 0.652412109375 0.5602994791666667 0.157685546875 0.4457291666666667
12 0.7669921875 0.567421875 0.14810546875 0.4288671875
15 0.882021484375 0.6407552083333333 0.034208984375 0.07454427083333333
13 0.889169921875 0.46653645833333335 0.03765625 0.16013020833333333
6 0.857548828125 0.5689453125 0.05748046875 0.183984375
17 0.703671875 0.3520833333333333 0.23306640625 0.1366796875
19 0.631162109375 0.6026171875 0.088046875 0.08509114583333333
18 0.23248046875 0.6255078125 0.05673828125 0.04984375