8 0.30076562500000004 0.5947467036780014 0.14199375 0.10994448299791812
7 0.26106562499999997 0.7400902151283831 0.231340625 0.21326856349757112
1 0.306946875 0.5077099236641222 0.27311250000000004 0.15793893129770992
3 0.41603437499999996 0.5998056904927135 0.16240937500000002 0.3761207494795281
10 0.563703125 0.5166342817487856 0.145996875 0.4741984732824428
11 0.687565625 0.49788341429562805 0.10314999999999999 0.4307564191533657
13 0.789303125 0.6231852879944483 0.045053125 0.14470506592643997
14 0.78253125 0.44714087439278283 0.037759375 0.09333102012491326
5 0.751184375 0.5533795975017349 0.083403125 0.3418875780707842
16 0.599903125 0.7255655794587093 0.249590625 0.14167244968771686
18 0.5179375 0.43831367106176267 0.06690625 0.09418459403192228