18 0.534225 0.3972802197802198 0.0489 0.046304945054945056
16 0.390325 0.44379120879120876 0.07295 0.1588324175824176
10 0.485075 0.41063186813186814 0.241875 0.0988598901098901
11 0.47869999999999996 0.488021978021978 0.275125 0.08240384615384616
14 0.49174999999999996 0.5601236263736263 0.031475 0.01912087912087912
13 0.4426 0.5513186813186813 0.127925 0.043750000000000004
8 0.47147500000000003 0.25710164835164834 0.053849999999999995 0.09637362637362637
7 0.42222499999999996 0.22979395604395603 0.11074999999999999 0.18037087912087912
1 0.5002 0.24582417582417584 0.0662 0.178489010989011
3 0.4625 0.3338736263736264 0.23735 0.09387362637362638
5 0.45665 0.524478021978022 0.18982500000000002 0.05722527472527472