7 0.45877083333333335 0.614546875 0.3126423611111111 0.396220703125
1 0.7012013888888889 0.57058984375 0.13083680555555555 0.40654101562499995
9 0.6413819444444445 0.515171875 0.14314236111111112 0.18925
8 0.6363298611111111 0.7561855468750001 0.07748263888888889 0.08222265625
2 0.6667986111111112 0.27923046875 0.39536458333333335 0.1123046875
12 0.660798611111111 0.188802734375 0.36947916666666664 0.083794921875
17 0.4287777777777778 0.2311171875 0.1137673611111111 0.180140625
19 0.7414479166666667 0.28171875 0.10716666666666666 0.086033203125
13 0.5796666666666667 0.12419921874999999 0.16555208333333335 0.063962890625
15 0.6742083333333333 0.1254453125 0.08380208333333333 0.050828125
4 0.5528402777777778 0.3735546875 0.3896736111111111 0.17559960937500002