9 0.43838912133891217 0.5487529411764706 0.0909623430962343 0.14165882352941175
8 0.46213389121338916 0.736564705882353 0.0784937238493724 0.035458823529411765
2 0.4953138075313807 0.3579764705882353 0.4030543933054393 0.11908235294117647
12 0.5102928870292887 0.2822941176470588 0.3478870292887029 0.10172941176470589
17 0.3263389121338912 0.3265176470588236 0.1104602510460251 0.16783529411764705
1 0.5088702928870293 0.5803411764705882 0.12372384937238494 0.29258823529411765
7 0.3518619246861925 0.6132705882352941 0.2182845188284519 0.3217529411764706
19 0.5585146443514645 0.37109411764705885 0.0698326359832636 0.06874117647058824
18 0.5726150627615062 0.6388 0.04414225941422594 0.0282
13 0.4390376569037657 0.19884705882352943 0.18267782426778242 0.028976470588235295
15 0.5296652719665272 0.19671764705882355 0.02916317991631799 0.02471764705882353
4 0.4434937238493724 0.4474823529411765 0.2646652719665272 0.1147529411764706