18 0.36200000000000004 0.5172833333333333 0.05595 0.06522499999999999
19 0.64780625 0.526975 0.03470625 0.03935833333333333
7 0.6030875 0.35200833333333337 0.3417 0.17515
8 0.52186875 0.4411166666666667 0.127475 0.0748
9 0.7405062499999999 0.44469166666666665 0.0343875 0.06765833333333333
1 0.58624375 0.48152500000000004 0.33479375 0.07400833333333333
3 0.4371625 0.4211916666666667 0.113425 0.19685
10 0.35440625 0.47478333333333333 0.07113125000000001 0.2778416666666667
11 0.30850625 0.487825 0.07039374999999999 0.2539166666666667
13 0.25480625 0.4254833333333333 0.021931250000000003 0.08876666666666666
14 0.25736875000000003 0.5188583333333333 0.021687500000000002 0.046941666666666666
5 0.2738875 0.4737833333333333 0.02436875 0.10679999999999999
16 0.3402875 0.3502416666666667 0.1107375 0.083525