7 0.24176562499999998 0.24720984759671746 0.33821093750000003 0.17245017584994138
1 0.2812890625 0.42514654161781945 0.3301953125 0.066084407971864
9 0.3397265625 0.37849941383352875 0.15242968750000002 0.08331770222743258
8 0.1133515625 0.38048065650644786 0.0389765625 0.06718640093786636
2 0.5386953125 0.38916764361078543 0.11166406250000001 0.369284876905041
12 0.6131171875 0.3940914419695194 0.079796875 0.33431418522860495
17 0.5610703125 0.2195310668229777 0.1643203125 0.06349355216881594
18 0.23019531249999997 0.46828839390386867 0.0427421875 0.061946072684642445
19 0.5120625000000001 0.4647948417350528 0.0796953125 0.07502930832356389
15 0.688765625 0.4190621336459554 0.024617187500000002 0.05391559202813599
4 0.44260937499999997 0.34161781946072683 0.10609375000000001 0.32441969519343494
13 0.7013984375 0.29759671746776084 0.0297890625 0.09905041031652989
6 0.6712109374999999 0.32025791324736225 0.06986718750000001 0.21805392731535755