9 0.08665294117647059 0.5792751091703057 0.055411764705882355 0.08880349344978167
8 0.3897176470588235 0.5580786026200873 0.17448235294117648 0.10579912663755459
7 0.26538823529411765 0.7311615720524017 0.4787647058823529 0.25154585152838427
1 0.29741764705882356 0.519764192139738 0.427535294117647 0.08089082969432315
10 0.6126117647058824 0.5774585152838428 0.13086470588235294 0.46373799126637555
11 0.7003117647058823 0.5930305676855895 0.10015294117647058 0.4496331877729258
14 0.7735294117647059 0.5714235807860262 0.03151176470588235 0.06959825327510917
13 0.7921352941176472 0.7167161572052402 0.04421176470588235 0.19876855895196507
13 0.7593 0.6029781659388646 0.06210588235294118 0.17122270742358078
16 0.6534176470588235 0.8073013100436681 0.18188235294117647 0.0802183406113537
3 0.5224411764705882 0.6444366812227075 0.1294764705882353 0.33982532751091704
18 0.596729411764706 0.5053100436681223 0.09203529411764706 0.08758951965065502