8 0.5426941176470589 0.45801255230125526 0.21108235294117644 0.14853556485355648
9 0.8876235294117647 0.44836820083682005 0.07741176470588235 0.1243723849372385
7 0.6899882352941177 0.30548117154811716 0.5124000000000001 0.26897489539748953
1 0.6420941176470588 0.5483054393305439 0.5409647058823529 0.16884937238493722
3 0.4006705882352941 0.40797071129707113 0.12535294117647058 0.4440794979079498
10 0.2898941176470588 0.5285355648535565 0.13909411764705884 0.5776150627615063
11 0.1768235294117647 0.5361506276150627 0.14824705882352943 0.5569665271966527
13 0.06703529411764705 0.3477405857740586 0.05304705882352941 0.16817991631799165
14 0.0690235294117647 0.5544351464435147 0.03684705882352941 0.09144351464435146
5 0.09401176470588235 0.4871966527196653 0.09690588235294118 0.2259205020920502
16 0.24611764705882352 0.266255230125523 0.22969411764705883 0.1247907949790795
18 0.2938588235294118 0.6303347280334728 0.10669411764705881 0.1296652719665272
19 0.7605764705882353 0.6439121338912134 0.06869411764705882 0.09707112970711297