9 0.5179557291666667 0.58865234375 0.10227864583333333 0.177548828125
8 0.5162760416666666 0.865859375 0.08591145833333334 0.054873046875
7 0.3753125 0.716982421875 0.233671875 0.41470703125
1 0.5682552083333333 0.665888671875 0.11609375 0.413408203125
2 0.5879947916666667 0.33439453125 0.41598958333333336 0.150810546875
12 0.5924348958333333 0.20861328125 0.4031640625 0.097802734375
15 0.6416536458333334 0.12001953125 0.0719140625 0.044326171875
13 0.4694140625 0.115068359375 0.1441015625 0.057197265625
6 0.587890625 0.139326171875 0.15970052083333333 0.04712890625
4 0.4683333333333333 0.453984375 0.3198958333333333 0.1393359375
19 0.6114713541666666 0.357412109375 0.08098958333333334 0.09591796875