15 0.6254500000000001 0.20081666666666667 0.09562999999999999 0.08443333333333333
15 0.72176 0.71445 0.07575 0.0867
15 0.17685 0.6739333333333334 0.11093 0.08068333333333333
15 0.16941 0.2333666666666667 0.12355 0.09123333333333333
14 0.0361 0.20213333333333333 0.046939999999999996 0.07041666666666667
14 0.04718 0.6693 0.056600000000000004 0.06723333333333334
14 0.51249 0.19171666666666667 0.03971 0.09125
14 0.54726 0.7065833333333333 0.054259999999999996 0.0835
13 0.12746 0.33245 0.24033000000000002 0.19396666666666665
13 0.12884 0.77605 0.22741 0.1641
13 0.59812 0.29925 0.21847 0.1563
13 0.64795 0.8165666666666667 0.27564 0.17011666666666667
0 0.10384 0.22416666666666665 0.17740999999999998 0.18533333333333335
0 0.5721499999999999 0.2044 0.13404 0.14159999999999998
0 0.10884 0.6750666666666667 0.16741 0.11626666666666667
0 0.6232300000000001 0.7037333333333333 0.16369999999999998 0.16111666666666666
12 0.31418 0.21383333333333335 0.11810999999999999 0.2854833333333333
12 0.29907 0.6861 0.07787999999999999 0.2758666666666667
12 0.77 0.21053333333333332 0.12473999999999999 0.25803333333333334
12 0.8226100000000001 0.6917833333333333 0.08997 0.2872166666666667
2 0.38254000000000005 0.21449999999999997 0.09731000000000001 0.2993
2 0.8517100000000001 0.2076 0.09315000000000001 0.25633333333333336
2 0.36555 0.6860166666666667 0.08584 0.2798333333333333
2 0.8883 0.6927333333333333 0.08133 0.2891166666666667
17 0.36469999999999997 0.3551 0.14662999999999998 0.10136666666666666
17 0.351 0.8101499999999999 0.14675 0.06561666666666666
17 0.83063 0.31345 0.15349000000000002 0.10138333333333333
17 0.8807999999999999 0.8204666666666666 0.12134 0.09041666666666667
4 0.4505 0.24213333333333334 0.04323 0.1496
4 0.92063 0.2479 0.048490000000000005 0.14221666666666666
4 0.43066000000000004 0.7315333333333334 0.05107 0.17078333333333334
4 0.94938 0.7183666666666666 0.041 0.15960000000000002
7 0.46702999999999995 0.7580833333333333 0.0238 0.12813333333333332
7 0.9541000000000001 0.2611 0.017929999999999998 0.13418333333333335
6 0.26861 0.2723333333333333 0.09304000000000001 0.21001666666666668
6 0.24963 0.7097666666666667 0.071 0.17266666666666666
6 0.7139099999999999 0.24696666666666667 0.11993999999999999 0.18576666666666666
6 0.7932899999999999 0.7288833333333333 0.07868 0.18441666666666667
19 0.42851 0.15868333333333332 0.04175 0.06269999999999999
19 0.41014999999999996 0.6406166666666667 0.03754 0.06405
19 0.9001699999999999 0.17553333333333332 0.03258 0.06306666666666667
19 0.93233 0.6306666666666666 0.03418 0.06121666666666666