9 0.43756076388888887 0.4444189453125 0.06463107638888889 0.0209716796875
8 0.40651909722222224 0.58821044921875 0.06620659722222222 0.09859375
7 0.31280815972222226 0.53548828125 0.15366753472222222 0.24543212890625
3 0.41224392361111106 0.67166748046875 0.2310112847222222 0.1023291015625
1 0.48175347222222226 0.56344482421875 0.11829861111111112 0.2427490234375
19 0.5531076388888888 0.5503564453125 0.04398871527777778 0.0293994140625
18 0.5195703125 0.74125732421875 0.06371527777777779 0.0661474609375
16 0.347265625 0.77991943359375 0.12420572916666667 0.1499853515625
10 0.4765625 0.7540478515625 0.30756944444444445 0.08196533203125
11 0.4964887152777778 0.8245654296875 0.28086805555555555 0.0784375
13 0.45229166666666665 0.89320556640625 0.14039496527777778 0.029873046875
5 0.4728776041666667 0.86898193359375 0.2018185763888889 0.03839599609375
7 0.46195746527777776 0.24921630859375 0.0816015625 0.12861572265625
1 0.5594878472222222 0.28182861328125 0.0733203125 0.14175537109375
8 0.5184505208333333 0.27684814453125 0.05279947916666667 0.0748291015625
10 0.5439713541666666 0.4137744140625 0.19643229166666665 0.08338134765625
11 0.5626432291666666 0.48679443359375 0.17223958333333333 0.0700537109375
14 0.5853342013888888 0.54775390625 0.05056857638888889 0.0209375
16 0.4514366319444444 0.4094091796875 0.06055555555555556 0.08767333984375
3 0.5120052083333334 0.3359375 0.14986979166666667 0.0823291015625
18 0.5743489583333333 0.39588623046875 0.04885850694444444 0.0378369140625