7 0.25213888888888886 0.27988888888888885 0.18558333333333335 0.43477777777777776
9 0.4010277777777778 0.11220370370370371 0.09444444444444444 0.07583333333333334
8 0.4009166666666667 0.3792962962962963 0.09927777777777778 0.1655925925925926
1 0.4663333333333333 0.3012407407407407 0.1291111111111111 0.4135
3 0.3556944444444445 0.5112407407407408 0.33205555555555555 0.15333333333333332
10 0.45669444444444446 0.642 0.48358333333333337 0.10512962962962964
11 0.45694444444444443 0.7539074074074075 0.47394444444444445 0.11681481481481482
14 0.46725 0.8925185185185185 0.09055555555555556 0.05062962962962963
13 0.30574999999999997 0.8896851851851852 0.15641666666666668 0.06853703703703704
5 0.3648611111111111 0.8362222222222222 0.29991666666666666 0.09288888888888888
16 0.21886111111111112 0.6900925925925926 0.0685 0.2383333333333333
18 0.5173055555555556 0.6256296296296295 0.07769444444444444 0.08892592592592594