4 0.5864921875 0.6945 0.2196171875 0.37738888888888894
9 0.7310234375 0.6616805555555556 0.1761015625 0.12444444444444444
7 0.781953125 0.8083333333333333 0.2890078125 0.24097222222222223
1 0.7281875 0.5780972222222223 0.3400703125 0.14379166666666668
2 0.38782031250000004 0.5889444444444445 0.215140625 0.5186527777777777
12 0.19924999999999998 0.5697361111111111 0.16611718749999999 0.49215277777777783
17 0.32308593750000003 0.8023055555555555 0.34460156249999996 0.16761111111111113
15 0.03390625 0.5268055555555555 0.056421874999999996 0.07694444444444444
13 0.041765625 0.6769722222222222 0.072953125 0.23780555555555555
6 0.090171875 0.5971944444444445 0.1265390625 0.25340277777777775
19 0.423890625 0.5190555555555556 0.08414843749999999 0.1249027777777778