15 0.23830625000000003 0.5423583333333334 0.16366875 0.10100833333333332
14 0.06336875 0.5325416666666666 0.0439625 0.06138333333333333
17 0.68975 0.7043833333333334 0.349225 0.13839166666666666
2 0.74225 0.5467916666666667 0.244225 0.40320833333333334
12 0.55806875 0.5447500000000001 0.24586249999999998 0.44580000000000003
19 0.805375 0.48745000000000005 0.05796875 0.07453333333333333
4 0.884825 0.5895666666666667 0.116875 0.22876666666666665
6 0.4108375 0.5790083333333332 0.24695 0.3683916666666667
13 0.20638125 0.6791916666666666 0.38248125 0.19468333333333335
0 0.16373125000000002 0.5291083333333333 0.2521875 0.17785833333333334
7 0.9531624999999999 0.6361416666666667 0.04910625 0.16525
9 0.9485125 0.5447666666666667 0.03174375 0.045825000000000005