9 0.43659038901601827 0.713 0.08954233409610984 0.1201
7 0.3140961098398169 0.7601875 0.20050343249427918 0.19225
4 0.3864530892448512 0.6077875 0.3146910755148742 0.15134999999999998
2 0.47439359267734554 0.4548125 0.3838215102974828 0.1620625
12 0.474279176201373 0.305375 0.38867276887871854 0.1354125
13 0.3719908466819222 0.1434 0.20951945080091533 0.078125
6 0.4848054919908467 0.2079625 0.20118993135011443 0.06507500000000001
17 0.2848512585812357 0.41914999999999997 0.10640732265446225 0.296275
19 0.5190160183066361 0.49933750000000005 0.0865446224256293 0.067775
15 0.5730892448512586 0.1540125 0.1540503432494279 0.061962500000000004
1 0.5120823798627002 0.6934125 0.12352402745995422 0.26545