9 0.5124506578947369 0.18028703703703705 0.11973684210526316 0.0484537037037037
8 0.5155756578947369 0.47167592592592594 0.1533717105263158 0.18062037037037038
7 0.31731907894736844 0.3659537037037037 0.25578947368421057 0.45375
3 0.48467105263157895 0.6073425925925926 0.40955592105263156 0.11594444444444445
1 0.5926973684210527 0.3685555555555556 0.1486513157894737 0.4064907407407407
18 0.6862828947368421 0.6805092592592593 0.11101973684210527 0.07977777777777778
10 0.608404605263158 0.6880092592592593 0.5309375 0.1348888888888889
11 0.6470394736842104 0.7751018518518519 0.4985361842105263 0.11771296296296296
16 0.36840460526315794 0.731537037037037 0.19348684210526315 0.18800925925925926
5 0.6449177631578947 0.8558518518518519 0.11899671052631577 0.0631574074074074
13 0.5303947368421053 0.8578333333333333 0.13866776315789475 0.07321296296296295
14 0.6964967105263158 0.866388888888889 0.0706578947368421 0.0532962962962963