15 0.4248705882352941 0.30869019607843134 0.04060882352941176 0.023019607843137255
6 0.3901117647058824 0.314343137254902 0.11814999999999999 0.04020588235294118
12 0.37655 0.3625333333333334 0.2362205882352941 0.05423333333333333
2 0.36177941176470585 0.40764901960784317 0.27913529411764704 0.07975686274509804
17 0.24556176470588234 0.3924921568627451 0.09963823529411764 0.12787647058823529
4 0.3042735294117647 0.4799392156862745 0.19353235294117646 0.0812
1 0.35547941176470593 0.5880450980392157 0.1018235294117647 0.24251372549019606
9 0.31067941176470587 0.5488372549019608 0.07105 0.10723529411764705
8 0.31770000000000004 0.7022568627450981 0.07038529411764706 0.03368039215686275
7 0.22724999999999998 0.6131725490196078 0.16301470588235295 0.24962941176470585
19 0.40361176470588234 0.42618039215686276 0.051029411764705886 0.06584117647058824
18 0.41785 0.6183411764705883 0.04127352941176471 0.030554901960784316