9 0.5435294117647059 0.5582426778242677 0.14216470588235294 0.10556485355648536
8 0.7355176470588236 0.5428870292887029 0.04545882352941177 0.09280334728033472
7 0.6219176470588236 0.6559832635983264 0.31238823529411763 0.18152719665271966
1 0.5892235294117647 0.49372384937238495 0.3074941176470588 0.12598326359832634
4 0.44261176470588237 0.5587029288702929 0.11175294117647058 0.27006276150627617
2 0.35258823529411765 0.5019874476987447 0.10387058823529413 0.3910878661087866
12 0.27231764705882355 0.48912133891213394 0.09521176470588236 0.3615481171548117
15 0.19701176470588236 0.46426778242677824 0.028023529411764708 0.07604602510460251
13 0.19258823529411764 0.5637238493723848 0.04270588235294117 0.15702928870292887
6 0.22934117647058824 0.5463389121338912 0.0677529411764706 0.2505020920502092
17 0.3257529411764706 0.670020920502092 0.18282352941176472 0.11374476987447699
19 0.368964705882353 0.43696652719665274 0.05749411764705882 0.08228033472803346
18 0.6393764705882353 0.4238284518828452 0.03788235294117647 0.06361924686192469