9 0.6838854166666667 0.6657962962962962 0.1825989583333333 0.13194444444444445
8 0.9340729166666667 0.6664351851851852 0.03974479166666667 0.10543518518518519
1 0.740890625 0.5838611111111112 0.39295833333333335 0.14862037037037037
7 0.7847291666666667 0.8103981481481481 0.407375 0.29182407407407407
4 0.5330729166666667 0.7104907407407408 0.18827083333333333 0.399037037037037
2 0.36551562499999996 0.5750740740740741 0.19429166666666667 0.5026574074074074
12 0.20120833333333332 0.5584537037037037 0.14171875 0.47280555555555553
15 0.057671875000000004 0.5247592592592593 0.04996875 0.08598148148148148
13 0.056484375 0.6941574074074075 0.05657291666666667 0.22337037037037039
6 0.10596875 0.6307592592592592 0.129484375 0.33628703703703705
17 0.3094635416666666 0.8221944444444444 0.33480208333333333 0.13878703703703701
19 0.38308854166666667 0.5008796296296296 0.08101041666666667 0.11691666666666667