15 0.38998626373626377 0.474251497005988 0.13942307692307693 0.0975249500998004
14 0.20953296703296703 0.4789421157684631 0.0468956043956044 0.08538922155688623
13 0.3202884615384615 0.615369261477046 0.29800824175824175 0.19187624750499002
6 0.47219780219780216 0.49061876247504993 0.0999587912087912 0.1611576846307385
12 0.5611126373626374 0.5012175648702595 0.15835164835164836 0.34489021956087823
2 0.6886263736263736 0.5000798403193613 0.1466346153846154 0.3390818363273453
17 0.6555906593406593 0.6813972055888223 0.2268543956043956 0.054251497005988025
15 0.8237500000000001 0.5181437125748503 0.03273351648351648 0.034850299401197604
4 0.786717032967033 0.5660479041916168 0.07604395604395604 0.20125748502994012
7 0.842087912087912 0.6127345309381238 0.03446428571428571 0.14417165668662676
19 0.7394505494505496 0.45081836327345315 0.04376373626373626 0.06908183632734531
0 0.2875274725274725 0.46934131736526946 0.19445054945054946 0.271936127744511