7 0.2387734375 0.2570222743259086 0.35900781249999997 0.1719812426729191
1 0.2912265625 0.4338921453692849 0.365703125 0.11036342321219227
9 0.3364296875 0.37050410316529897 0.1636953125 0.09412661195779602
2 0.620125 0.4276670574443142 0.1685859375 0.4027315357561547
12 0.7718125 0.4393786635404455 0.1307265625 0.3844314185228605
17 0.6602578125 0.2494255568581477 0.291265625 0.0867643610785463
19 0.6056171875 0.487010550996483 0.0859921875 0.0893200468933177
4 0.4752734375 0.3407268464243845 0.1647421875 0.22670574443141853
15 0.8997109375000001 0.4655451348182884 0.0335625 0.08660023446658852
13 0.898390625 0.35184056271981246 0.066640625 0.17404454865181712
6 0.8459843749999999 0.37138335287221574 0.11259375 0.2901524032825322