9 0.4820114942528736 0.6549400000000001 0.1643103448275862 0.24095
7 0.26132183908045975 0.73152 0.29218390804597705 0.4097
4 0.4201724137931035 0.45993 0.46488505747126435 0.14808000000000002
2 0.5256704980842911 0.309 0.5773563218390805 0.15397999999999998
12 0.5490421455938698 0.1815 0.5256130268199234 0.10264
15 0.5655938697318008 0.08737 0.10438697318007663 0.02867
13 0.3975287356321839 0.08906 0.15687739463601533 0.04347
6 0.4803639846743295 0.13002 0.349463601532567 0.0654
17 0.25321839080459774 0.27412000000000003 0.14193486590038315 0.26788
19 0.642088122605364 0.32802 0.12055555555555555 0.08997
1 0.5628544061302682 0.67991 0.1645977011494253 0.44803