8 0.5700149253731344 0.4855342902711324 0.21229850746268658 0.16393939393939394
9 0.8816641791044777 0.5096650717703349 0.06588059701492538 0.15295055821371611
7 0.6887985074626866 0.313444976076555 0.49038059701492537 0.3715151515151515
3 0.4287985074626866 0.4833971291866028 0.15161194029850747 0.5242105263157895
10 0.30085820895522386 0.569920255183413 0.10895522388059702 0.6699202551834131
11 0.23180597014925375 0.5905263157894737 0.11137313432835821 0.624561403508772
16 0.26717910447761195 0.29515151515151516 0.2015149253731343 0.18872408293460924
14 0.14088805970149254 0.6203349282296651 0.025686567164179105 0.10545454545454547
13 0.13909701492537313 0.4435885167464115 0.037029850746268654 0.23953748006379585
5 0.16201492537313433 0.47371610845295054 0.05145522388059702 0.29521531100478465
18 0.319955223880597 0.6992185007974482 0.09403731343283582 0.13810207336523125
1 0.6481865671641791 0.6045773524720893 0.46885820895522384 0.2197607655502392
19 0.7368134328358209 0.7370175438596491 0.051231343283582094 0.0790749601275917