1 0.6338 0.7181666666666666 0.09482499999999999 0.3691833333333333
7 0.415375 0.7701666666666667 0.26905 0.33918333333333334
2 0.6034 0.3684 0.483975 0.19393333333333332
12 0.6131 0.187 0.464525 0.16981666666666667
13 0.47407499999999997 0.04313333333333333 0.24760000000000001 0.06726666666666667
6 0.530525 0.11553333333333332 0.3418 0.12126666666666668
15 0.6451749999999999 0.039 0.11755 0.05533333333333334
17 0.36662500000000003 0.31285 0.093775 0.3252333333333333
9 0.579275 0.6985833333333333 0.10795 0.193
19 0.6508499999999999 0.41925 0.101125 0.1158
4 0.49012500000000003 0.5412333333333333 0.40745 0.21163333333333334