9 0.42534408602150536 0.44872580645161286 0.2328494623655914 0.14112903225806453
8 0.8051935483870968 0.45553225806451614 0.10161290322580645 0.1316935483870968
7 0.5865483870967741 0.5969516129032258 0.5783655913978495 0.2767096774193548
1 0.5521505376344086 0.3672741935483871 0.529483870967742 0.15333870967741933
4 0.28882795698924735 0.4761612903225807 0.1287956989247312 0.4244677419354839
2 0.2076989247311828 0.3910806451612903 0.1262795698924731 0.5327258064516129
12 0.13459139784946236 0.37674193548387097 0.12446236559139785 0.49024193548387096
13 0.048 0.5098387096774194 0.01798924731182796 0.2113225806451613
6 0.08186021505376344 0.4986451612903226 0.05779569892473118 0.2935967741935484
15 0.06050537634408602 0.35304838709677416 0.04079569892473118 0.06037096774193548
17 0.16983870967741935 0.6388064516129033 0.1890537634408602 0.1469193548387097
19 0.2079032258064516 0.29169354838709677 0.08675268817204301 0.10354838709677419
18 0.7209139784946237 0.2791451612903226 0.07744086021505375 0.07843548387096774