1 0.3529692832764505 0.48402083333333334 0.46674061433447095 0.12793749999999998
9 0.3935836177474403 0.4384375 0.1777986348122867 0.06241666666666667
8 0.12278156996587031 0.43835416666666666 0.046160409556313994 0.0654375
7 0.29389078498293514 0.35972916666666666 0.4378498293515358 0.17425
17 0.6989590443686007 0.3406875 0.2765870307167236 0.15537499999999999
2 0.6556996587030717 0.46629166666666666 0.17170648464163824 0.3969583333333333
12 0.7575255972696247 0.45410416666666664 0.17580204778156996 0.4014166666666667
19 0.6396587030716723 0.5275416666666667 0.08709897610921502 0.08358333333333333
4 0.5298122866894198 0.42764583333333334 0.16206484641638225 0.3061666666666667
6 0.8500682593856655 0.429875 0.13774744027303754 0.2646875
15 0.8989931740614333 0.493 0.03479522184300341 0.05297916666666667