8 0.5552343750000001 0.3969789227166276 0.24240625 0.12236533957845433
9 0.8876250000000001 0.3851990632318501 0.05625 0.10339578454332553
7 0.6823750000000001 0.25142857142857145 0.50390625 0.2105386416861827
3 0.376453125 0.3658313817330211 0.1300625 0.3384777517564403
10 0.26549999999999996 0.43482435597189695 0.10284374999999998 0.4296252927400468
11 0.17146875 0.4322014051522248 0.1095 0.4315925058548009
16 0.223203125 0.22124121779859485 0.220203125 0.11053864168618267
14 0.071421875 0.43651053864168615 0.03203125 0.07274004683840748
13 0.074046875 0.3575175644028103 0.042078125 0.11290398126463701
5 0.106171875 0.3560889929742389 0.057140625 0.2793911007025761
18 0.266859375 0.5356440281030445 0.0935625 0.08723653395784543
19 0.68859375 0.5295081967213114 0.05 0.05695550351288056
1 0.6192656249999999 0.47440281030444964 0.533953125 0.10168618266978924