9 0.12059375000000001 0.5978611111111111 0.0638203125 0.11643055555555555
8 0.46240625 0.6106805555555556 0.161515625 0.13283333333333333
1 0.3540390625 0.49561111111111106 0.4942578125 0.19895833333333332
7 0.321125 0.7610555555555556 0.5221953125 0.2946944444444445
3 0.6022031250000001 0.6108888888888888 0.13702343749999998 0.4100972222222222
10 0.7200390624999999 0.5101527777777778 0.1383125 0.6207916666666667
11 0.8151015625 0.4862638888888889 0.1461171875 0.5688194444444444
16 0.7602421875 0.7474166666666666 0.23114062500000002 0.17479166666666665
14 0.9172578124999999 0.37288888888888894 0.0425859375 0.0785138888888889
13 0.9358437500000001 0.5993194444444444 0.043296875 0.19341666666666665
5 0.8942343749999999 0.5232638888888889 0.0720546875 0.35683333333333334
18 0.6922890625 0.4197916666666667 0.09003125 0.09826388888888889