8 0.4875625 0.3827 0.14975 0.09040000000000001
9 0.800075 0.38244 0.0604875 0.1013
1 0.5795125 0.44712 0.46277500000000005 0.10076
7 0.6349625 0.24228 0.46975 0.17902
18 0.2881125 0.50852 0.0812875 0.05224
19 0.6954375 0.5137200000000001 0.0452125 0.04186
16 0.25955 0.20224 0.1544375 0.07236
10 0.2933875 0.42419999999999997 0.0885875 0.44944
11 0.2132 0.40926 0.0653125 0.40064
3 0.3691375 0.34086 0.12359999999999999 0.30386
13 0.123825 0.29428 0.104425 0.14784
5 0.183325 0.34032 0.0730125 0.29722000000000004