7 0.6096953405017921 0.3652791068580542 0.39800179211469533 0.2352950558213716
9 0.7168189964157706 0.5136204146730463 0.1335304659498208 0.09937799043062201
8 0.4600806451612904 0.5076714513556619 0.05274193548387097 0.0874641148325359
1 0.6286917562724015 0.5687240829346092 0.37339605734767023 0.07848484848484849
18 0.5430197132616488 0.6090111642743222 0.04923835125448029 0.057464114832535884
19 0.8633243727598566 0.6040191387559809 0.056460573476702504 0.07043062200956937
4 0.818673835125448 0.4619776714513557 0.08021505376344086 0.333652312599681
2 0.8677598566308243 0.5211483253588517 0.07269713261648746 0.4237001594896332
12 0.9280197132616488 0.5079744816586922 0.04592293906810036 0.39944178628389154
13 0.9715860215053763 0.4120574162679426 0.020734767025089605 0.1060127591706539
19 0.9658960573476703 0.5311961722488038 0.020394265232974912 0.049330143540669856
12 0.9497849462365592 0.4421212121212121 0.03420250896057348 0.2394098883572568
17 0.8961379928315413 0.32562998405103666 0.09629928315412187 0.10025518341307815