9 0.4679875 0.4750444444444445 0.1374625 0.07242222222222224
8 0.27513750000000003 0.47255555555555556 0.036762500000000004 0.05855555555555556
7 0.3978 0.36995555555555554 0.3354125 0.19111111111111112
1 0.43670000000000003 0.5192 0.3348875 0.08368888888888888
4 0.5756 0.4404888888888889 0.0823125 0.24922222222222223
2 0.6473875 0.4956666666666667 0.0862625 0.32995555555555556
12 0.7100375 0.5004444444444445 0.0663125 0.30693333333333334
17 0.6722374999999999 0.3422444444444444 0.142625 0.08235555555555556
15 0.7660250000000001 0.5101333333333333 0.0202125 0.05071111111111111
13 0.7730374999999999 0.4473111111111111 0.03195 0.11175555555555555
6 0.752725 0.48762222222222223 0.033162500000000004 0.1360888888888889
19 0.64125 0.5610666666666666 0.06065 0.07262222222222223