9 0.33292906178489706 0.1394375 0.09892448512585812 0.0347375
8 0.33814645308924485 0.304975 0.10931350114416477 0.172075
7 0.2180091533180778 0.2583125 0.17796338672768877 0.2881125
1 0.3900228832951945 0.2998375 0.10437070938215103 0.3242875
3 0.28627002288329517 0.43524999999999997 0.3430892448512586 0.1424
10 0.3514187643020595 0.576475 0.41045766590389016 0.17129999999999998
11 0.34478260869565214 0.7269875 0.4029061784897025 0.1286
13 0.2189016018306636 0.8724124999999999 0.19693363844393594 0.0881875
5 0.27702517162471396 0.8057125 0.2731350114416476 0.1421
16 0.1483066361556064 0.6218 0.07288329519450801 0.29945
18 0.420045766590389 0.5423875 0.10151029748283753 0.0750125