18 0.6035775862068966 0.2912924071082391 0.05602370689655173 0.06203554119547657
8 0.4852047413793103 0.4635218093699516 0.13543103448275862 0.15122778675282714
9 0.22956896551724137 0.577140549273021 0.07311422413793103 0.06182552504038773
7 0.3910775862068966 0.6426332794830372 0.40510775862068965 0.4189983844911147
3 0.5879525862068966 0.4203554119547657 0.06883620689655173 0.1284329563812601
16 0.6582974137931035 0.4884652665589661 0.08882543103448276 0.15588045234248787
10 0.6039978448275862 0.3790630048465266 0.11939655172413793 0.33449111470113085
11 0.6392672413793103 0.3431663974151858 0.12742456896551724 0.28854604200323103
5 0.6853556034482758 0.3465751211631664 0.06630387931034483 0.07783521809369952
1 0.37863146551724136 0.46224555735056544 0.3572090517241379 0.2973344103392569
19 0.282489224137931 0.42573505654281096 0.036551724137931035 0.06597738287560583