8 0.492525 0.5504503105590062 0.2086 0.16422360248447207
9 0.8590416666666666 0.5774534161490683 0.057866666666666663 0.1384006211180124
7 0.6475166666666666 0.34639751552795034 0.5566833333333333 0.39498447204968945
3 0.3445666666666667 0.5026086956521739 0.11270000000000001 0.44124223602484475
1 0.610875 0.6628260869565218 0.5477 0.14498447204968945
10 0.250625 0.5983385093167701 0.10576666666666666 0.6366925465838509
11 0.20425 0.6173913043478261 0.10110833333333333 0.5864906832298137
16 0.2247583333333333 0.30813664596273294 0.16831666666666667 0.18535714285714286
14 0.12762500000000002 0.6402639751552794 0.03356666666666667 0.07322981366459627
5 0.14288333333333333 0.5562732919254658 0.035916666666666666 0.2291304347826087
18 0.2592333333333333 0.7225 0.10154166666666666 0.12236024844720496
19 0.720075 0.7474068322981366 0.056558333333333335 0.0967391304347826