1 0.112333984375 0.5392226148409894 0.162314453125 0.13328621908127208
1 0.293701171875 0.5645583038869258 0.1752734375 0.1454416961130742
1 0.503134765625 0.5822261484098941 0.214169921875 0.16148409893992935
1 0.702509765625 0.6131095406360424 0.1690234375 0.08830388692579505
1 0.886982421875 0.6054063604240283 0.17576171875 0.14363957597173144
8 0.042275390625 0.4992579505300353 0.041708984375 0.10473498233215547
9 0.174921875 0.5067491166077739 0.037138671875 0.1068904593639576
8 0.20939453125 0.5145936395759717 0.041279296875 0.14830388692579505
9 0.37142578125 0.5161837455830389 0.032431640625 0.14508833922261485
8 0.42025390625 0.4903180212014134 0.06837890625 0.1682685512367491
9 0.590634765625 0.503886925795053 0.069169921875 0.1011660777385159
8 0.632802734375 0.5601060070671378 0.032529296875 0.0915547703180212
9 0.769140625 0.5625795053003534 0.04837890625 0.10939929328621908
8 0.821474609375 0.5160070671378092 0.040498046875 0.09975265017667845
9 0.95115234375 0.5267137809187279 0.053740234375 0.09547703180212014
7 0.891572265625 0.4016254416961131 0.1760546875 0.2371731448763251
7 0.714130859375 0.36897526501766786 0.184150390625 0.2682332155477032
7 0.50296875 0.3380918727915195 0.2637890625 0.29
7 0.2842578125 0.34897526501766785 0.214697265625 0.2796466431095406
7 0.101904296875 0.3170318021201413 0.17990234375 0.2864310954063604
18 0.014658203125 0.5857950530035336 0.025927734375 0.09151943462897526
18 0.192578125 0.6262897526501767 0.023427734375 0.10187279151943462
18 0.386220703125 0.6843109540636042 0.030302734375 0.08296819787985867
19 0.61583984375 0.6762544169611308 0.03296875 0.09901060070671377
19 0.80361328125 0.6204240282685513 0.026787109375 0.09653710247349824
19 0.9709765625 0.6578798586572439 0.03302734375 0.10724381625441697