9 0.49385 0.4405891719745223 0.210675 0.10273885350318471
8 0.8812833333333333 0.34450636942675156 0.07221666666666667 0.12711783439490446
1 0.5949166666666666 0.28558917197452227 0.5661583333333333 0.18127388535031846
7 0.6559833333333333 0.6160828025477707 0.6016166666666667 0.4518630573248407
4 0.34186666666666665 0.5563216560509554 0.126725 0.5511305732484076
2 0.22489166666666668 0.45105095541401274 0.13944166666666669 0.6777866242038216
12 0.12844999999999998 0.4687101910828026 0.08988333333333333 0.636671974522293
15 0.06079166666666667 0.46055732484076434 0.031241666666666668 0.09171974522292994
13 0.061325000000000005 0.6621178343949045 0.0423 0.1572611464968153
6 0.09715833333333333 0.6292197452229299 0.06269999999999999 0.3671178343949045
19 0.20989166666666667 0.3253980891719745 0.102775 0.1653343949044586
17 0.20595 0.7936942675159235 0.19845 0.08272292993630574