9 0.402294921875 0.6888388278388279 0.05396240234375 0.037065934065934066
8 0.51161865234375 0.6966996336996337 0.01775634765625 0.038293040293040294
7 0.44917236328125 0.7264725274725274 0.1650048828125 0.08181684981684982
4 0.36206298828125 0.6785604395604395 0.04265380859375 0.08135897435897436
19 0.33267822265625 0.6405641025641026 0.032705078125 0.024443223443223444
2 0.324951171875 0.666010989010989 0.04725341796875 0.1539194139194139
12 0.30100341796875 0.6585714285714286 0.04590087890625 0.1382820512820513
17 0.3093994140625 0.739996336996337 0.06343994140625 0.043245421245421245
13 0.26033447265625 0.6997509157509157 0.014638671875 0.0504981684981685
6 0.2740087890625 0.6535531135531135 0.03124267578125 0.07712454212454213
7 0.43275634765625 0.665908424908425 0.1657373046875 0.053769230769230764
18 0.4737890625 0.6414322344322344 0.01540771484375 0.01320879120879121