9 0.5130515463917527 0.47811813186813185 0.08851546391752577 0.15171703296703298
8 0.49251546391752576 0.7741483516483517 0.08868041237113401 0.06105769230769231
7 0.38534020618556697 0.6068131868131869 0.2791958762886598 0.41160714285714284
4 0.4790721649484536 0.38728021978021976 0.31668041237113403 0.09743131868131868
2 0.5537938144329896 0.31572802197802197 0.4194432989690722 0.0817032967032967
12 0.5563505154639174 0.2668269230769231 0.3870721649484536 0.08877747252747252
17 0.3568865979381443 0.2857692307692308 0.08729896907216496 0.14164835164835166
19 0.6343917525773196 0.33281593406593407 0.09125773195876288 0.08839285714285713
18 0.6124948453608248 0.7099725274725275 0.07369072164948454 0.051002747252747255
15 0.6091752577319587 0.2005631868131868 0.06329896907216495 0.02618131868131868
6 0.5525154639175258 0.20618131868131867 0.15616494845360823 0.03991758241758241
1 0.5525979381443299 0.5803571428571429 0.0980618556701031 0.37619505494505495