9 0.4948 0.37627499999999997 0.11008888888888889 0.168875
8 0.6108666666666667 0.6752375 0.12491111111111111 0.0806875
7 0.37517777777777783 0.53215 0.4436444444444444 0.47784999999999994
1 0.6144666666666666 0.4745125 0.1716 0.426575
2 0.4776444444444444 0.2070625 0.48564444444444443 0.11109999999999999
12 0.46675555555555553 0.129625 0.4490444444444444 0.0868
15 0.4697777777777778 0.0856375 0.07331111111111112 0.040075
19 0.5332 0.192975 0.1276 0.09393750000000001
18 0.711311111111111 0.588475 0.05422222222222222 0.05995
17 0.20871111111111113 0.1953625 0.12555555555555556 0.13205
4 0.39526666666666666 0.2747 0.3406222222222222 0.10460000000000001
13 0.30848888888888887 0.0887375 0.1325111111111111 0.029900000000000003
6 0.3960444444444444 0.1004125 0.20884444444444444 0.057