9 0.2937777777777778 0.41968666666666665 0.08354666666666666 0.13465333333333332
7 0.20300444444444443 0.5099266666666666 0.13310222222222223 0.3195733333333333
1 0.34428444444444445 0.48342 0.10105777777777777 0.32211333333333336
8 0.3044177777777778 0.6426533333333333 0.08112 0.03392
4 0.28684444444444446 0.32746 0.19708444444444445 0.09908
12 0.3558044444444444 0.1757 0.2638933333333333 0.07556666666666666
2 0.34617777777777775 0.25183333333333335 0.28315555555555555 0.07672
19 0.38657777777777774 0.24941333333333335 0.04341333333333334 0.06743333333333333
13 0.2858311111111111 0.09981333333333334 0.08642666666666667 0.027219999999999998
6 0.31775111111111115 0.12628 0.1756711111111111 0.045906666666666665
15 0.3776177777777778 0.10082666666666668 0.058631111111111106 0.019126666666666667
17 0.20556444444444444 0.22111333333333336 0.08488 0.16414