16 0.5939382716049383 0.30890350877192985 0.34817283950617284 0.11932017543859648
13 0.1852962962962963 0.3555263157894737 0.2504197530864198 0.1624780701754386
0 0.14112345679012345 0.5146052631578947 0.15153086419753087 0.1617543859649123
14 0.19618518518518518 0.5001535087719298 0.11351851851851852 0.08206140350877193
10 0.6420987654320988 0.4795175438596491 0.24871604938271605 0.45745614035087717
11 0.4755925925925926 0.48004385964912283 0.20069135802469137 0.46475877192982457
5 0.3420493827160494 0.46100877192982453 0.17459259259259258 0.28846491228070176
3 0.7832962962962964 0.4293201754385965 0.193679012345679 0.20144736842105262
1 0.812111111111111 0.5064254385964913 0.19407407407407407 0.07526315789473684
8 0.8898024691358025 0.44125000000000003 0.03187654320987655 0.055087719298245616
18 0.7028395061728394 0.5403728070175439 0.039419753086419755 0.07962719298245614