9 0.7076625 0.548604118993135 0.117575 0.0806178489702517
12 0.3089625 0.4975057208237986 0.13765 0.3491075514874142
2 0.45840000000000003 0.502700228832952 0.161525 0.35951945080091535
17 0.4186625 0.711578947368421 0.295425 0.10398169336384439
15 0.1536625 0.45814645308924484 0.0595625 0.08276887871853547
13 0.1551375 0.6808009153318078 0.0774875 0.11725400457665905
7 0.7655249999999999 0.6808009153318078 0.181675 0.19494279176201373
1 0.7258125 0.47887871853546915 0.18715 0.1237299771167048
19 0.498575 0.47553775743707094 0.0701625 0.06803203661327231
6 0.185525 0.5395881006864989 0.1280125 0.2517162471395881
4 0.6185 0.5837299771167048 0.18105000000000002 0.25823798627002287