2 0.4082963709677419 0.5367056074766355 0.17727822580645164 0.5214018691588785
12 0.5904435483870968 0.5406308411214953 0.18875 0.5432710280373833
17 0.4882661290322581 0.29376168224299065 0.3472883064516129 0.07761682242990654
4 0.26399193548387095 0.46570093457943923 0.15366935483870967 0.3747429906542056
7 0.1435282258064516 0.3192289719626168 0.08725806451612904 0.1285514018691589
1 0.19077620967741934 0.5740654205607476 0.1227016129032258 0.1094392523364486
9 0.145 0.485607476635514 0.06599798387096774 0.10147196261682243
19 0.35335685483870966 0.6076869158878504 0.05803427419354839 0.11198598130841121
15 0.8452620967741935 0.5664953271028037 0.09153225806451612 0.11371495327102804
13 0.8396270161290322 0.3935280373831776 0.10647177419354839 0.23042056074766357
6 0.7201209677419355 0.4446728971962617 0.1658467741935484 0.37009345794392523