7 0.35194180522565316 0.17857666015625 0.33508313539192397 0.26895751953125
8 0.5209144893111639 0.22841064453125 0.1860985748218527 0.12936767578125
1 0.5859679334916864 0.22858154296875 0.18556413301662708 0.29572265625
3 0.44196555819477434 0.350361328125 0.4735688836104513 0.169619140625
10 0.5716745843230404 0.5235986328125 0.6676603325415676 0.2094921875
11 0.5745071258907364 0.72997802734375 0.667393111638955 0.2072119140625
14 0.6148515439429929 0.93150146484375 0.16019002375296912 0.0682666015625
13 0.40471496437054627 0.93343994140625 0.3753087885985748 0.0843505859375
5 0.45343824228028506 0.84146728515625 0.4668230403800475 0.13966064453125
16 0.24315320665083137 0.5989013671875 0.09375890736342042 0.3869482421875
18 0.6623574821852732 0.4664501953125 0.1245665083135392 0.07077880859375