1 0.37800824175824177 0.5781098901098901 0.3317307692307692 0.13938461538461538
9 0.41593406593406596 0.5005274725274725 0.16377747252747255 0.10235164835164835
7 0.33449175824175825 0.3750549450549451 0.30479395604395604 0.23602197802197802
4 0.5409752747252747 0.500065934065934 0.12531593406593408 0.28547252747252744
2 0.658076923076923 0.5805054945054945 0.12850274725274724 0.439032967032967
12 0.7543956043956045 0.6093186813186814 0.10346153846153845 0.3913846153846154
13 0.8521153846153846 0.5430989010989011 0.02822802197802198 0.12703296703296701
15 0.8442032967032967 0.6762857142857143 0.03471153846153846 0.08026373626373627
6 0.8250412087912088 0.6330989010989011 0.05340659340659341 0.1367032967032967
19 0.6246016483516483 0.6435824175824175 0.08831043956043957 0.08079120879120878
17 0.685412087912088 0.3957802197802198 0.19618131868131866 0.13463736263736265