1 0.5347109375 0.44358333333333333 0.35046093749999996 0.0613125
9 0.4963046875 0.4843958333333333 0.1804453125 0.09086458333333333
8 0.7130234375 0.48257291666666663 0.0293515625 0.06377083333333333
7 0.58371875 0.626125 0.3589921875 0.22848958333333333
4 0.35603125 0.533625 0.1200625 0.2559895833333333
2 0.25308593749999997 0.4886666666666667 0.088 0.35201041666666666
12 0.1888515625 0.48298958333333336 0.090390625 0.3302395833333333
15 0.11649218750000001 0.44748958333333333 0.023796875000000002 0.0535
6 0.130296875 0.500125 0.029929687500000003 0.13273958333333333
13 0.1124140625 0.5388854166666667 0.019539062500000003 0.11910416666666666
17 0.2273828125 0.6444895833333334 0.1713671875 0.10896875
19 0.27390625 0.42902083333333335 0.073 0.07386458333333333