19 0.398125 0.4232888888888889 0.086925 0.07842222222222223
17 0.33128749999999996 0.7248222222222223 0.2350625 0.1360222222222222
1 0.6580125 0.46973333333333334 0.35441249999999996 0.10664444444444444
9 0.613575 0.5214222222222222 0.151925 0.11706666666666667
7 0.71085 0.6714666666666668 0.3520375 0.2647555555555556
4 0.49213749999999995 0.5572666666666667 0.1385875 0.3463555555555556
2 0.360675 0.49291111111111113 0.137025 0.4236888888888889
12 0.253125 0.4940888888888889 0.131025 0.4139555555555556
15 0.1529625 0.45524444444444445 0.042062499999999996 0.06957777777777778
13 0.13515 0.6196222222222222 0.04051249999999999 0.23266666666666666
6 0.16727499999999998 0.51 0.058875000000000004 0.20877777777777778