17 0.6574301075268817 0.3564032258064516 0.3597956989247312 0.23180645161290322
2 0.5887204301075268 0.5489516129032258 0.2180752688172043 0.6007580645161291
12 0.7400537634408603 0.5619354838709677 0.20220430107526882 0.6177903225806451
4 0.41223655913978496 0.4692096774193549 0.1822258064516129 0.2929032258064516
7 0.18263440860215052 0.3714677419354839 0.32529032258064516 0.23611290322580644
9 0.26964516129032257 0.5141935483870967 0.17560215053763442 0.1054516129032258
1 0.24975268817204302 0.5810322580645162 0.3530322580645161 0.10366129032258063
19 0.5184623655913979 0.5935 0.11195698924731183 0.09308064516129032
13 0.9380860215053763 0.44806451612903225 0.07761290322580645 0.1975806451612903
6 0.8623978494623655 0.5339838709677419 0.16590322580645162 0.3697741935483871
15 0.9400645161290323 0.6262903225806452 0.04117204301075269 0.06190322580645162