9 0.6845729166666668 0.4213796296296296 0.18475000000000003 0.11360185185185186
1 0.712984375 0.351962962962963 0.4151927083333333 0.1290740740740741
7 0.784484375 0.6119444444444444 0.36373958333333334 0.2539814814814815
4 0.551953125 0.47248148148148145 0.20259375000000002 0.44450925925925927
2 0.3569322916666666 0.40067592592592594 0.19015104166666666 0.5276203703703705
12 0.18611458333333333 0.40278703703703705 0.1505989583333333 0.4855462962962963
15 0.04832291666666667 0.38634259259259257 0.052098958333333334 0.0684074074074074
13 0.055838541666666665 0.5464074074074075 0.048901041666666666 0.1940925925925926
6 0.08324479166666668 0.42376851851851854 0.069859375 0.2080648148148148
17 0.3120677083333333 0.6632777777777779 0.32959375 0.09912962962962964
19 0.3764583333333333 0.30534259259259255 0.099 0.13788888888888887