8 0.6498307692307692 0.4643237704918033 0.23986153846153846 0.1375204918032787
9 0.9340615384615384 0.48561475409836063 0.03907692307692307 0.12153688524590164
7 0.7582307692307693 0.3145286885245902 0.4346923076923077 0.22434426229508198
1 0.7115846153846154 0.5441188524590164 0.41610769230769235 0.18002049180327867
10 0.31504615384615386 0.5465778688524591 0.16156923076923077 0.5420901639344262
11 0.1815846153846154 0.5729303278688525 0.12533846153846154 0.48938524590163934
13 0.0524 0.44688524590163936 0.056 0.16704918032786883
14 0.06329230769230769 0.6798155737704918 0.038215384615384616 0.10010245901639345
5 0.09946153846153848 0.5036680327868852 0.07407692307692307 0.2981762295081967
3 0.4780923076923077 0.44204918032786883 0.16395384615384614 0.35756147540983607
18 0.3438307692307692 0.6156967213114753 0.0806 0.10069672131147542
16 0.2678 0.32438524590163936 0.32855384615384614 0.1620901639344262