14 0.650506329113924 0.397625 0.17741209563994373 0.101125
15 0.8677355836849509 0.38955 0.06323488045007032 0.100625
0 0.7574683544303796 0.41009999999999996 0.28233473980309426 0.22612500000000002
13 0.7167510548523207 0.5882999999999999 0.3872292545710267 0.2919
5 0.5138115330520394 0.464875 0.18354430379746836 0.48877499999999996
16 0.31665260196905765 0.67875 0.2621378340365682 0.14154999999999998
11 0.41135021097046415 0.44032499999999997 0.1930942334739803 0.5896750000000001
10 0.2830239099859353 0.4568 0.19421940928270043 0.5539000000000001
18 0.20566807313642754 0.38799999999999996 0.05426160337552743 0.0944
3 0.16746835443037975 0.4799 0.11004219409282699 0.24385
7 0.10652601969057665 0.614625 0.03530239099859353 0.163275