8 0.15241935483870966 0.4951129032258065 0.08895698924731184 0.05761290322580645
16 0.5159032258064516 0.6585483870967742 0.3885591397849463 0.10059677419354839
18 0.39629032258064517 0.41358064516129034 0.050408602150537635 0.06874193548387096
10 0.45464516129032256 0.4879354838709677 0.2651397849462366 0.4045483870967742
11 0.6568924731182796 0.4979677419354839 0.22322580645161288 0.4246129032258064
14 0.8928709677419355 0.45882258064516135 0.06291397849462366 0.0527741935483871
13 0.8998494623655914 0.6318387096774194 0.10591397849462365 0.10525806451612904
3 0.24883870967741933 0.5450161290322582 0.20149462365591397 0.24451612903225806
5 0.8248172043010753 0.4737903225806452 0.14737634408602152 0.26656451612903226
7 0.1324731182795699 0.5968064516129032 0.10772043010752688 0.1868064516129032
1 0.20641935483870968 0.45327419354838705 0.22180645161290322 0.08682258064516128