9 0.36936250000000004 0.417125 0.091525 0.12357499999999999
8 0.3631875 0.61035 0.0698 0.04751666666666667
7 0.26737500000000003 0.5037 0.18755 0.31603333333333333
1 0.406725 0.47534166666666666 0.085 0.3025
4 0.364675 0.33074166666666666 0.1946625 0.086225
2 0.4137625 0.2434666666666667 0.2897 0.08666666666666667
12 0.4200875 0.17223333333333335 0.2742125 0.058800000000000005
6 0.41808750000000006 0.13115833333333332 0.13897500000000002 0.034975
13 0.336275 0.10735 0.1690875 0.035275
15 0.4526125 0.12443333333333333 0.0642625 0.046525
17 0.26545 0.22811666666666666 0.08058749999999999 0.14764166666666664
19 0.44734999999999997 0.262825 0.0833 0.064975
18 0.45012500000000005 0.5313416666666667 0.0436625 0.03325833333333333