19 0.5868453608247423 0.42048076923076927 0.06364948453608248 0.0764010989010989
18 0.565958762886598 0.7037362637362639 0.04063917525773196 0.03853021978021978
1 0.5368247422680412 0.6306593406593407 0.1023298969072165 0.30945054945054945
7 0.37843298969072164 0.6531730769230769 0.19416494845360824 0.32793956043956046
9 0.4995051546391752 0.5654395604395605 0.09515463917525772 0.12906593406593406
8 0.47129896907216495 0.7637637362637363 0.07999999999999999 0.06366758241758241
2 0.5534432989690722 0.39902472527472527 0.34175257731958764 0.10343406593406593
12 0.5683505154639175 0.3348489010989011 0.315340206185567 0.10245879120879121
15 0.603381443298969 0.26564560439560436 0.08171134020618558 0.038956043956043955
13 0.4312577319587629 0.23880494505494504 0.11237113402061856 0.04271978021978022
6 0.5422886597938145 0.2693269230769231 0.13571134020618555 0.04519230769230769
17 0.38303092783505155 0.37138736263736266 0.11338144329896907 0.16552197802197802
4 0.47967010309278346 0.4764148351648351 0.2541443298969072 0.09837912087912089