9 0.4809203296703297 0.4091816367265469 0.1357554945054945 0.0745309381237525
8 0.24989010989010987 0.39994011976047905 0.03427197802197802 0.06355289421157685
7 0.37921703296703296 0.3094011976047904 0.3375961538461539 0.17437125748502993
1 0.41052197802197804 0.4540119760479042 0.3280769230769231 0.08686626746506987
4 0.5712225274725276 0.3830139720558882 0.10259615384615384 0.24926147704590818
2 0.6580494505494505 0.4460479041916168 0.10923076923076923 0.3543912175648703
12 0.7352060439560439 0.4545908183632735 0.09550824175824175 0.33502994011976045
15 0.8052197802197802 0.4903592814371257 0.028859890109890114 0.057245508982035925
6 0.7989697802197802 0.4042315369261477 0.041346153846153845 0.13201596806387225
17 0.6863873626373627 0.28385229540918167 0.16035714285714284 0.07586826347305389
19 0.6399038461538462 0.5011177644710579 0.06912087912087912 0.05383233532934131
18 0.35197802197802197 0.5029940119760479 0.039285714285714285 0.0500998003992016