17 0.49675799086757993 0.7185159010600707 0.3456012176560122 0.15275618374558303
4 0.7352663622526636 0.534452296819788 0.1782800608828006 0.3499646643109541
9 0.8324200913242009 0.5102473498233215 0.08170471841704718 0.10522968197879859
7 0.8402739726027396 0.657243816254417 0.09908675799086757 0.2892932862190813
1 0.7752054794520548 0.4196113074204947 0.17359208523592085 0.10851590106007067
19 0.6289041095890411 0.3962897526501767 0.046727549467275496 0.08540636042402827
2 0.559041095890411 0.4887279151943463 0.20296803652968035 0.647243816254417
12 0.3960121765601218 0.49473498233215546 0.1982496194824962 0.6317314487632509
6 0.22861491628614913 0.40738515901060074 0.15855403348554034 0.49240282685512365
13 0.15289193302891935 0.6392579505300353 0.10264840182648402 0.24151943462897524
15 0.15307458143074582 0.4715194346289753 0.0661187214611872 0.13381625441696113