19 0.179175 0.6844222222222223 0.06309375 0.08827777777777777
19 0.2537875 0.34463333333333335 0.15480625 0.14204444444444445
4 0.1703125 0.5124333333333333 0.0396375 0.24653333333333333
2 0.24751874999999998 0.5869777777777777 0.11564999999999999 0.5366888888888889
12 0.31920625 0.5861222222222222 0.10485625000000001 0.5518666666666667
17 0.255 0.3425888888888889 0.1556125 0.14396666666666666
13 0.61709375 0.40036666666666665 0.44855625000000005 0.30767777777777783
5 0.35220625 0.44958888888888887 0.07295 0.31352222222222226
15 0.52073125 0.6038555555555556 0.20374375 0.12947777777777777
14 0.7877875 0.6040222222222222 0.09201875 0.12241111111111111
0 0.6507125 0.5764888888888889 0.33396875000000004 0.24813333333333332