9 0.6077815699658704 0.5660000000000001 0.18351535836177477 0.057937499999999996
17 0.30168941979522185 0.687875 0.2565529010238908 0.119
7 0.7082252559726963 0.6525416666666667 0.4237713310580205 0.16689583333333333
1 0.6592150170648464 0.5238125 0.47278156996587034 0.10816666666666667
8 0.8791638225255973 0.566625 0.05346416382252559 0.06239583333333333
19 0.35127986348122864 0.4720833333333333 0.08267918088737201 0.07202083333333334
2 0.3485836177474403 0.5387500000000001 0.15343003412969283 0.39445833333333336
12 0.2277986348122867 0.5327916666666667 0.151160409556314 0.36652083333333335
6 0.13196245733788395 0.5115208333333333 0.1065358361774744 0.19256250000000003
13 0.09841296928327645 0.6168333333333333 0.046911262798634806 0.12435416666666667
15 0.10155290102389078 0.5211458333333333 0.038720136518771334 0.07077083333333332
4 0.44827645051194537 0.5772291666666667 0.15708191126279863 0.20075