19 0.66611875 0.6269777777777777 0.0624125 0.10116666666666667
7 0.36941875 0.3723 0.379725 0.22992222222222222
9 0.45464374999999996 0.5179333333333334 0.17517499999999997 0.11165555555555555
8 0.21249375 0.5051 0.0390875 0.07965555555555555
1 0.39325625000000003 0.5697 0.37439374999999997 0.1244888888888889
4 0.56311875 0.5135666666666666 0.11323124999999999 0.26166666666666666
2 0.67069375 0.5461333333333334 0.10751250000000001 0.4329555555555556
12 0.73929375 0.5495111111111111 0.100175 0.4124888888888889
15 0.81278125 0.5814888888888889 0.02894375 0.04828888888888889
13 0.8154187500000001 0.4475555555555556 0.0252875 0.1201111111111111
6 0.7872499999999999 0.46462222222222227 0.047525000000000005 0.22725555555555554
17 0.6966562500000001 0.3515777777777778 0.155625 0.09005555555555556