9 0.5223351648351648 0.6851958762886597 0.1632142857142857 0.08218556701030928
8 0.8121016483516484 0.7029896907216494 0.06874999999999999 0.08606185567010309
1 0.6030769230769231 0.6265154639175258 0.44513736263736264 0.12342268041237113
7 0.6392994505494506 0.7973608247422681 0.44784340659340655 0.2018144329896907
4 0.40210164835164836 0.694 0.10307692307692308 0.2534639175257732
19 0.31991758241758245 0.5547216494845362 0.09648351648351648 0.07814432989690721
2 0.30166208791208793 0.6239587628865979 0.15929945054945055 0.46404123711340206
12 0.23847527472527474 0.6245773195876289 0.12766483516483515 0.4430721649484536
6 0.14526098901098902 0.6070515463917526 0.08589285714285715 0.22721649484536083
13 0.11732142857142856 0.7449278350515465 0.035755494505494506 0.15723711340206187
17 0.2671428571428571 0.8210515463917525 0.20015109890109892 0.1318556701030928
18 0.7146016483516484 0.5584948453608247 0.05111263736263737 0.050824742268041234