1 0.7062127659574469 0.38688 0.4505531914893617 0.15584
9 0.6726808510638298 0.48856 0.20136170212765958 0.1544
7 0.7690212765957447 0.69768 0.42638297872340425 0.36463999999999996
2 0.35182978723404257 0.42319999999999997 0.25748936170212766 0.7884800000000001
12 0.1767659574468085 0.39656 0.17774468085106385 0.7736000000000001
17 0.282 0.71976 0.3169787234042553 0.22952
19 0.390936170212766 0.35024 0.0991063829787234 0.12096
6 0.0695744680851064 0.28088 0.12829787234042553 0.43336
13 0.02740425531914894 0.5714400000000001 0.039276595744680856 0.17928
4 0.5008936170212765 0.54312 0.18629787234042552 0.47472000000000003
15 0.034255319148936175 0.29824 0.030425531914893618 0.09695999999999999