19 0.5198444444444444 0.71234375 0.07633333333333334 0.043181250000000004
14 0.5798666666666666 0.28494375 0.14823333333333333 0.063375
15 0.5884555555555556 0.44344374999999997 0.15799999999999997 0.13245625
13 0.3923222222222222 0.39234375 0.24721111111111113 0.29900625000000003
0 0.5254111111111112 0.34990000000000004 0.3312333333333333 0.207875
6 0.4716111111111111 0.53139375 0.17616666666666667 0.06253125
12 0.4951 0.59404375 0.3379666666666667 0.1025125
2 0.49029999999999996 0.65825 0.3172555555555555 0.0964875
17 0.31302222222222226 0.6560062499999999 0.09602222222222223 0.13883125
7 0.38616666666666666 0.76875625 0.09787777777777779 0.028925
4 0.4195111111111111 0.7286625 0.17936666666666667 0.04665625