7 0.73782 0.24578544061302685 0.35538 0.2520689655172414
8 0.6561 0.3785057471264368 0.16369999999999998 0.12988505747126436
9 0.8599 0.4448659003831418 0.0513 0.09134099616858238
10 0.38154000000000005 0.5409578544061303 0.18869999999999998 0.6035249042145594
11 0.2318 0.5920689655172414 0.17158 0.5299616858237548
16 0.30886 0.2891954022988506 0.29982 0.1856704980842912
3 0.51962 0.3745593869731801 0.1778 0.383448275862069
5 0.1427 0.5470114942528737 0.11016 0.4398850574712644
13 0.09768 0.4767816091954023 0.06332 0.23632183908045976
14 0.09986 0.6776628352490421 0.04184 0.09260536398467434
18 0.40732 0.5877394636015326 0.09437999999999999 0.12911877394636018
19 0.71326 0.663831417624521 0.0451 0.0875095785440613
1 0.68908 0.5018773946360153 0.3515 0.22739463601532567