9 0.17448333333333332 0.3479888888888889 0.041575 0.07971111111111111
8 0.39214166666666667 0.37806666666666666 0.1626 0.08588888888888889
7 0.29911666666666664 0.5054111111111111 0.3789416666666667 0.21475555555555556
1 0.34646666666666665 0.3214444444444445 0.34269166666666667 0.08376666666666667
10 0.6160083333333334 0.3655333333333334 0.11748333333333333 0.3560777777777778
11 0.7126 0.3599666666666667 0.09085 0.32491111111111115
16 0.6455583333333333 0.5314666666666666 0.18610833333333335 0.08476666666666667
14 0.78755 0.3318333333333333 0.032 0.0601
13 0.7919333333333334 0.4470555555555556 0.033049999999999996 0.11264444444444444
5 0.7716416666666667 0.3685333333333333 0.048666666666666664 0.13666666666666666
18 0.6012333333333334 0.3265777777777778 0.07126666666666666 0.06486666666666667
3 0.508425 0.43106666666666665 0.12625833333333333 0.26524444444444445