9 0.5236875000000001 0.4836666666666667 0.208640625 0.13056944444444446
8 0.9157343750000001 0.48315277777777776 0.0645625 0.09868055555555555
19 0.2832109375 0.3009722222222222 0.10616406249999999 0.120125
18 0.779203125 0.2727777777777778 0.04953125 0.06681944444444445
1 0.64890625 0.3811388888888889 0.5632421875 0.16006944444444443
7 0.6766875 0.6497083333333333 0.577140625 0.434875
2 0.263921875 0.42415277777777777 0.17870312500000002 0.7707916666666667
12 0.16996093750000002 0.3922638888888889 0.1550625 0.7193611111111112
4 0.363953125 0.5236805555555556 0.15459375 0.4647361111111111
6 0.083390625 0.37675 0.10077343750000001 0.3827916666666667
17 0.20117968749999998 0.6920694444444445 0.20078125 0.20477777777777778