9 0.5086290322580646 0.5219354838709677 0.075 0.13178494623655915
8 0.515016129032258 0.710741935483871 0.06516129032258064 0.04917204301075268
7 0.3916290322580645 0.6071720430107527 0.18290322580645163 0.2914838709677419
1 0.5468387096774194 0.5712150537634408 0.05138709677419355 0.2754838709677419
4 0.4466774193548387 0.43111827956989246 0.22529032258064519 0.07703225806451613
2 0.5109838709677419 0.37591397849462366 0.29904838709677417 0.08195698924731183
12 0.5049032258064516 0.3206129032258065 0.26429032258064517 0.05386021505376344
15 0.513983870967742 0.27278494623655913 0.04375806451612903 0.02056989247311828
13 0.4251290322580645 0.2667741935483871 0.0660483870967742 0.015
6 0.4935322580645161 0.2823118279569893 0.09640322580645162 0.028870967741935486
17 0.36104838709677417 0.35978494623655916 0.07982258064516129 0.12789247311827956
19 0.5458064516129032 0.3711720430107527 0.062241935483870976 0.05821505376344086