8 0.3866428571428571 0.2344153846153846 0.04047619047619048 0.0701076923076923
7 0.32785714285714285 0.19284615384615383 0.09654761904761903 0.14841538461538462
1 0.40888095238095234 0.21855384615384615 0.041166666666666664 0.15696923076923078
3 0.36802380952380953 0.2881384615384615 0.15426190476190477 0.07536923076923077
10 0.3991190476190476 0.3374923076923077 0.21507142857142858 0.06827692307692308
11 0.4059047619047619 0.38955384615384614 0.22157142857142859 0.04926153846153847
16 0.32288095238095244 0.3625230769230769 0.07385714285714286 0.1000923076923077
5 0.4063333333333333 0.42619999999999997 0.11278571428571428 0.05138461538461538
18 0.4183333333333333 0.3187384615384615 0.036071428571428574 0.041723076923076925
9 0.3784047619047619 0.7485384615384616 0.05995238095238095 0.0793076923076923
17 0.3127619047619048 0.6011692307692308 0.07728571428571429 0.10626153846153845
19 0.4459047619047619 0.6209846153846154 0.03890476190476191 0.057046153846153844
2 0.39895238095238095 0.6122461538461538 0.2682380952380952 0.0756
12 0.42223809523809525 0.5694 0.2646428571428572 0.06312307692307692
1 0.4240238095238095 0.7557384615384616 0.05459523809523809 0.21853846153846154
7 0.3043095238095238 0.793553846153846 0.1420952380952381 0.19092307692307692
4 0.34228571428571425 0.6756307692307693 0.2032142857142857 0.09072307692307692
6 0.4122142857142857 0.5296923076923077 0.1442857142857143 0.05933846153846154