7 0.4864538461538461 0.455836820083682 0.34338461538461534 0.16019874476987447
9 0.5578153846153846 0.5234309623430962 0.14344615384615383 0.059560669456066945
8 0.35220769230769233 0.5392468619246862 0.05112307692307692 0.06076359832635984
1 0.4976384615384615 0.5866004184100418 0.3210076923076923 0.10601464435146443
18 0.4579307692307692 0.6448117154811716 0.030400000000000003 0.0379602510460251
19 0.7411923076923077 0.6281276150627615 0.06406153846153846 0.05404811715481172
4 0.6680153846153846 0.530407949790795 0.09348461538461539 0.2028347280334728
2 0.7535846153846154 0.5812133891213389 0.07898461538461539 0.28955020920502095
12 0.8095692307692308 0.5860041841004184 0.07353846153846154 0.2816945606694561
17 0.7645923076923077 0.44414225941422597 0.14442307692307693 0.08166317991631798
6 0.8499076923076924 0.5528870292887029 0.04372307692307693 0.15269874476987447