8 0.45794238683127575 0.29167582417582416 0.07864197530864198 0.14340659340659342
1 0.49203703703703705 0.29260989010989014 0.06452674897119341 0.28570054945054946
7 0.34144032921810696 0.2378296703296703 0.17030864197530862 0.2677197802197802
3 0.40141975308641975 0.4043543956043956 0.25823045267489714 0.1623763736263736
10 0.43477366255144034 0.5658791208791208 0.32037037037037036 0.16067307692307692
11 0.42292181069958845 0.7123214285714287 0.335761316872428 0.12945054945054946
14 0.3769958847736625 0.8647252747252747 0.09506172839506173 0.028832417582417582
13 0.2473045267489712 0.8620879120879121 0.14660493827160495 0.078489010989011
5 0.38977366255144036 0.8118681318681318 0.16094650205761316 0.09016483516483517
16 0.2576954732510288 0.600728021978022 0.12166666666666667 0.3128021978021978
18 0.5038888888888888 0.526565934065934 0.06991769547325102 0.10342032967032967