9 0.5467555555555556 0.4814875 0.09302222222222221 0.16243749999999998
8 0.5239111111111111 0.7311875000000001 0.07402222222222223 0.0468375
7 0.38057777777777774 0.5864625 0.2718 0.37488750000000004
4 0.4672444444444444 0.371475 0.3207111111111111 0.109925
1 0.5699777777777778 0.545625 0.10717777777777777 0.3907125
2 0.5286666666666667 0.2789 0.4079777777777778 0.08613749999999999
12 0.5333111111111112 0.22256250000000002 0.3704 0.06708750000000001
6 0.4981555555555555 0.170275 0.17806666666666665 0.0375
17 0.3393555555555556 0.256125 0.0916 0.1474
19 0.621488888888889 0.291125 0.1092 0.0617
18 0.6194666666666666 0.6062375 0.06071111111111111 0.046925