19 0.6742857142857143 0.6489565217391304 0.08076190476190477 0.12553623188405796
18 0.19906349206349205 0.6701159420289855 0.08495238095238096 0.10576811594202899
1 0.3468253968253968 0.5754782608695652 0.478 0.18973913043478258
9 0.44412698412698415 0.4763188405797102 0.20093650793650794 0.1322608695652174
8 0.1196825396825397 0.4840289855072464 0.08495238095238096 0.1393913043478261
7 0.3046984126984127 0.3167536231884058 0.5200952380952382 0.2821159420289855
4 0.5867777777777778 0.4391014492753623 0.14415873015873015 0.45118840579710145
2 0.7025238095238094 0.551391304347826 0.13033333333333333 0.6177971014492754
12 0.8190000000000001 0.5545507246376812 0.10146031746031746 0.596463768115942
15 0.9133809523809523 0.5780289855072464 0.03966666666666666 0.08307246376811595
13 0.9251269841269842 0.39098550724637676 0.045015873015873016 0.23898550724637682
6 0.8753333333333334 0.4348695652173913 0.07242857142857144 0.38063768115942026
17 0.7406666666666667 0.24857971014492755 0.21806349206349204 0.09498550724637682