19 0.4731328125 0.43543055555555554 0.08344531250000001 0.12015277777777779
9 0.730921875 0.5452916666666667 0.158046875 0.09405555555555556
1 0.7266640625 0.48804166666666665 0.2923828125 0.11844444444444445
7 0.7763828125 0.6739305555555556 0.2355703125 0.16481944444444444
4 0.6112968750000001 0.5732916666666666 0.18015625 0.3048194444444444
2 0.43296875 0.49601388888888887 0.171515625 0.416125
12 0.276765625 0.4896111111111111 0.1389296875 0.40368055555555554
15 0.13725 0.4618055555555556 0.0465859375 0.06995833333333333
13 0.145265625 0.5807916666666667 0.067078125 0.18887500000000002
6 0.1926953125 0.5410277777777778 0.1170703125 0.2795416666666667
17 0.38980468749999997 0.6877361111111111 0.3106171875 0.10116666666666667