7 0.26976 0.7841702127659574 0.34672000000000003 0.4316595744680851
1 0.6134400000000001 0.7012340425531914 0.154 0.45302127659574465
9 0.49944 0.675191489361702 0.142 0.2306808510638298
8 0.56192 0.9292765957446808 0.11871999999999999 0.0665531914893617
2 0.58376 0.3259148936170213 0.67872 0.18319148936170213
12 0.632 0.16727659574468087 0.65512 0.14868085106382978
15 0.69416 0.03251063829787234 0.12344 0.04323404255319149
13 0.4716 0.030382978723404255 0.19032 0.04748936170212766
6 0.55032 0.09191489361702128 0.48384 0.11034042553191489
4 0.45016 0.5017446808510638 0.45144 0.19872340425531917
17 0.28344 0.2832340425531915 0.21032 0.3148936170212766
19 0.654 0.3771489361702127 0.13112000000000001 0.11548936170212766