19 0.17777027027027026 0.5926588235294118 0.05072072072072072 0.04545882352941177
7 0.4057432432432433 0.8115058823529412 0.26982732732732734 0.07978823529411765
17 0.13749249249249249 0.8058117647058824 0.15034534534534533 0.05830588235294118
2 0.15828828828828828 0.6566117647058823 0.0954054054054054 0.291
12 0.09536036036036036 0.6594117647058824 0.07251501501501502 0.2973411764705882
13 0.028918918918918922 0.7492352941176471 0.024234234234234237 0.09678823529411765
15 0.034166666666666665 0.655035294117647 0.025187687687687685 0.03125882352941176
9 0.3361036036036036 0.6744470588235294 0.1249924924924925 0.061129411764705884
8 0.5110510510510511 0.6789294117647059 0.028723723723723723 0.043199999999999995
1 0.36953453453453455 0.6318705882352942 0.275518018018018 0.08354117647058824
4 0.24409909909909908 0.6508235294117648 0.09542042042042041 0.16514117647058824
8 0.745045045045045 0.685564705882353 0.05025525525525525 0.059823529411764706
9 0.5539564564564564 0.6923764705882353 0.08021771771771771 0.07009411764705882
1 0.6059834834834834 0.636164705882353 0.2850900900900901 0.09885882352941176
19 0.4238738738738739 0.589764705882353 0.040983483483483484 0.036305882352941174
7 0.654009009009009 0.8253294117647059 0.24815315315315317 0.06708235294117647
9 0.7808033033033033 0.6904117647058824 0.038423423423423426 0.05608235294117647
8 0.940563063063063 0.6841647058823529 0.0469069069069069 0.053658823529411766
1 0.8270570570570571 0.6374705882352941 0.251036036036036 0.08130588235294117
18 0.70012012012012 0.5889294117647058 0.03578828828828829 0.03798823529411765
18 0.9096321321321322 0.595835294117647 0.034391891891891894 0.04508235294117647
7 0.8733558558558558 0.7953529411764705 0.2042117117117117 0.06428235294117647