9 0.65340625 0.6763166666666667 0.13159375 0.07220833333333333
8 0.8397291666666666 0.674875 0.035484375 0.066
1 0.6953125 0.6298916666666666 0.288328125 0.10450000000000001
7 0.7257135416666666 0.7696 0.29571354166666663 0.15210833333333335
4 0.5491406249999999 0.6922666666666667 0.13556249999999997 0.23525000000000001
2 0.40386979166666664 0.6248416666666666 0.15335416666666665 0.365925
12 0.26569791666666664 0.6209749999999999 0.12284895833333334 0.3615416666666667
15 0.11825 0.6220166666666667 0.023776041666666668 0.08694166666666667
13 0.12483333333333334 0.738325 0.08069270833333334 0.1329
6 0.174453125 0.6497166666666666 0.07994270833333333 0.15568333333333334
17 0.35997916666666663 0.7802083333333333 0.2884895833333333 0.10666666666666667
19 0.4443020833333333 0.5855083333333333 0.05922395833333333 0.087275