10 0.29674375000000003 0.5322333333333333 0.225725 0.38738333333333336
11 0.52674375 0.5301750000000001 0.23427499999999998 0.386725
8 0.049112499999999996 0.5712916666666666 0.05046875 0.048841666666666665
1 0.10496875 0.525475 0.12033125 0.07386666666666666
7 0.048775000000000006 0.6696500000000001 0.0647875 0.14888333333333334
3 0.12490625 0.6036833333333333 0.15794375 0.24304166666666666
16 0.37970624999999997 0.7123 0.41664375 0.09084166666666667
14 0.81869375 0.49094166666666667 0.17962499999999998 0.09145833333333334
13 0.85210625 0.634275 0.27645 0.22871666666666665
0 0.880575 0.493575 0.2013375 0.18005833333333332
5 0.675625 0.55615 0.23393750000000002 0.2690916666666667
18 0.2007125 0.47889999999999994 0.0586625 0.06405833333333334