7 0.34832478632478636 0.6185607142857142 0.31427350427350426 0.25000357142857144
1 0.584017094017094 0.5845785714285714 0.15888888888888889 0.28552500000000003
4 0.46915384615384614 0.4531107142857143 0.35754700854700855 0.12020714285714285
2 0.5816923076923077 0.3672142857142857 0.48472649572649573 0.11031785714285713
12 0.6097948717948718 0.3050607142857143 0.44405982905982905 0.10268214285714286
15 0.7307435897435898 0.226475 0.15035897435897436 0.04788928571428572
13 0.47432478632478636 0.2109 0.15033333333333332 0.03578571428571429
6 0.6424273504273504 0.23436785714285716 0.21302564102564103 0.0732
17 0.3579059829059829 0.34161785714285714 0.1966837606837607 0.16150714285714288
19 0.6245555555555555 0.38945 0.10890598290598291 0.08098214285714286
9 0.48650427350427355 0.5469035714285714 0.1518888888888889 0.13160714285714287
8 0.5297521367521367 0.7088749999999999 0.10164102564102565 0.04126071428571429