9 0.54265 0.42469999999999997 0.12915 0.2119
8 0.5415 0.8089166666666667 0.121325 0.10626666666666666
7 0.38205 0.59595 0.2837 0.5692166666666666
1 0.63445 0.5536333333333333 0.16274999999999998 0.5327333333333333
4 0.52005 0.29378333333333334 0.41174999999999995 0.12044999999999999
2 0.616275 0.19315 0.537525 0.08954999999999999
12 0.622325 0.1409 0.5052 0.09986666666666667
6 0.528625 0.0763 0.27335 0.03675
15 0.641775 0.05433333333333334 0.0774 0.03411666666666666
17 0.350225 0.17235 0.09985 0.18498333333333333
18 0.715625 0.7233499999999999 0.08625 0.07216666666666666
19 0.6955500000000001 0.20526666666666665 0.096075 0.09896666666666668