9 0.1583240740740741 0.9011018518518519 0.03248148148148148 0.07971296296296297
12 0.1894722222222222 0.6283703703703704 0.12358333333333334 0.09805555555555556
2 0.18680555555555556 0.7264814814814815 0.13265740740740742 0.09255555555555554
4 0.15622222222222223 0.8180740740740741 0.10029629629629629 0.09062037037037038
6 0.16767592592592592 0.5771203703703703 0.0923425925925926 0.07234259259259258
15 0.1857314814814815 0.521425925925926 0.033796296296296297 0.0446574074074074
13 0.14087962962962963 0.5241851851851852 0.06549999999999999 0.05222222222222222
19 0.20214814814814813 0.7418333333333332 0.04399074074074074 0.06365740740740741
17 0.11960185185185183 0.7033333333333334 0.03323148148148148 0.21916666666666665
7 0.1298425925925926 0.9214722222222222 0.055768518518518516 0.12869444444444444
1 0.18110185185185185 0.8791018518518519 0.043055555555555555 0.2003425925925926