9 0.2052668759811617 0.49001432664756445 0.05854788069073784 0.1483810888252149
8 0.5340266875981162 0.49159025787965616 0.19173469387755102 0.16087392550143267
1 0.4445447409733124 0.4208882521489971 0.46489795918367344 0.13045845272206305
7 0.4013029827315541 0.7023209169054442 0.5285478806907379 0.36929799426934096
19 0.31416012558869705 0.3446131805157593 0.04914442700156986 0.06958452722063037
18 0.7682260596546311 0.37206303724928363 0.088712715855573 0.11878223495702005
10 0.7739324960753532 0.43812320916905445 0.13153061224489795 0.6061747851002866
11 0.876475667189953 0.42792263610315184 0.12492935635792779 0.5603581661891117
14 0.9509811616954473 0.3641260744985673 0.042912087912087914 0.10863896848137536
13 0.9664599686028257 0.5805730659025788 0.04229199372056515 0.21492836676217766
5 0.9372762951334379 0.47577363896848135 0.05318681318681319 0.22396848137535819
3 0.6847331240188383 0.5985959885386819 0.14107535321821035 0.5112607449856734
16 0.8158948194662481 0.7424641833810889 0.19032967032967033 0.2005300859598854