8 0.5428571428571428 0.37314285714285716 0.17236263736263738 0.11487912087912089
9 0.8937637362637362 0.3922417582417582 0.03299450549450549 0.09340659340659341
7 0.6951923076923078 0.2241098901098901 0.48945054945054944 0.25947252747252747
1 0.6570879120879121 0.460967032967033 0.4819230769230769 0.16806593406593406
3 0.4429395604395604 0.35883516483516487 0.14782967032967034 0.349978021978022
16 0.3068681318681319 0.28472527472527476 0.155728021978022 0.20802197802197803
10 0.33467032967032967 0.4592967032967033 0.12361263736263736 0.5509010989010988
11 0.26828296703296706 0.46393406593406594 0.12556318681318682 0.4998021978021978
18 0.34835164835164834 0.5507912087912088 0.08229395604395603 0.0776923076923077
18 0.7836401098901099 0.573032967032967 0.05608516483516483 0.07507692307692307
5 0.20945054945054944 0.4786593406593406 0.0585989010989011 0.24705494505494505