8 0.36399333333333334 0.43992003998001 0.21226 0.08653173413293354
1 0.3213 0.323408295852074 0.44013 0.18334332833583208
7 0.24412999999999999 0.5317091454272864 0.39690333333333333 0.35007496251874065
3 0.5131566666666667 0.5088555722138931 0.15717666666666666 0.3543328335832084
18 0.65298 0.36051974012993504 0.07904333333333333 0.09431784107946027
16 0.6682733333333333 0.6366616691654173 0.2636966666666667 0.11352823588205896
10 0.6559466666666667 0.4344427786106947 0.17386666666666667 0.5386856571714144
11 0.7866966666666667 0.43129935032483757 0.13758666666666666 0.5390554722638681
5 0.8544133333333332 0.41724137931034483 0.07525 0.24440779610194902
14 0.89417 0.42067466266866566 0.021423333333333332 0.04804097951024488
13 0.8795333333333333 0.5233883058470764 0.05006666666666666 0.1801749125437281
9 0.09237333333333334 0.3326686656671664 0.026609999999999998 0.08191904047976012