8 0.7336640625 0.5623888888888889 0.253515625 0.21679166666666666
7 0.8023203125 0.2803611111111111 0.31270312499999997 0.4444027777777778
1 0.696734375 0.6667361111111111 0.450484375 0.18475000000000003
3 0.5412421875 0.5319583333333333 0.2879453125 0.42906944444444445
10 0.3159140625 0.6331111111111111 0.22009375000000003 0.5758333333333334
11 0.1528515625 0.6545833333333333 0.11532031250000001 0.5076527777777777
16 0.2779140625 0.33866666666666667 0.3055625 0.21843055555555557
14 0.060687500000000005 0.6878888888888889 0.05339843749999999 0.08354166666666667
13 0.058203125 0.5011944444444445 0.0796796875 0.14994444444444444
5 0.095375 0.5469999999999999 0.1011953125 0.3989861111111111
18 0.32780468749999997 0.7056666666666667 0.11107031249999999 0.12370833333333332