7 0.3586944444444444 0.6209583333333334 0.35253703703703704 0.5157916666666666
1 0.6217407407407407 0.58578125 0.10703703703703703 0.500984375
9 0.5579074074074074 0.467984375 0.13368518518518518 0.17511979166666666
8 0.5452777777777778 0.816125 0.1140462962962963 0.06552604166666667
4 0.49646296296296294 0.34352083333333333 0.4305555555555556 0.09285416666666667
2 0.5596018518518519 0.263453125 0.5568240740740741 0.08896875
12 0.571388888888889 0.19127604166666667 0.49397222222222226 0.06614583333333333
15 0.5671666666666666 0.13834895833333333 0.11516666666666667 0.03320833333333333
17 0.3010277777777778 0.22510416666666666 0.11991666666666666 0.13727604166666665
19 0.6625740740740741 0.272921875 0.12078703703703703 0.0731875
18 0.6775833333333333 0.6969270833333333 0.07393518518518517 0.07366145833333333