17 0.21526501766784453 0.5009132420091325 0.16791519434628976 0.3351141552511415
4 0.3359010600706714 0.6982952815829527 0.3804240282685512 0.14474885844748858
7 0.27526501766784456 0.8234398782343988 0.18060070671378092 0.11091324200913243
9 0.3926148409893993 0.823820395738204 0.08547703180212014 0.09812785388127854
1 0.47049469964664314 0.7654794520547945 0.11123674911660777 0.18776255707762557
2 0.4264310954063604 0.5492998477929985 0.5484098939929328 0.21429223744292236
11 0.41378091872791517 0.38733637747336375 0.5597173144876325 0.19251141552511417
19 0.49010600706713775 0.6008828006088279 0.09989399293286219 0.047990867579908676
13 0.3234628975265018 0.19718417047184172 0.2726501766784452 0.09484018264840183
15 0.4720141342756184 0.19972602739726028 0.08724381625441696 0.07773211567732116
6 0.3574911660777385 0.2891628614916286 0.44194346289752645 0.14235920852359207