19 0.5755399999999999 0.38427500000000003 0.07706 0.09321249999999999
7 0.32614 0.6734 0.21624000000000002 0.33255
1 0.53108 0.6208874999999999 0.1417 0.3442
9 0.44936000000000004 0.5898749999999999 0.10715999999999999 0.14885
8 0.47138 0.7907625 0.0712 0.042300000000000004
4 0.4625 0.47564999999999996 0.26676 0.1426125
2 0.5259400000000001 0.3655875 0.40252 0.1280625
12 0.5587799999999999 0.2670875 0.35708 0.10048750000000001
13 0.45604 0.1849875 0.13826 0.050187499999999996
15 0.61402 0.1871375 0.0809 0.043375000000000004
6 0.53786 0.19704999999999998 0.21302000000000001 0.04375