1 0.6414099999999999 0.5439822222222223 0.23263499999999998 0.11282666666666667
9 0.6216349999999999 0.5905688888888889 0.09141500000000001 0.11710222222222223
8 0.75766 0.5733688888888888 0.040135 0.10936888888888889
7 0.67743 0.6871822222222222 0.24800999999999998 0.19774222222222224
4 0.5307949999999999 0.6243022222222222 0.099735 0.27346666666666664
2 0.43967500000000004 0.5429066666666666 0.130835 0.4099288888888889
12 0.350215 0.5301511111111111 0.12142499999999999 0.3933066666666667
17 0.40634 0.6890755555555556 0.18713 0.14128
19 0.47092500000000004 0.5053066666666667 0.055 0.07695111111111111
6 0.28493999999999997 0.5319644444444445 0.058025 0.16583111111111112
15 0.26145999999999997 0.4799555555555556 0.02393 0.06181333333333334
13 0.258685 0.60176 0.043855 0.11577777777777777