19 0.405325 0.32439999999999997 0.0987875 0.09845000000000001
17 0.322875 0.679375 0.31555 0.21505
7 0.792225 0.66735 0.3890625 0.27765
1 0.7237 0.4218 0.488875 0.1999
4 0.5454249999999999 0.523075 0.18899999999999997 0.382475
2 0.36143749999999997 0.430225 0.1910125 0.6600499999999999
12 0.22922499999999998 0.43715000000000004 0.16838750000000002 0.610625
6 0.1002875 0.4042 0.11795 0.31805
13 0.0638125 0.553375 0.0557625 0.1797
9 0.7234999999999999 0.5232 0.20181249999999998 0.13935
15 0.055837500000000005 0.401075 0.0335 0.1051