19 0.359784375 0.34015728977616455 0.04643125000000001 0.07485178463399879
18 0.65875625 0.34610405323653964 0.073540625 0.1069147005444646
16 0.6888187499999999 0.6335813672111312 0.105915625 0.11264972776769511
10 0.661453125 0.4261282516636419 0.085190625 0.4524742891712039
11 0.70468125 0.41006654567453116 0.06377187499999999 0.39836660617059894
5 0.7363593749999999 0.4681306715063521 0.04 0.2580338777979431
1 0.441328125 0.39888687235329706 0.3511875 0.10761040532365396
7 0.418015625 0.6203327283726559 0.378771875 0.32063520871143375
3 0.612915625 0.5031518451300666 0.08480312500000001 0.3573805202661827
8 0.513390625 0.4593587416817907 0.11614375 0.1075620084694495
9 0.261815625 0.4623835450695705 0.056746875 0.1015124016938899