9 0.4171386430678466 0.5323421052631578 0.18495575221238938 0.12242105263157896
8 0.17740412979351033 0.5314210526315789 0.059483775811209436 0.10302631578947367
7 0.326622418879056 0.3901578947368421 0.38087020648967557 0.2155263157894737
1 0.3635693215339233 0.6120526315789474 0.40231563421828903 0.16486842105263158
4 0.5460766961651917 0.5127631578947368 0.15041297935103246 0.3581315789473684
2 0.662212389380531 0.6098684210526316 0.1293952802359882 0.4720263157894737
12 0.7748525073746313 0.6222368421052631 0.09839233038348082 0.43671052631578944
17 0.707433628318584 0.3819473684210526 0.21820058997050149 0.1257105263157895
15 0.8603687315634219 0.6555 0.03153392330383481 0.09389473684210527
13 0.8669321533923303 0.4846315789473684 0.04225663716814159 0.13813157894736844
6 0.8339233038348082 0.5327105263157895 0.06653392330383481 0.2810526315789474
19 0.6349557522123894 0.6841842105263158 0.08306784660766962 0.11621052631578946