15 0.574047619047619 0.18463953488372092 0.10415343915343915 0.08651162790697675
13 0.4316931216931217 0.1935813953488372 0.2275925925925926 0.12766279069767442
6 0.47074074074074074 0.2778372093023256 0.39812169312169315 0.16290697674418603
17 0.31746031746031744 0.504 0.18055555555555555 0.33653488372093027
2 0.4942592592592593 0.5536511627906977 0.5795502645502645 0.21656976744186046
12 0.5011904761904762 0.38109302325581396 0.5724074074074074 0.14534883720930233
19 0.588941798941799 0.6188023255813953 0.08777777777777777 0.06854651162790698
7 0.33740740740740743 0.8280930232558139 0.16753968253968254 0.10763953488372092
9 0.46632275132275136 0.8284651162790698 0.0776984126984127 0.08623255813953488
1 0.5624867724867725 0.7520465116279069 0.08693121693121693 0.1741046511627907
4 0.40124338624338624 0.7062790697674418 0.3355291005291005 0.1741046511627907