7 0.2171695349688759 0.42674072265625 0.11905162943976565 0.255029296875
1 0.33409740021969975 0.4643408203125 0.07828268033687294 0.2862841796875
19 0.395100695715855 0.44020263671875 0.04283412669351886 0.03293212890625
18 0.3688831929696082 0.66400390625 0.04533138044672281 0.053291015625
10 0.32344928597583306 0.667490234375 0.26936287074331744 0.10176513671875
11 0.3287733430977664 0.74839111328125 0.255382643720249 0.09108642578125
16 0.19761259611863785 0.6958740234375 0.061629439765653604 0.17806640625
13 0.24263639692420358 0.84931640625 0.07478213108751373 0.05526123046875
5 0.3048041010618821 0.826240234375 0.17348956426217504 0.07258544921875
8 0.2889893811790553 0.4903271484375 0.06862687660197729 0.12341796875
9 0.3056352984254852 0.32510986328125 0.06529842548517027 0.0346826171875
14 0.33559502013914316 0.853203125 0.05198462101794214 0.03862060546875
3 0.2802563163676309 0.57972412109375 0.25254851702673015 0.1019482421875