0 0.2880375 0.54892 0.2207375 0.14859999999999998
13 0.27245 0.41454 0.20905 0.10306
14 0.35483750000000003 0.54216 0.13355 0.09356
15 0.21076250000000002 0.54306 0.0467125 0.0746
11 0.5508 0.53258 0.13692500000000002 0.31839999999999996
10 0.655825 0.54452 0.131575 0.30594
16 0.6313125 0.40428 0.2091875 0.07216
18 0.7024250000000001 0.60134 0.052675 0.06659999999999999
8 0.8004000000000001 0.52942 0.0245875 0.0733
1 0.7526625 0.55474 0.09147500000000001 0.10836
1 0.805025 0.46162000000000003 0.0311 0.14538
5 0.40378749999999997 0.47744 0.0964875 0.23312
3 0.744875 0.49276 0.09295 0.27518