1 0.34978125000000004 0.5095462962962962 0.31568229166666667 0.23789814814814816
4 0.477421875 0.39741666666666664 0.20507291666666666 0.3469537037037037
7 0.31300520833333334 0.2861388888888889 0.282171875 0.27873148148148147
9 0.341765625 0.37453703703703706 0.157296875 0.0882314814814815
17 0.676 0.3813888888888889 0.266734375 0.2747777777777778
2 0.6295052083333333 0.52325 0.1806875 0.6109814814814815
12 0.7599947916666667 0.5605462962962963 0.159015625 0.47878703703703707
19 0.5757239583333333 0.5554166666666667 0.09222395833333333 0.08580555555555555
6 0.8373177083333334 0.5870462962962962 0.10153125 0.35996296296296293
15 0.8804322916666667 0.6648981481481482 0.024562499999999998 0.06710185185185186
13 0.8724739583333334 0.5441851851851852 0.058994791666666664 0.22074074074074074