17 0.37962962962962965 0.30184374999999997 0.19066666666666665 0.34288541666666666
2 0.574962962962963 0.362703125 0.6122037037037037 0.24585416666666668
12 0.5794166666666667 0.208203125 0.6087685185185185 0.16602083333333334
19 0.6838333333333333 0.38151562499999997 0.1200648148148148 0.07861979166666666
4 0.48029629629629633 0.5359166666666667 0.5216481481481482 0.21728125
9 0.5691018518518518 0.706140625 0.12791666666666668 0.20703645833333334
7 0.40037962962962964 0.7743229166666666 0.3247685185185185 0.36076041666666664
1 0.6507407407407407 0.6971666666666666 0.15881481481481483 0.45644270833333334
6 0.5660370370370371 0.12265625 0.4599351851851852 0.12726041666666668
13 0.4761759259259259 0.057078125 0.2170925925925926 0.05474479166666667
15 0.6130092592592592 0.05438020833333333 0.058666666666666666 0.035453124999999995