9 0.45744424506536785 0.4116732716864817 0.18660087157139194 0.15749009247027743
8 0.13612407075108945 0.44739762219286655 0.043832350679313 0.11004403346543373
7 0.3380722891566265 0.26158960810215764 0.4836144578313253 0.2976574196389256
1 0.3758831068956678 0.5335050638485248 0.4848987439118175 0.23383091149273447
18 0.31475775442194304 0.6765918097754293 0.05246859779543707 0.07966534566270365
19 0.7048269674442451 0.6602818141787758 0.10202512176365035 0.10428885953324527
2 0.7154883363240194 0.5704579480405108 0.1156600871571392 0.5719374724790841
12 0.7955960010253781 0.6300660501981507 0.09582671109971802 0.42730074856891237
15 0.856190720328121 0.7206076618229855 0.025365290951038195 0.07963452223690004
6 0.831022814662907 0.552408630559225 0.057057164829530896 0.27603258476442094
13 0.8660958728531145 0.5963408190224571 0.019538579851320174 0.1921664464993395
4 0.6051345808766984 0.47295464553060323 0.14606511150986926 0.3989387934830471
17 0.7423481158677262 0.3748436811977103 0.1924532171238144 0.25115367679436373