1 0.7181208791208792 0.4298941798941799 0.36082417582417586 0.1837037037037037
9 0.7185384615384616 0.5367195767195767 0.15708791208791206 0.13283068783068783
7 0.7708571428571429 0.6762169312169313 0.31246153846153846 0.306005291005291
4 0.5775934065934066 0.5372751322751322 0.187967032967033 0.5368518518518519
2 0.40840659340659335 0.4451322751322751 0.21464835164835167 0.7066666666666667
12 0.26159340659340663 0.44492063492063494 0.17352747252747253 0.7143650793650793
17 0.3626813186813187 0.7316137566137566 0.31267032967032965 0.18074074074074073
18 0.4848351648351648 0.3457936507936508 0.09542857142857143 0.11317460317460318
6 0.14917582417582417 0.3698677248677249 0.143 0.40145502645502645
13 0.09853846153846155 0.5834126984126984 0.054890109890109895 0.20584656084656086
15 0.09632967032967032 0.3651058201058201 0.03525274725274725 0.10706349206349206