9 0.5109010152284263 0.6096285714285714 0.13280456852791878 0.1934857142857143
8 0.5007994923857868 0.8837357142857143 0.11261421319796953 0.07027857142857143
7 0.3712944162436548 0.7231785714285714 0.2216243654822335 0.42059285714285716
1 0.587766497461929 0.6700285714285714 0.1405964467005076 0.47499285714285716
4 0.4734010152284264 0.4851642857142857 0.3750761421319797 0.17312857142857144
2 0.5720558375634518 0.3422071428571428 0.4835406091370558 0.14435
11 0.5811421319796954 0.2213857142857143 0.4826649746192893 0.14914285714285716
15 0.6008883248730964 0.08460714285714285 0.09704314720812182 0.03987142857142857
15 0.3363959390862944 0.3018571428571429 0.10105329949238578 0.26722142857142855
13 0.42076142131979694 0.09417857142857143 0.1746192893401015 0.06615
6 0.498502538071066 0.14126428571428573 0.3364340101522843 0.08967142857142858
19 0.6548223350253807 0.3584357142857143 0.11607868020304568 0.10539285714285715
18 0.6601522842639594 0.7183785714285714 0.08233502538071065 0.05385