19 0.5720098039215686 0.4042588235294118 0.05238039215686274 0.04552647058823529
9 0.4518941176470588 0.30714117647058825 0.10364901960784315 0.06697941176470588
8 0.28946666666666665 0.32090882352941175 0.023241176470588234 0.057258823529411765
7 0.3836529411764706 0.22253529411764705 0.2377549019607843 0.1311
1 0.41172745098039215 0.3546235294117647 0.2350843137254902 0.09135588235294118
4 0.5229274509803922 0.3069411764705882 0.08238823529411765 0.1920676470588235
2 0.5865666666666666 0.3587529411764706 0.07537254901960784 0.266564705882353
12 0.6430764705882352 0.3819941176470588 0.058803921568627446 0.23433235294117646
17 0.6090607843137255 0.24726470588235294 0.11732941176470588 0.0923264705882353
13 0.6921274509803922 0.42323823529411764 0.014184313725490196 0.03250294117647059
6 0.6822039215686274 0.41365 0.025709803921568627 0.08195882352941178
13 0.7034764705882353 0.3370323529411765 0.02119607843137255 0.06597647058823529