9 0.2478020833333333 0.6762222222222223 0.062046874999999994 0.12605555555555553
8 0.4933125 0.6046944444444445 0.12598958333333335 0.13115740740740742
1 0.41140104166666663 0.5582407407407407 0.358 0.1937962962962963
7 0.393125 0.7793703703703704 0.3964479166666666 0.1990185185185185
19 0.32001041666666663 0.5021388888888888 0.05021875 0.07048148148148149
18 0.6478645833333334 0.42968518518518517 0.07259375 0.07743518518518518
10 0.6561041666666667 0.5085555555555555 0.10157291666666667 0.42775
11 0.7196458333333333 0.48884259259259266 0.10884895833333334 0.3907777777777778
16 0.7066770833333333 0.6814351851851852 0.14438020833333332 0.16610185185185183
3 0.59809375 0.6128703703703704 0.10819270833333333 0.35621296296296295
14 0.7783125 0.4069722222222222 0.031411458333333336 0.06903703703703704
13 0.8131666666666667 0.5614444444444444 0.04694270833333333 0.13354629629629627
5 0.7723958333333333 0.5278611111111111 0.045140625000000004 0.2669537037037037