9 0.4327884615384615 0.3150927835051546 0.16601648351648352 0.07488659793814433
8 0.17087912087912088 0.3321237113402062 0.07675824175824177 0.07146391752577319
7 0.3473076923076923 0.19752577319587628 0.4845741758241758 0.21463917525773193
1 0.3754120879120879 0.3751958762886598 0.47832417582417586 0.17261855670103093
4 0.5596565934065935 0.3040618556701031 0.2148489010989011 0.27402061855670107
2 0.7550274725274725 0.39348453608247425 0.18100274725274726 0.4118762886597938
13 0.9549587912087912 0.3115051546391753 0.039024725274725273 0.11270103092783504
6 0.894793956043956 0.3249278350515464 0.09351648351648352 0.2595257731958763
17 0.7538461538461538 0.17882474226804124 0.24369505494505495 0.10222680412371134
19 0.7002060439560439 0.45569072164948454 0.09894230769230769 0.0899381443298969
18 0.36818681318681323 0.4710309278350515 0.05679945054945055 0.08311340206185568