19 0.6134666666666667 0.37516666666666665 0.0955111111111111 0.10909999999999999
1 0.5724888888888889 0.6571666666666667 0.09662222222222222 0.40643333333333337
7 0.3738222222222222 0.7041 0.23355555555555554 0.39663333333333334
9 0.5237777777777778 0.6158 0.10875555555555555 0.18296666666666667
8 0.5161333333333333 0.8491666666666666 0.0836 0.046
2 0.5535111111111112 0.3496666666666667 0.35902222222222224 0.1433
12 0.5568888888888889 0.2301 0.34782222222222225 0.09306666666666667
15 0.5942666666666667 0.13316666666666668 0.06204444444444445 0.054766666666666665
13 0.4179111111111111 0.12703333333333333 0.1588 0.053599999999999995
6 0.5300444444444444 0.1559 0.19044444444444444 0.06316666666666666
17 0.37462222222222225 0.31446666666666667 0.10177777777777777 0.2507
4 0.4905333333333334 0.4654333333333333 0.2694666666666667 0.13043333333333335