2 0.32602 0.4745402298850575 0.18031 0.5707471264367816
12 0.19965 0.4443295019157088 0.14471 0.5267432950191571
15 0.09094 0.4143103448275862 0.053009999999999995 0.14923371647509578
19 0.3342 0.34655172413793106 0.09381 0.15053639846743294
1 0.68084 0.4245019157088123 0.44995999999999997 0.15867816091954023
7 0.72409 0.6913218390804597 0.43360000000000004 0.3311302681992337
4 0.4757 0.5573754789272031 0.17967 0.48463601532567047
9 0.66246 0.5252298850574713 0.25034 0.19591954022988506
17 0.28037 0.7249425287356323 0.26900999999999997 0.17934865900383143
13 0.09367 0.6046934865900383 0.05275 0.19611111111111112
6 0.13802 0.534904214559387 0.07574 0.33567049808429117