1 0.5905875 0.13723333333333335 0.0507625 0.18885
8 0.5639375 0.19878333333333334 0.044500000000000005 0.0725
9 0.5596625000000001 0.0488 0.053062500000000005 0.030449999999999998
7 0.5047125 0.13155833333333333 0.108475 0.22215833333333332
3 0.54165 0.2495666666666667 0.1752375 0.05623333333333334
10 0.5774125 0.2831666666666667 0.1911625 0.054066666666666666
18 0.621625 0.283325 0.0330375 0.04108333333333333
11 0.5768 0.30425 0.18774999999999997 0.03638333333333333
16 0.5031625 0.29185 0.05835 0.06288333333333333
1 0.5721375 0.5807833333333334 0.08512499999999999 0.233125
9 0.51995 0.5490916666666666 0.056312499999999995 0.09466666666666666
8 0.528075 0.6986333333333333 0.044025 0.026983333333333335
7 0.4498 0.6121083333333334 0.16256250000000003 0.2397166666666667
4 0.48155000000000003 0.4770416666666667 0.2321 0.08845
2 0.529075 0.42593333333333333 0.29545 0.07725
12 0.5398 0.3754166666666667 0.272725 0.0685
17 0.42888750000000003 0.403925 0.0865375 0.08749166666666666
6 0.531125 0.3371 0.1912375 0.04886666666666667
15 0.5760625 0.33670833333333333 0.031675 0.016716666666666664
19 0.5770125 0.43485833333333335 0.0449875 0.05434166666666666
2 0.571475 0.7677916666666667 0.21065 0.08621666666666666
12 0.5907875 0.7104166666666667 0.2112875 0.06415833333333333
19 0.6021125 0.7800666666666667 0.035325 0.039716666666666664
17 0.4997625 0.762775 0.0689625 0.08105000000000001
1 0.587575 0.8933166666666666 0.05045 0.15885
9 0.5567375 0.887675 0.0525875 0.06964166666666666
7 0.5060125 0.9115333333333333 0.109675 0.14776666666666666
6 0.537975 0.8278666666666668 0.1699375 0.07609166666666667