9 0.3401160037878788 0.5109659090909091 0.2112192234848485 0.08723800505050505
7 0.24528882575757574 0.4190751262626263 0.4240246212121212 0.20648989898989897
17 0.7106510416666667 0.3912847222222222 0.30361505681818185 0.14143623737373737
2 0.6590861742424242 0.550669191919192 0.20048295454545456 0.45389520202020206
12 0.7883830492424243 0.5477777777777777 0.16078125 0.45126262626262625
19 0.6384966856060607 0.635290404040404 0.10485558712121212 0.07704861111111111
4 0.4982694128787879 0.48027146464646464 0.1850686553030303 0.29731376262626263
6 0.8857149621212121 0.5241982323232324 0.10923532196969697 0.2683743686868687
1 0.30658617424242424 0.5862784090909091 0.4992732007575757 0.10213068181818181
13 0.9415482954545454 0.4495044191919192 0.04808238636363636 0.10635732323232323
15 0.946545928030303 0.5882102272727273 0.029666193181818182 0.06179924242424242