9 0.4935833333333334 0.4550925925925926 0.25344444444444447 0.12083333333333333
8 0.8790370370370371 0.4630092592592593 0.06509259259259259 0.08481481481481482
1 0.6094259259259259 0.40090740740740743 0.5740092592592592 0.10135185185185185
7 0.6460370370370371 0.6199907407407408 0.6287314814814815 0.2654351851851852
4 0.3124351851851852 0.48057407407407404 0.15780555555555556 0.28341666666666665
2 0.20148148148148148 0.42727777777777776 0.11368518518518518 0.3985277777777778
12 0.12605555555555553 0.4104537037037037 0.09617592592592593 0.3648796296296296
15 0.06620370370370371 0.37845370370370374 0.05425000000000001 0.04532407407407408
6 0.07529629629629629 0.4562685185185185 0.0427962962962963 0.10837962962962963
17 0.16730555555555554 0.6072222222222222 0.17866666666666667 0.1362037037037037
19 0.2087222222222222 0.36725925925925923 0.10594444444444445 0.07108333333333333