7 0.81740478515625 0.36041567695961996 0.2672802734375 0.34298693586698337
3 0.640751953125 0.43936460807600947 0.2038525390625 0.49823634204275535
8 0.76770263671875 0.5276722090261283 0.11516357421875 0.15624703087885985
1 0.75991943359375 0.5816627078384798 0.3195361328125 0.15733966745843228
10 0.48214111328125 0.5697624703087886 0.24469970703125 0.7827969121140143
11 0.2733203125 0.5718527315914489 0.22177001953125 0.8067695961995249
18 0.53647705078125 0.6683135391923991 0.06655029296875 0.12478028503562945
16 0.40790283203125 0.2904869358669834 0.38593994140625 0.20840261282660333
5 0.124609375 0.4767458432304038 0.19204345703125 0.5255047505938243
14 0.0699560546875 0.6227850356294536 0.0648583984375 0.1525
13 0.06836669921875 0.3452434679334917 0.07666259765625 0.2783313539192399