14 0.06038333333333333 0.177921568627451 0.08991666666666667 0.08078431372549019
15 0.2543916666666666 0.18158169934640522 0.136275 0.10116339869281046
14 0.7527083333333333 0.6535816993464052 0.10942500000000001 0.09528104575163399
15 0.9539166666666667 0.6705098039215687 0.0631 0.08120261437908496
13 0.177625 0.31776470588235295 0.33274166666666666 0.21669281045751634
13 0.836175 0.7998692810457516 0.3213083333333333 0.22227450980392155
13 0.976525 0.32711111111111113 0.046950000000000006 0.138640522875817
13 0.041758333333333335 0.7593986928104576 0.038775000000000004 0.09342483660130718
9 0.48022499999999996 0.2581045751633987 0.04070833333333333 0.06686274509803922
8 0.6110416666666667 0.2550326797385621 0.11749166666666667 0.06508496732026144
1 0.5876833333333333 0.2229673202614379 0.22229166666666667 0.06193464052287582
1 0.3521916666666667 0.704562091503268 0.25131666666666663 0.08831372549019609
9 0.30824999999999997 0.7473202614379085 0.12453333333333333 0.07798692810457516
8 0.46241666666666664 0.7518823529411766 0.03843333333333333 0.06095424836601308
4 0.231225 0.7683660130718953 0.0816 0.1936732026143791
3 0.697275 0.3095294117647059 0.10296666666666666 0.21807843137254904
0 0.15925833333333334 0.1973986928104575 0.2709916666666667 0.1763921568627451
0 0.8570083333333334 0.6753202614379085 0.21650833333333333 0.3130457516339869
15 0.043208333333333335 0.6942745098039216 0.033350000000000005 0.041594771241830066
19 0.41260833333333335 0.1574248366013072 0.047141666666666665 0.07030065359477124
19 0.18090833333333334 0.6659607843137255 0.055966666666666665 0.054679738562091504
18 0.7561833333333333 0.20445751633986928 0.062075 0.055411764705882355
18 0.5601499999999999 0.7302091503267975 0.04500833333333333 0.05681045751633987
18 0.38040833333333335 0.656954248366013 0.0383 0.04103267973856209
2 0.17055 0.7149150326797385 0.07414166666666666 0.2615424836601307
12 0.10381666666666667 0.6988888888888889 0.07123333333333334 0.23819607843137255
12 0.3443 0.19985620915032679 0.054966666666666664 0.29023529411764704
2 0.391075 0.2055032679738562 0.04869166666666667 0.24750326797385622
17 0.389875 0.3330457516339869 0.05724166666666666 0.09905882352941177
17 0.13204166666666667 0.8224575163398692 0.13601666666666667 0.10188235294117647
16 0.820075 0.3776862745098039 0.18430833333333332 0.0968627450980392
16 0.59955 0.8725620915032679 0.08491666666666667 0.045228758169934644
6 0.06486666666666667 0.7598823529411765 0.040549999999999996 0.15973856209150328
6 0.34505 0.2679738562091503 0.050925 0.2173202614379085
5 0.9436249999999999 0.2625490196078431 0.05085 0.09754248366013073
5 0.6998 0.7249542483660131 0.06875833333333334 0.15440522875816995
14 0.9656 0.22019607843137254 0.04479166666666667 0.047686274509803915
7 0.36898333333333333 0.8316601307189543 0.24045833333333333 0.1507843137254902
7 0.5573750000000001 0.353921568627451 0.21724166666666667 0.13648366013071894
10 0.5902666666666667 0.7273986928104575 0.05801666666666667 0.26033986928104574
11 0.64355 0.7134379084967319 0.08642499999999999 0.28172549019607845
10 0.7903416666666666 0.23945098039215687 0.09983333333333333 0.28228758169934637
11 0.877775 0.2437124183006536 0.1003 0.2843529411764706