9 0.6574322916666666 0.6235462962962962 0.17089583333333333 0.11700925925925926
8 0.7880208333333333 0.5145833333333333 0.04040625 0.10277777777777777
1 0.6526510416666667 0.4892314814814815 0.31114583333333334 0.24096296296296296
7 0.7009947916666667 0.7438611111111111 0.2788541666666667 0.20947222222222223
4 0.52575 0.5930000000000001 0.1728697916666667 0.33667592592592593
2 0.36925520833333336 0.47370370370370374 0.16954166666666665 0.4839814814814815
12 0.23440104166666667 0.4271851851851852 0.12483333333333334 0.4020648148148148
17 0.32394270833333333 0.6549166666666666 0.26016666666666666 0.20566666666666666
15 0.121515625 0.32887962962962963 0.03239583333333333 0.09062962962962963
13 0.125015625 0.4816481481481481 0.052265624999999996 0.17789814814814814
6 0.168578125 0.4534814814814815 0.09014583333333334 0.28978703703703707
19 0.41324479166666667 0.43616666666666665 0.07209895833333334 0.10149074074074074