1 0.863505253104107 0.25172117039586916 0.11668576886341929 0.08481927710843373
4 0.8708882521489972 0.41388984509466437 0.1490639923591213 0.3501549053356282
7 0.9529417382999045 0.4551462994836489 0.04449856733524356 0.19170395869191048
12 0.4938586437440306 0.4133907056798623 0.2729512893982808 0.6147160068846815
2 0.6912607449856734 0.41192771084337354 0.2682425978987584 0.6153012048192771
6 0.3538013371537727 0.48003442340791735 0.15609360076408788 0.3250946643717728
14 0.05051575931232092 0.4032185886402754 0.04069723018147087 0.11242685025817555
15 0.2296370582617001 0.485869191049914 0.19601719197707734 0.17939759036144579
0 0.17580706781279848 0.4311015490533563 0.291279847182426 0.5346471600688468
13 0.1827411652340019 0.6575731497418245 0.3279465138490927 0.34270223752151463
17 0.66603629417383 0.6642857142857143 0.35285577841451765 0.20674698795180724
19 0.7768576886341929 0.2452323580034423 0.07165234001910219 0.11120481927710843