8 0.10202343750000001 0.3278611111111111 0.10685156250000001 0.2494861111111111
9 0.36901562499999996 0.32180555555555557 0.237703125 0.28179166666666666
0 0.22902343749999998 0.4218333333333334 0.3671015625 0.5763194444444444
13 0.27875 0.7020555555555555 0.5290390625 0.43476388888888884
13 0.54053125 0.4356388888888889 0.184890625 0.32943055555555556
12 0.6670390625 0.44530555555555557 0.19 0.6303194444444444
2 0.7972265625 0.4359722222222222 0.15975 0.5783194444444444
4 0.8983671875000001 0.5358611111111111 0.06543750000000001 0.32808333333333334
7 0.950921875 0.620013888888889 0.045359375 0.20359722222222223
17 0.758234375 0.7445138888888888 0.23489062500000002 0.17319444444444446
19 0.8575234375 0.377875 0.0647265625 0.13433333333333333