18 0.6009462365591398 0.5931290322580646 0.05945161290322581 0.07470967741935484
7 0.8577096774193548 0.388741935483871 0.10225806451612902 0.2035483870967742
3 0.7513010752688173 0.4530483870967742 0.20639784946236558 0.27675806451612905
10 0.5523440860215053 0.5113225806451612 0.2370537634408602 0.35551612903225804
11 0.3263870967741936 0.511241935483871 0.21523655913978493 0.35893548387096774
13 0.10393548387096774 0.4229193548387096 0.09293548387096776 0.23608064516129032
14 0.09980645161290322 0.5403709677419355 0.07511827956989248 0.06954838709677419
5 0.18301075268817202 0.5149354838709678 0.09779569892473118 0.2050483870967742
16 0.48554838709677417 0.3390967741935484 0.3902043010752688 0.06843548387096775
8 0.8509677419354839 0.5086935483870968 0.09834408602150536 0.07429032258064516
1 0.7876451612903226 0.542725806451613 0.2249784946236559 0.07783870967741935