9 0.5609444444444445 0.5408472222222223 0.1998425925925926 0.11220833333333334
8 0.8562777777777778 0.5357083333333333 0.06338888888888888 0.08958333333333333
1 0.6277129629629629 0.4595694444444444 0.44862037037037034 0.1348611111111111
19 0.3238888888888889 0.40581944444444445 0.09405555555555556 0.08600000000000001
17 0.2608518518518519 0.6992777777777778 0.24575000000000002 0.10806944444444445
2 0.28628703703703706 0.4930833333333333 0.15463888888888888 0.5259444444444444
12 0.1952685185185185 0.48759722222222224 0.14626851851851852 0.5149722222222222
13 0.07203703703703704 0.5903888888888889 0.04714814814814815 0.15575
6 0.1057037037037037 0.46462499999999995 0.09335185185185184 0.25916666666666666
4 0.41300925925925924 0.524375 0.15912037037037036 0.32619444444444445
7 0.6707037037037037 0.6564027777777778 0.46874074074074074 0.25690277777777776