9 0.5013868613138686 0.6858000000000001 0.12010948905109488 0.2340888888888889
2 0.6042335766423358 0.3233111111111111 0.484014598540146 0.16837777777777777
12 0.6236131386861314 0.17042222222222222 0.46189781021897813 0.1376888888888889
15 0.6541240875912409 0.024444444444444446 0.0910948905109489 0.048911111111111114
13 0.4684671532846716 0.02108888888888889 0.1637956204379562 0.04217777777777778
6 0.6231751824817519 0.05951111111111111 0.17514598540145987 0.09184444444444444
17 0.366021897810219 0.2712888888888889 0.1695985401459854 0.3495333333333333
7 0.3452919708029197 0.7699111111111111 0.22766423357664234 0.4023111111111111
4 0.48810218978102193 0.5029555555555556 0.3733941605839416 0.17582222222222224
1 0.6027007299270073 0.7019777777777777 0.17182481751824816 0.5146
19 0.6842700729927008 0.3447777777777778 0.1027007299270073 0.11873333333333333
18 0.6877372262773722 0.6739555555555555 0.0791970802919708 0.06597777777777777