1 0.3875 0.38422680412371135 0.45354395604395603 0.11463917525773196
9 0.4781318681318681 0.3110927835051546 0.1614423076923077 0.0889278350515464
8 0.1821291208791209 0.308020618556701 0.07131868131868133 0.06690721649484536
7 0.3551510989010989 0.2159381443298969 0.4374587912087912 0.2031340206185567
4 0.5891346153846153 0.28377319587628863 0.1300824175824176 0.28171134020618555
2 0.6925824175824176 0.3503711340206186 0.1402197802197802 0.47835051546391755
12 0.7654945054945055 0.34517525773195873 0.14846153846153845 0.47183505154639177
19 0.6695192307692308 0.44519587628865975 0.09619505494505495 0.07162886597938145
18 0.2846291208791209 0.4436082474226804 0.03960164835164835 0.049443298969072166
17 0.7181868131868132 0.18105154639175258 0.19987637362637362 0.14604123711340206
6 0.8556730769230768 0.3203298969072165 0.09023351648351648 0.3072577319587629