1 0.41610625 0.5171083333333333 0.33738124999999997 0.07440000000000001
8 0.47880625000000004 0.5570833333333334 0.132425 0.07663333333333333
9 0.25403749999999997 0.555575 0.0364625 0.05370833333333334
7 0.39560625 0.6496166666666666 0.34103125 0.17275000000000001
3 0.56245 0.5815833333333333 0.1127875 0.20379166666666668
10 0.64410625 0.5270166666666666 0.07804375000000001 0.2763333333333334
11 0.6888375000000001 0.5262583333333333 0.08144375 0.27265
16 0.66075625 0.65175 0.1159625 0.06899166666666667
5 0.7348187500000001 0.5147583333333333 0.027893750000000002 0.08744166666666667
19 0.35391875 0.47475833333333334 0.0380125 0.044458333333333336
18 0.6353875 0.4804333333333333 0.056299999999999996 0.06771666666666668