9 0.5262333333333333 0.49567500000000003 0.15187777777777778 0.19095625
8 0.5214333333333333 0.8247 0.13117777777777778 0.05525625
7 0.3434 0.6389625 0.2751 0.4806625
4 0.5863333333333334 0.368325 0.2842222222222222 0.11068125000000001
2 0.6042777777777778 0.26374375 0.4857444444444445 0.092725
12 0.6155111111111111 0.1934625 0.40265555555555554 0.07715625
15 0.6373444444444445 0.12985625 0.09633333333333334 0.031200000000000002
13 0.5152444444444445 0.1263125 0.11324444444444445 0.02410625
6 0.5551555555555555 0.15365625 0.2859777777777778 0.0391
1 0.5945444444444444 0.59168125 0.17184444444444444 0.46735
17 0.39024444444444445 0.23405625 0.14101111111111111 0.1521
19 0.6799 0.2766 0.0869888888888889 0.08405625