12 0.42912217194570135 0.1603252262443439 0.3374027149321267 0.10536481900452488
2 0.41780995475113125 0.27667703619909506 0.36002714932126695 0.13727658371040724
4 0.36474208144796383 0.3970164027149321 0.28104072398190044 0.14322680995475112
7 0.288841628959276 0.5661142533936652 0.16543891402714933 0.22892816742081448
1 0.4478325791855204 0.5177828054298643 0.09428506787330317 0.27163744343891405
17 0.25809049773755655 0.25102375565610857 0.09941176470588235 0.22454468325791854
15 0.46891402714932123 0.0863829185520362 0.06857918552036199 0.0451527149321267
13 0.3514705882352941 0.0778393665158371 0.1347963800904977 0.03654977375565611
6 0.40104524886877824 0.1245673076923077 0.24957466063348413 0.05947680995475113
19 0.4914389140271493 0.30707861990950225 0.07290045248868779 0.07647341628959277
9 0.3933257918552036 0.49910916289592755 0.07576923076923077 0.15227375565610862