19 0.7040346205059921 0.24821666666666667 0.10909454061251665 0.12508333333333332
7 0.26203728362183754 0.7325083333333333 0.36358189081225034 0.5061583333333334
1 0.5583089214380826 0.6290833333333333 0.3036750998668442 0.640975
9 0.4003328894806924 0.5561416666666666 0.14750998668442078 0.24093333333333333
8 0.46782956058588543 0.932975 0.17595206391478027 0.08626666666666666
4 0.4570838881491345 0.3908166666666667 0.42745672436751 0.18110833333333334
2 0.6056857523302264 0.20806666666666668 0.5781757656458055 0.18644166666666664
15 0.7772703062583223 0.07255833333333332 0.09577896138482025 0.04459166666666667
6 0.61762982689747 0.08399166666666667 0.34242343541944076 0.061700000000000005
17 0.3612916111850865 0.23754166666666668 0.2558455392809587 0.2870666666666667
18 0.7775765645805593 0.71195 0.08307589880159787 0.07338333333333334