9 0.405609756097561 0.4860027472527473 0.08436585365853659 0.06807692307692308
8 0.39539024390243904 0.6697664835164835 0.08017073170731706 0.13035714285714287
1 0.4539024390243902 0.6045467032967033 0.11590243902439025 0.2746565934065934
7 0.29965853658536584 0.5915796703296704 0.14348780487804877 0.3006043956043956
3 0.39256097560975606 0.7594093406593407 0.278 0.06277472527472527
6 0.4330731707317073 0.3772527472527472 0.2314390243902439 0.08869505494505493
14 0.48790243902439023 0.13912087912087912 0.09717073170731708 0.05197802197802198
15 0.4923414634146342 0.29820054945054947 0.07351219512195122 0.11370879120879121
13 0.3385853658536585 0.22811813186813185 0.1888048780487805 0.2788049450549451
0 0.4509512195121951 0.18859890109890112 0.1858780487804878 0.1997802197802198
17 0.287219512195122 0.43293956043956044 0.0698048780487805 0.06880494505494505
2 0.48519512195121955 0.4689285714285714 0.31941463414634147 0.08278846153846155
19 0.5387804878048781 0.525728021978022 0.07426829268292683 0.04682692307692308
18 0.5290487804878049 0.8058791208791208 0.10358536585365853 0.06376373626373627
10 0.47582926829268296 0.8206456043956043 0.3874146341463415 0.08413461538461539
16 0.3033658536585366 0.8373626373626374 0.09665853658536586 0.1145054945054945