9 0.1429375 0.6632265446224256 0.0449125 0.10718535469107553
8 0.3149625 0.6524256292906179 0.163975 0.10276887871853546
1 0.3060125 0.6155148741418764 0.321075 0.10903890160183066
7 0.251825 0.7836842105263159 0.2845625 0.19366132723112128
10 0.5806 0.6495194508009152 0.16399999999999998 0.3996338672768878
11 0.726975 0.6482379862700228 0.140125 0.40331807780320367
16 0.6166125 0.8490846681922197 0.27665 0.07846681922196796
18 0.5471374999999999 0.5670480549199085 0.0689625 0.08645308924485126
3 0.435275 0.7139816933638444 0.13915 0.30615560640732264
14 0.883375 0.6510068649885584 0.041425000000000003 0.10562929061784897
13 0.8749250000000001 0.7738901601830663 0.07235 0.19208237986270021
5 0.8138500000000001 0.6994279176201372 0.1179875 0.3238215102974828
19 0.311975 0.5612128146453089 0.03925 0.04617848970251716