19 0.4470353982300885 0.43571052631578944 0.07712389380530973 0.07502631578947369
17 0.372212389380531 0.6976578947368421 0.23168141592920355 0.11536842105263159
9 0.6584660766961652 0.5597105263157894 0.13123893805309736 0.0960263157894737
1 0.6635840707964602 0.4798421052631579 0.2963716814159292 0.12710526315789472
2 0.4089823008849558 0.5164736842105263 0.1614159292035398 0.46021052631578946
12 0.2898377581120944 0.5033157894736842 0.12479351032448377 0.4338947368421053
6 0.22224188790560473 0.4822105263157895 0.08300884955752212 0.25684210526315787
13 0.18777286135693216 0.5920526315789474 0.04327433628318584 0.16873684210526316
7 0.6973893805309734 0.6649473684210526 0.2975958702064897 0.20126315789473687
4 0.5305752212389381 0.5720263157894737 0.12805309734513273 0.3081842105263158
15 0.18843657817109144 0.47326315789473683 0.025250737463126845 0.08763157894736841