1 0.41405000000000003 0.4293444444444445 0.44026875 0.23326666666666668
9 0.1871875 0.4984 0.06154375 0.14055555555555554
8 0.49465625 0.5313444444444444 0.190975 0.14533333333333334
7 0.37746875 0.6733111111111111 0.4764875 0.30551111111111107
3 0.6226375000000001 0.47186666666666666 0.13317500000000002 0.3514111111111111
10 0.7394750000000001 0.42141111111111107 0.102625 0.5634222222222222
11 0.8151937499999999 0.4024666666666667 0.09494375 0.5204777777777778
16 0.765975 0.6633666666666667 0.15975 0.15381111111111112
14 0.8836624999999999 0.3279 0.02949375 0.08287777777777779
5 0.8741437500000001 0.42633333333333334 0.04285 0.16863333333333336
18 0.7215125 0.3350888888888889 0.08956875 0.11392222222222223
19 0.31659375 0.30164444444444444 0.0641125 0.07482222222222222