15 0.13331926863572435 0.603875 0.07417721518987343 0.107225
14 0.3510126582278481 0.59565 0.19075949367088607 0.119925
13 0.26060478199718706 0.41659999999999997 0.3779746835443038 0.266025
0 0.23566807313642757 0.5715749999999999 0.2530942334739803 0.213475
11 0.5819690576652602 0.553725 0.1721378340365682 0.5027750000000001
10 0.7235302390998593 0.55135 0.14720112517580872 0.472825
16 0.6827707454289733 0.302575 0.2518565400843882 0.10045
18 0.7985935302390998 0.600375 0.05218002812939522 0.1294
5 0.4949085794655415 0.450475 0.15669479606188466 0.33454999999999996
7 0.8954008438818565 0.404675 0.04184247538677918 0.22552499999999998
3 0.8318424753867792 0.40409999999999996 0.10929676511954992 0.291025