1 0.6077197802197802 0.5484634146341464 0.2793406593406594 0.11768292682926829
8 0.6733928571428571 0.6062682926829268 0.12228021978021977 0.05119512195121951
9 0.4868269230769231 0.6043658536585366 0.0521978021978022 0.06365853658536585
7 0.5951098901098901 0.6919756097560975 0.29806318681318683 0.18036585365853658
10 0.8201923076923078 0.547 0.11818681318681319 0.41829268292682925
16 0.8316758241758242 0.7011219512195122 0.11157967032967034 0.10429268292682926
18 0.7952472527472528 0.4932682926829269 0.05989010989010989 0.06909756097560975
3 0.7332692307692308 0.6234146341463415 0.12156593406593406 0.2741219512195122
2 0.45462912087912094 0.5473658536585365 0.1898763736263736 0.3655609756097561
17 0.42689560439560437 0.697780487804878 0.06785714285714285 0.08785365853658537
15 0.29637362637362635 0.5123170731707317 0.11074175824175825 0.0454390243902439
14 0.13142857142857145 0.5128780487804878 0.0318956043956044 0.05302439024390244
0 0.2127747252747253 0.5356341463414634 0.21384615384615385 0.18958536585365854
13 0.22337912087912087 0.6887317073170731 0.26157967032967033 0.18685365853658537
6 0.37539835164835167 0.5177317073170732 0.11873626373626374 0.3554390243902439