9 0.4886125 0.4800333333333333 0.19185 0.14063333333333333
8 0.17958125 0.4888555555555556 0.0567875 0.12297777777777778
1 0.40515 0.583288888888889 0.43689999999999996 0.2007888888888889
7 0.3663 0.30650000000000005 0.492725 0.2377
2 0.7236374999999999 0.5921888888888889 0.124925 0.5718777777777778
12 0.8228624999999999 0.6098444444444444 0.07335625 0.4810111111111111
17 0.76064375 0.3375444444444445 0.17904375000000003 0.20894444444444446
19 0.7199437500000001 0.6894111111111112 0.0948125 0.1052
18 0.3054375 0.6981222222222222 0.061325000000000005 0.08223333333333334
13 0.8898375000000001 0.5024000000000001 0.0823 0.12985555555555556
6 0.8563187499999999 0.5286555555555555 0.05293125 0.3778222222222222
4 0.627325 0.4708333333333333 0.14255 0.4177444444444445