19 0.3303367496339678 0.207724609375 0.043572474377745245 0.0444921875
1 0.2835285505124451 0.3995703125 0.08133235724743777 0.24658203125
2 0.28765739385065886 0.204306640625 0.2761932650073206 0.07955078125
12 0.2999853587115666 0.148427734375 0.2532357247437775 0.079560546875
17 0.16790629575402635 0.17216796875 0.0823718887262079 0.135927734375
7 0.18292825768667642 0.410048828125 0.12002928257686676 0.27642578125
4 0.2599414348462665 0.2658203125 0.13696925329428988 0.10099609375
8 0.24475841874084917 0.512275390625 0.04377745241581259 0.031328125
9 0.24672035139092238 0.339853515625 0.05339677891654465 0.11318359375
9 0.2510541727672035 0.755126953125 0.058272327964860905 0.1068359375
8 0.26109809663250366 0.89935546875 0.06693997071742314 0.03845703125
7 0.1870571010248902 0.81533203125 0.14733528550512445 0.253916015625
1 0.29559297218155195 0.79712890625 0.0673792093704246 0.22259765625
4 0.2690922401171303 0.689765625 0.14067349926793557 0.073896484375
2 0.2746998535871157 0.6279296875 0.29026354319180087 0.08357421875
12 0.2796778916544656 0.5682421875 0.25831625183016105 0.07087890625
17 0.16462664714494876 0.60587890625 0.07200585651537335 0.122021484375
19 0.30685212298682285 0.631630859375 0.05669106881405563 0.049072265625