19 0.31525 0.4686416861826698 0.05298437499999999 0.06770491803278689
18 0.72384375 0.4707494145199063 0.1088125 0.09053864168618266
14 0.927109375 0.5494145199063232 0.032890625 0.07634660421545668
7 0.325140625 0.7362763466042154 0.513625 0.25962529274004686
9 0.11373437500000001 0.6137236533957845 0.04534375 0.09854800936768149
8 0.44749999999999995 0.6060889929742389 0.23275 0.12156908665105386
1 0.37925 0.5234660421545668 0.542296875 0.10112412177985948
3 0.617296875 0.6310304449648712 0.137859375 0.32672131147540984
10 0.7445625 0.5679859484777517 0.1134375 0.4443091334894614
11 0.8198593750000001 0.5668149882903981 0.101296875 0.4381264637002342
16 0.772015625 0.7813817330210773 0.21134375 0.1229976580796253
5 0.8998593749999999 0.6044964871194379 0.0693125 0.19243559718969555