9 0.27124166666666666 0.21253184713375797 0.097 0.09691082802547771
9 0.19136666666666666 0.7285191082802548 0.0944 0.07339171974522293
9 0.5924666666666667 0.22627388535031845 0.03468333333333333 0.06528662420382166
9 0.604375 0.7021496815286624 0.03469166666666667 0.08890127388535031
8 0.4061 0.21191082802547773 0.028608333333333333 0.07748407643312101
8 0.36415833333333336 0.6937898089171974 0.051875 0.07671974522292993
8 0.744425 0.22597133757961782 0.10526666666666666 0.07829617834394904
8 0.7162333333333334 0.7138375796178345 0.07506666666666667 0.09861464968152867
3 0.8179666666666666 0.2440127388535032 0.0548 0.22229299363057323
3 0.780625 0.7505891719745224 0.08185833333333334 0.2600796178343949
7 0.6825166666666667 0.32487261146496815 0.229075 0.1532643312101911
7 0.328825 0.31484076433121017 0.20263333333333333 0.1650636942675159
7 0.28613333333333335 0.824108280254777 0.2901916666666667 0.19216560509554143
7 0.6669333333333334 0.8198566878980892 0.19314166666666668 0.15933121019108282
4 0.21009166666666668 0.2498248407643312 0.06994166666666667 0.21245222929936303
4 0.13839166666666666 0.7666242038216561 0.033675 0.24514331210191082
3 0.7781916666666667 0.7427388535031847 0.074825 0.24848726114649683
17 0.13963333333333333 0.3392515923566879 0.10045000000000001 0.0955891719745223
17 0.10575833333333333 0.8445859872611464 0.046983333333333335 0.0644108280254777
16 0.8770083333333334 0.3297452229299363 0.08471666666666666 0.07738853503184713
16 0.8621749999999999 0.8293949044585988 0.13601666666666667 0.09479299363057325
2 0.15814166666666668 0.19563694267515924 0.061275 0.3042675159235669
12 0.11025000000000001 0.1801433121019108 0.048825 0.2732802547770701
2 0.11690833333333332 0.717404458598726 0.031183333333333334 0.3105095541401274
12 0.09375 0.6983917197452228 0.027716666666666664 0.2906687898089172
15 0.06890833333333334 0.16281847133757962 0.023275 0.04754777070063694
13 0.06647499999999999 0.25665605095541405 0.03031666666666667 0.10783439490445859
13 0.935825 0.2627707006369427 0.019025 0.07910828025477706
13 0.9533083333333333 0.7582802547770701 0.023025 0.09651273885350319
6 0.07815833333333334 0.2199044585987261 0.032025 0.12035031847133758
13 0.9339333333333334 0.18969745222929935 0.027141666666666668 0.055796178343949045
5 0.9350166666666666 0.7512420382165604 0.029308333333333336 0.1643312101910828
5 0.9294416666666666 0.24240445859872609 0.0253 0.11570063694267516
10 0.8602833333333333 0.1996815286624204 0.04889166666666667 0.2714012738853503
10 0.8488666666666667 0.6940605095541401 0.07605 0.2910828025477707
11 0.8977833333333333 0.19597133757961782 0.04531666666666667 0.2457643312101911
11 0.9119666666666666 0.6776273885350319 0.0516 0.2536783439490446
18 0.8570333333333334 0.14390127388535032 0.04239166666666667 0.06885350318471338
18 0.8304666666666666 0.6494426751592357 0.03925 0.07447452229299363
18 0.3451666666666667 0.13945859872611466 0.040075 0.07361464968152866
19 0.10240833333333334 0.6574044585987262 0.045033333333333335 0.05855095541401274
19 0.16442500000000002 0.13087579617834394 0.059541666666666666 0.07011146496815286
19 0.661625 0.14421974522292993 0.03490833333333333 0.05582802547770701
1 0.3147583333333333 0.17170382165605094 0.19830833333333334 0.08351910828025479
1 0.26545833333333335 0.6601910828025478 0.22114166666666668 0.12324840764331212
1 0.7098500000000001 0.18121019108280254 0.22420833333333334 0.09342356687898089
1 0.6830083333333333 0.6838535031847134 0.161 0.084171974522293