7 0.26021875 0.32541666666666663 0.37172916666666667 0.2197037037037037
1 0.28454687500000003 0.5645092592592592 0.33965104166666665 0.12424074074074075
9 0.32846354166666664 0.4929907407407407 0.21394270833333331 0.12428703703703703
4 0.477546875 0.4396203703703704 0.18840625 0.3740277777777778
2 0.6569531249999999 0.526787037037037 0.16780208333333332 0.5066944444444444
12 0.8090104166666666 0.5313148148148149 0.13597395833333334 0.48924074074074075
15 0.9427135416666667 0.5383333333333333 0.041401041666666666 0.0714537037037037
13 0.9424166666666667 0.40777777777777774 0.053828125 0.18535185185185185
6 0.8880833333333332 0.46475925925925926 0.08436458333333333 0.33635185185185185
17 0.7038958333333334 0.28757407407407404 0.305953125 0.09772222222222222
19 0.6336927083333334 0.6219444444444445 0.07700520833333332 0.12293518518518519