19 0.1880859375 0.5885472972972973 0.074984375 0.11782657657657657
7 0.026234374999999997 0.37425675675675674 0.0416953125 0.22416666666666668
4 0.108265625 0.4182545045045045 0.12762500000000002 0.28962837837837835
2 0.2784609375 0.5259234234234234 0.208765625 0.49371621621621625
12 0.46507812499999995 0.5313513513513514 0.2268515625 0.49922297297297297
15 0.67559375 0.561036036036036 0.1476484375 0.14727477477477477
14 0.966171875 0.5662837837837837 0.053031249999999995 0.1521283783783784
13 0.8078828124999999 0.38997747747747746 0.3731640625 0.29502252252252253
0 0.7973984375 0.5364189189189189 0.347953125 0.44713963963963965
6 0.57996875 0.555777027027027 0.13999999999999999 0.25498873873873873
17 0.3098984375 0.2730968468468468 0.349859375 0.08378378378378379