9 0.4336510416666667 0.48160185185185184 0.15250520833333334 0.11828703703703704
8 0.18255208333333334 0.4885925925925925 0.031546875 0.08412037037037036
7 0.33228125000000003 0.33138888888888884 0.4101770833333333 0.20675
1 0.36803125 0.5606944444444444 0.36708854166666666 0.1283240740740741
4 0.5653281250000001 0.454212962962963 0.12789583333333335 0.341287037037037
2 0.6820989583333333 0.5357222222222222 0.11397916666666667 0.4709814814814815
12 0.7806770833333334 0.5467407407407407 0.088859375 0.4292037037037037
17 0.7116979166666667 0.33821296296296294 0.204421875 0.14262962962962963
13 0.86690625 0.44423148148148145 0.03984375 0.1324537037037037
6 0.8250989583333334 0.5004166666666667 0.045807291666666666 0.2892592592592592
15 0.8465468749999999 0.5999166666666667 0.040791666666666664 0.10371296296296297
19 0.6577135416666666 0.6210277777777778 0.09645833333333333 0.11196296296296296
18 0.34145833333333336 0.6371944444444444 0.045197916666666664 0.06280555555555556