16 0.33757291666666667 0.33090740740740743 0.32314062499999996 0.2104351851851852
18 0.4233541666666667 0.5938796296296296 0.07897916666666666 0.0882314814814815
19 0.702796875 0.6816666666666668 0.044119791666666665 0.10331481481481482
10 0.3902083333333334 0.5346388888888889 0.18630208333333334 0.5319537037037037
11 0.23103125 0.5583333333333333 0.17003125 0.46775
14 0.083375 0.6541759259259259 0.05180208333333333 0.14708333333333332
13 0.08771354166666666 0.4710185185185185 0.07784375 0.18816666666666668
5 0.14666145833333333 0.5168333333333333 0.10634375 0.3544907407407408
3 0.5663541666666667 0.4252592592592592 0.18442187499999999 0.3806111111111111
7 0.7886666666666666 0.27929629629629626 0.32696875 0.21832407407407406
8 0.7161354166666667 0.39712037037037035 0.1784375 0.1453148148148148
9 0.90940625 0.4589722222222222 0.047609374999999995 0.07766666666666666
1 0.7249791666666667 0.5233240740740741 0.397515625 0.21253703703703702