9 0.5807 0.29235555555555554 0.1345 0.08064
8 0.35513333333333336 0.3029955555555556 0.030033333333333332 0.07820444444444445
7 0.49358 0.20086222222222222 0.32692666666666664 0.13172444444444445
1 0.5024666666666667 0.34000888888888886 0.3091466666666667 0.09298666666666666
4 0.6734266666666666 0.28418666666666664 0.09337999999999999 0.21540444444444445
2 0.7519666666666667 0.34071111111111113 0.07481333333333333 0.2988355555555556
12 0.8180333333333333 0.35398222222222225 0.05582666666666666 0.27499555555555555
17 0.7828333333333334 0.21971555555555555 0.15654 0.11017777777777778
19 0.7518133333333333 0.3864711111111111 0.06299333333333333 0.045831111111111114
18 0.47326666666666667 0.3966311111111111 0.04630666666666666 0.05511111111111111
15 0.8991466666666666 0.37764444444444445 0.026946666666666667 0.05270222222222222
13 0.8991933333333333 0.2951111111111111 0.024826666666666667 0.11280888888888889
5 0.8727333333333332 0.31307555555555555 0.047446666666666665 0.15762666666666666