13 0.3871683913452493 0.88712109375 0.11532455315145813 0.039625
14 0.5073283160865475 0.89018359375 0.05460959548447789 0.028171875000000002
5 0.4856255879586077 0.8710156250000001 0.11939793038570085 0.03280078125
10 0.48274694261523987 0.7673515625 0.3817403574788335 0.0715703125
11 0.4915145813734713 0.82823828125 0.3428316086547507 0.05271484375
16 0.3016368767638758 0.77568359375 0.08538099717779869 0.131203125
9 0.5020884289746003 0.48378125 0.0864722483537159 0.0317734375
8 0.4438287864534337 0.620390625 0.08753527751646284 0.11163281249999998
7 0.3465475070555033 0.5681015625 0.22222953904045153 0.21798828124999997
3 0.41486359360301034 0.6990937500000001 0.286585136406397 0.0652890625
1 0.5266792097836313 0.5914843750000001 0.13564440263405456 0.2120234375
18 0.5325587958607714 0.76270703125 0.07684854186265287 0.050558593750000005