2 0.33730714285714286 0.4271954314720812 0.14719285714285713 0.4788832487309645
12 0.22334285714285715 0.42041878172588837 0.11083571428571427 0.4480329949238579
17 0.2985857142857143 0.6757994923857867 0.2710642857142857 0.14030456852791878
15 0.08973571428571428 0.4030203045685279 0.03623571428571428 0.08823604060913706
7 0.7223 0.6217639593908629 0.42362857142857147 0.21666243654822334
4 0.48577857142857145 0.5286675126903553 0.18903571428571428 0.36478426395939084
13 0.0927357142857143 0.5584010152284263 0.052957142857142855 0.22133248730964467
6 0.13559285714285715 0.5226142131979695 0.1041857142857143 0.3642005076142132
1 0.6908285714285715 0.4080583756345178 0.5062714285714286 0.13003807106598986
18 0.7209285714285714 0.33959390862944167 0.06291428571428571 0.08828680203045684
19 0.3628785714285714 0.3355456852791878 0.10038571428571429 0.13096446700507614
9 0.6129714285714285 0.48503807106598984 0.20414285714285715 0.13171319796954314
8 0.888307142857143 0.4961421319796954 0.0691 0.109505076142132