8 0.6946666666666667 0.43209259259259264 0.17006249999999998 0.14893518518518517
1 0.7110729166666666 0.5846944444444445 0.4775260416666667 0.2634814814814815
7 0.77065625 0.23747222222222225 0.44516145833333337 0.3653240740740741
10 0.31861979166666665 0.59375 0.21034375 0.7021666666666667
11 0.16133854166666667 0.6819259259259259 0.167265625 0.5196388888888889
16 0.269296875 0.3199166666666667 0.2916302083333333 0.2498240740740741
18 0.348453125 0.6944722222222222 0.10901041666666668 0.12416666666666666
14 0.045098958333333335 0.7867500000000001 0.04211458333333333 0.11245370370370371
19 0.7117916666666667 0.7755277777777778 0.05594791666666667 0.07317592592592592
3 0.4955625 0.4375833333333333 0.24076562499999998 0.4905555555555555
13 0.028921875 0.6317222222222222 0.0470625 0.23685185185185187
5 0.07453125 0.7451296296296296 0.097828125 0.2647222222222222