9 0.3586736111111111 0.39852027027027026 0.14997916666666666 0.031135135135135134
8 0.12144444444444444 0.39534797297297297 0.04357638888888889 0.029297297297297298
7 0.25908333333333333 0.36313175675675674 0.3744097222222222 0.06508783783783784
1 0.3109097222222222 0.4190878378378378 0.3738888888888889 0.04524324324324324
4 0.4892013888888889 0.3951317567567567 0.12370138888888889 0.09417905405405405
2 0.6208333333333333 0.42660135135135135 0.14284027777777777 0.1345641891891892
12 0.7508402777777778 0.432277027027027 0.11486805555555556 0.12116891891891893
19 0.5947430555555555 0.4443175675675676 0.09664583333333332 0.021378378378378377
18 0.27475694444444443 0.45184121621621626 0.05053472222222222 0.016567567567567568
13 0.8761111111111111 0.402125 0.03900694444444445 0.04847972972972973
6 0.8211805555555556 0.4196722972972973 0.07730555555555554 0.0768141891891892
17 0.6696666666666667 0.36735810810810815 0.26038194444444446 0.04538513513513514
15 0.8521180555555555 0.45094594594594595 0.03647916666666667 0.025520270270270273