9 0.444875 0.4658819444444445 0.10521484375000001 0.08140972222222223
8 0.26397265625 0.4709930555555556 0.030906250000000003 0.06108333333333333
7 0.3698046875 0.37681944444444443 0.28944921875 0.15606944444444446
1 0.4001328125 0.5224236111111111 0.28135546875 0.09449305555555555
19 0.5976874999999999 0.5748680555555555 0.0623984375 0.057729166666666665
18 0.35755078125 0.5835138888888889 0.03837109375 0.05557638888888889
2 0.617859375 0.5153680555555555 0.0902421875 0.36094444444444446
12 0.698859375 0.5284305555555556 0.07033984374999999 0.3212638888888889
17 0.641546875 0.3713402777777778 0.15793359375 0.10899305555555555
15 0.75717578125 0.5651527777777778 0.0204375 0.04940277777777778
13 0.76701171875 0.4675694444444444 0.029171875000000003 0.14868055555555554
6 0.73739453125 0.5100972222222222 0.0543125 0.1948472222222222
4 0.52939453125 0.4542361111111111 0.0950703125 0.2535833333333333