1 0.329328125 0.48611764705882354 0.3727109375 0.11804705882352942
9 0.36442968750000004 0.41258823529411764 0.17059375000000002 0.08189411764705883
8 0.138671875 0.42954117647058826 0.053890625000000004 0.07547058823529412
7 0.2842265625 0.30978823529411764 0.3695625 0.16536470588235294
4 0.48953125000000003 0.39788235294117646 0.14251562499999998 0.29451764705882355
2 0.632296875 0.4610235294117647 0.1418984375 0.4002941176470588
12 0.7591328125000001 0.4602588235294118 0.11178125000000001 0.3896235294117647
15 0.8746953124999999 0.4800941176470588 0.034875 0.0690235294117647
13 0.8731796875000001 0.3447529411764706 0.052125 0.17481176470588236
6 0.829703125 0.3775882352941176 0.0944296875 0.24045882352941175
17 0.6605624999999999 0.2722235294117647 0.25615625 0.09696470588235294
19 0.5963828125 0.5208 0.0719921875 0.07311764705882352