1 0.6562072958888245 0.5145248474280733 0.3138911407064274 0.10102877070619005
9 0.6267284308048638 0.5732258064516129 0.12986682107701217 0.08591107236268528
7 0.7044643891140706 0.685387968613775 0.3223914302258251 0.2056146469049695
4 0.5165720903300521 0.6011159546643418 0.13190503763752173 0.2811857018308631
2 0.40320208453966416 0.5487096774193548 0.1506774753908512 0.4169921534437664
12 0.30789808917197453 0.532048823016565 0.1302605674580197 0.39762859633827374
19 0.43343949044585983 0.4891455972101133 0.0860799073537927 0.07119442022667828
17 0.3635031847133758 0.6978901482127289 0.20330052113491606 0.11553618134263297
6 0.22927620150550085 0.4761639058413252 0.08832078749276201 0.2893374019180471
13 0.19421540243196295 0.6154577157802964 0.047695425593514765 0.12852659110723627
15 0.2087550665894615 0.4724847428073235 0.0350839606253619 0.05182214472537053