9 0.36553615960099756 0.49365384615384617 0.05316708229426434 0.09644230769230769
8 0.36034912718204487 0.6499038461538461 0.06354114713216957 0.060975274725274725
7 0.2799501246882793 0.556771978021978 0.13364089775561097 0.2639010989010989
1 0.4030423940149626 0.5277335164835165 0.10663341645885287 0.29281593406593404
4 0.35940149625935164 0.40228021978021977 0.18635910224438904 0.06252747252747254
2 0.4120199501246883 0.3356043956043956 0.3040648379052369 0.07111263736263737
12 0.4143890274314214 0.27111263736263735 0.28800498753117204 0.05428571428571429
13 0.33162094763092265 0.2096291208791209 0.10586034912718205 0.048090659340659335
6 0.3814962593516209 0.23111263736263737 0.17992518703241897 0.05318681318681318
17 0.2641645885286783 0.3181318681318681 0.07072319201995013 0.1414697802197802
17 0.45423940149625935 0.3474175824175824 0.06847880299251871 0.055810439560439566