9 0.17929984779299848 0.39332155477031805 0.09202435312024353 0.08381625441696113
7 0.18296803652968036 0.2885512367491166 0.1088888888888889 0.20109540636042403
1 0.23140030441400306 0.4569964664310954 0.19380517503805175 0.1157243816254417
4 0.2875646879756469 0.3564664310954063 0.13663622526636224 0.3220494699646643
2 0.44185692541856925 0.4393286219081272 0.18573820395738205 0.4331802120141343
12 0.6173820395738204 0.44385159010600705 0.16721461187214612 0.4321908127208481
17 0.4965753424657534 0.2132155477031802 0.33273972602739726 0.07088339222614841
13 0.807564687975647 0.3140282685512368 0.09476407914764079 0.2343816254416961
15 0.7984018264840183 0.490565371024735 0.0802283105022831 0.10600706713780919
6 0.7176255707762558 0.37371024734982333 0.14318112633181126 0.331696113074205
19 0.3986605783866058 0.5113427561837456 0.04940639269406393 0.11664310954063603