19 0.39802777777777776 0.4171861152141802 0.06767361111111111 0.05335302806499261
9 0.5961805555555556 0.4602363367799113 0.13858333333333334 0.05926883308714919
1 0.6335208333333333 0.4309453471196455 0.29659722222222223 0.045
7 0.6771319444444445 0.5523633677991138 0.3104027777777778 0.13379615952732643
4 0.4808263888888889 0.4975775480059084 0.12215277777777778 0.17835302806499262
2 0.37182638888888886 0.45233382570162484 0.09662499999999999 0.26292466765140327
12 0.2760416666666667 0.4431314623338257 0.09156249999999999 0.24873707533234862
15 0.17913194444444444 0.42955686853766617 0.034645833333333334 0.04011078286558346
13 0.17385416666666667 0.5067799113737075 0.03797916666666667 0.0869423929098966
6 0.20339583333333333 0.4558714918759232 0.051756944444444446 0.07374446085672082
17 0.33129166666666665 0.5784047267355982 0.21197222222222223 0.06254062038404727