8 0.701609375 0.4033032616238723 0.14883125 0.13057598889659958
3 0.5801031249999999 0.4026092990978487 0.161234375 0.37572519083969463
10 0.438196875 0.47975711311589175 0.14909375 0.47779319916724494
11 0.31608125000000004 0.4994240111034004 0.11110937500000001 0.43846634281748786
13 0.20153749999999998 0.3967800138792505 0.067440625 0.17303955586398334
5 0.26148125 0.4169396252602359 0.075171875 0.29663428174878553
14 0.215221875 0.5487855655794587 0.03439375 0.07917418459403193
7 0.73655625 0.2881887578070784 0.243725 0.27674531575294936
1 0.6940843750000001 0.49169326856349754 0.27753125 0.1639347675225538
18 0.48284687499999995 0.558029146426093 0.065478125 0.10691880638445524
16 0.401171875 0.2689798750867453 0.24587499999999998 0.1302498265093685