9 0.29114999999999996 0.56422 0.1025125 0.07708
8 0.48174999999999996 0.56712 0.0519 0.06468
1 0.352825 0.52638 0.2622375 0.06686
7 0.381175 0.6635800000000001 0.29243749999999996 0.16786
4 0.221675 0.60038 0.065825 0.23968
2 0.1805 0.54122 0.0675875 0.27834
12 0.13055 0.53106 0.051775 0.26894
15 0.10141249999999999 0.49722000000000005 0.025325 0.05582
13 0.0901 0.58808 0.02315 0.12846000000000002
6 0.103225 0.55674 0.0278875 0.11606
17 0.15234999999999999 0.6805399999999999 0.09082499999999999 0.0988
19 0.17678750000000001 0.49706 0.0646875 0.06276
18 0.4405875 0.49144 0.030924999999999998 0.04426
18 0.5818125 0.49484 0.0315625 0.0474
14 0.7638375000000001 0.46302 0.0910875 0.11102
15 0.898975 0.4669 0.05225 0.09334
0 0.833325 0.51214 0.17322500000000002 0.22748
13 0.8201375 0.61738 0.2343375 0.15478
5 0.7085750000000001 0.53126 0.07145 0.1166
11 0.6662125 0.5169400000000001 0.0776375 0.24431999999999998
10 0.608 0.51918 0.068025 0.22334
16 0.62035 0.64742 0.1073875 0.07256
3 0.5598 0.56324 0.046637500000000005 0.08238