18 0.3631770833333333 0.4303916666666667 0.04683333333333333 0.04019166666666667
19 0.5685989583333334 0.4414166666666667 0.03059375 0.04000833333333333
8 0.4563802083333333 0.3525583333333333 0.07930208333333333 0.05118333333333334
9 0.6159479166666666 0.3556333333333333 0.032703125 0.051775
7 0.5355104166666667 0.28859999999999997 0.25671875 0.12695833333333334
1 0.51246875 0.3953833333333333 0.22704166666666667 0.06983333333333333
3 0.39919270833333337 0.3408 0.05057291666666666 0.17395833333333333
10 0.35578645833333333 0.385425 0.04478125 0.224325
11 0.3250885416666666 0.3965416666666667 0.049359375 0.20210833333333333
14 0.293046875 0.422825 0.01768229166666667 0.04355833333333334
5 0.30895833333333333 0.3545666666666667 0.025718750000000002 0.13296666666666668
16 0.3486041666666667 0.2735916666666667 0.06861458333333334 0.054358333333333335