9 0.34362499999999996 0.3218 0.12898437499999998 0.075275
8 0.160390625 0.319675 0.0348125 0.056775
7 0.270734375 0.23324999999999999 0.28900000000000003 0.151775
1 0.294875 0.3729 0.27926562499999996 0.106075
4 0.45726562499999995 0.297975 0.112484375 0.252675
2 0.5881093749999999 0.37715000000000004 0.16107812500000002 0.35387500000000005
12 0.729703125 0.38372500000000004 0.12565625 0.35695
17 0.64275 0.21605 0.289734375 0.12452500000000001
13 0.8784531250000001 0.25605 0.055781250000000004 0.12240000000000001
15 0.8828125 0.37274999999999997 0.028796875 0.07719999999999999
6 0.83121875 0.343025 0.07515625000000001 0.21775
19 0.556046875 0.41924999999999996 0.069453125 0.088025