9 0.6357265625 0.5835882352941176 0.181203125 0.09584705882352941
8 0.8579453125000001 0.5686235294117646 0.06704687499999999 0.07768235294117647
1 0.674796875 0.5159529411764706 0.3765234375 0.11352941176470588
7 0.7175703125 0.6845411764705882 0.366046875 0.20224705882352942
12 0.24846093749999998 0.5346117647058823 0.1176015625 0.38614117647058827
15 0.12478125 0.5115411764705883 0.07728125 0.1223529411764706
17 0.3263125 0.7367764705882353 0.26184375000000004 0.10365882352941176
19 0.40569531249999996 0.4754705882352941 0.07659375 0.10902352941176471
18 0.7185625 0.4456705882352941 0.06171093749999999 0.06708235294117647
2 0.367921875 0.539164705882353 0.1401796875 0.3977764705882353
4 0.51415625 0.6093764705882353 0.1618125 0.32383529411764705
6 0.146953125 0.5559647058823529 0.0760703125 0.19868235294117648
13 0.1389296875 0.6843058823529411 0.0678125 0.12762352941176472