1 0.3106941176470588 0.45031746031746034 0.39845882352941175 0.1445679012345679
8 0.3593411764705882 0.513015873015873 0.11149411764705881 0.0989594356261023
9 0.11749411764705883 0.48710758377425045 0.03476470588235294 0.10804232804232804
7 0.2626823529411765 0.6380599647266313 0.3518588235294117 0.20795414462081127
10 0.6101764705882353 0.4760493827160494 0.17412941176470587 0.5092063492063492
11 0.7441764705882352 0.47246913580246913 0.17045882352941175 0.5277248677248678
16 0.6549058823529411 0.6732451499118166 0.26903529411764704 0.11477954144620811
5 0.8668823529411765 0.3795943562610229 0.13994117647058824 0.38860670194003527
3 0.4754 0.5694708994708995 0.1527058823529412 0.33372134038800705
18 0.5755764705882354 0.42252204585537917 0.0875764705882353 0.09754850088183421
13 0.908235294117647 0.6247971781305115 0.05115294117647058 0.09483245149911818