9 0.3807875 0.839225 0.1335125 0.053087499999999996
8 0.54525 0.836125 0.05965 0.0441375
7 0.44277500000000003 0.8866375 0.27585 0.1048375
2 0.20287500000000003 0.8079500000000001 0.1054625 0.1989
12 0.10855000000000001 0.8015875 0.0946 0.18892499999999998
19 0.2191 0.7800875 0.0629125 0.065375
1 0.4146375 0.807225 0.2956375 0.0641
15 0.034375 0.78095 0.043449999999999996 0.0448875
17 0.164925 0.9032125000000001 0.1898875 0.063375
4 0.27225 0.8597875 0.1001 0.20735
13 0.031175 0.8688125 0.02955 0.0609375
6 0.0536125 0.8239 0.0695125 0.13675