9 0.7338064516129033 0.48100000000000004 0.18545161290322582 0.1095967741935484
8 0.9378279569892473 0.47251612903225804 0.047236559139784945 0.07969354838709677
4 0.582483870967742 0.5334354838709677 0.17918279569892473 0.35638709677419356
6 0.1005483870967742 0.4105 0.1146236559139785 0.16856451612903225
2 0.40593548387096773 0.4318387096774194 0.19206451612903228 0.4951129032258065
12 0.23046236559139785 0.4233387096774194 0.1636989247311828 0.4652258064516129
17 0.34318279569892474 0.6768225806451613 0.33322580645161287 0.13993548387096774
13 0.05558064516129032 0.5459193548387097 0.06768817204301075 0.22006451612903224
15 0.06388172043010752 0.3647741935483871 0.06280645161290323 0.0900483870967742
19 0.4715268817204301 0.3948225806451613 0.10389247311827958 0.11787096774193548
1 0.7491612903225807 0.4184193548387097 0.35808602150537633 0.09411290322580645
7 0.8203225806451613 0.6603870967741935 0.3369784946236559 0.249