9 0.3940888888888889 0.530525 0.09753333333333333 0.1399625
8 0.40055555555555555 0.7302249999999999 0.10815555555555556 0.043525
7 0.3034222222222222 0.6146 0.1879333333333333 0.31642499999999996
1 0.46099999999999997 0.5781125 0.12533333333333332 0.32111249999999997
4 0.4002222222222222 0.434975 0.27044444444444443 0.0926125
2 0.4590666666666667 0.3483625 0.3548 0.08605
12 0.47171111111111114 0.2761875 0.3059777777777778 0.056287500000000004
13 0.40688888888888886 0.22196249999999998 0.10226666666666667 0.02075
6 0.4275777777777778 0.2493375 0.1955333333333333 0.04535
17 0.30131111111111114 0.32899999999999996 0.09113333333333333 0.147325
19 0.5243111111111111 0.364925 0.059333333333333335 0.0775125
18 0.5383555555555556 0.6315 0.061533333333333336 0.044000000000000004