9 0.52015625 0.6213666666666667 0.17968125000000001 0.09783333333333333
8 0.2988375 0.6158222222222223 0.03704375 0.07192222222222222
7 0.43530625 0.4620666666666667 0.36831875 0.23476666666666665
1 0.46286875 0.6839777777777778 0.35676250000000004 0.09712222222222222
4 0.66276875 0.5603222222222223 0.080925 0.36462222222222224
2 0.7626875 0.6605000000000001 0.1226875 0.5242444444444444
12 0.8680374999999999 0.6763333333333333 0.090025 0.48923333333333335
15 0.956725 0.7279888888888889 0.03198125 0.06292222222222223
13 0.964775 0.5478222222222222 0.034825 0.1541
6 0.9441812500000001 0.6430666666666667 0.05896874999999999 0.14864444444444444
17 0.7872125 0.42615555555555557 0.21379375 0.11481111111111111
19 0.71064375 0.7411111111111112 0.054406249999999996 0.06695555555555556