9 0.74383125 0.5069444444444444 0.037475 0.09921111111111112
8 0.48895000000000005 0.5087444444444444 0.15271875 0.11867777777777778
7 0.60661875 0.3463 0.4076875 0.27632222222222225
3 0.37888125 0.45374444444444445 0.09686249999999999 0.35557777777777777
10 0.30972500000000003 0.5670222222222222 0.10854375 0.49237777777777775
11 0.22672499999999998 0.5701999999999999 0.11219375 0.4860333333333333
14 0.15330625 0.617588888888889 0.0349875 0.08556666666666667
13 0.1409625 0.4625666666666667 0.053168749999999994 0.24853333333333333
5 0.16636875 0.4713555555555556 0.0495875 0.29152222222222224
16 0.25606875 0.31401111111111113 0.14766875000000002 0.11016666666666668
18 0.30359375 0.6022222222222222 0.08021874999999999 0.0961111111111111
19 0.67873125 0.6363444444444445 0.03941875 0.05958888888888889
1 0.57049375 0.5731555555555556 0.3711625 0.11098888888888889