19 0.6059208523592085 0.4890812720848056 0.043059360730593604 0.09173144876325089
9 0.8372146118721461 0.604452296819788 0.09467275494672756 0.07381625441696113
7 0.84662100456621 0.7232155477031802 0.11347031963470319 0.21318021201413426
1 0.775296803652968 0.5219081272084806 0.1839269406392694 0.08537102473498233
2 0.5537899543378995 0.5549469964664311 0.21949771689497719 0.469469964664311
12 0.3735159817351598 0.5563604240282685 0.19213089802130898 0.4526855123674912
15 0.1756773211567732 0.516113074204947 0.0856468797564688 0.09346289752650176
13 0.17187214611872145 0.6755477031802121 0.10678843226788431 0.26310954063604236
17 0.49867579908675796 0.7967137809187279 0.34776255707762554 0.1010600706713781
4 0.7180213089802131 0.6282332155477032 0.1556316590563166 0.27053003533568903
6 0.24666666666666667 0.6070671378091873 0.14814307458143075 0.33031802120141346