18 0.5752796052631579 0.24650000000000002 0.06473684210526316 0.046814814814814816
7 0.4210032894736842 0.12775 0.15643092105263157 0.036175925925925924
3 0.467171052631579 0.19375 0.21861842105263155 0.09442592592592593
10 0.5151480263157895 0.28073148148148147 0.3145559210526316 0.13687962962962963
11 0.5264309210526316 0.4149351851851852 0.33437500000000003 0.1321388888888889
14 0.5665460526315789 0.5841851851851851 0.12952302631578946 0.10799074074074073
15 0.5973190789473685 0.7299444444444445 0.04804276315789474 0.03517592592592593
5 0.44985197368421054 0.5031203703703704 0.26072368421052633 0.14956481481481482
13 0.43771381578947366 0.6504537037037037 0.2227138157894737 0.2544259259259259
0 0.5476809210526316 0.6728425925925926 0.18223684210526314 0.16339814814814815
16 0.35851973684210525 0.3275092592592592 0.09449013157894737 0.2535925925925926