18 0.6014270833333334 0.5324444444444444 0.051619791666666665 0.052203703703703704
8 0.4180520833333333 0.6278611111111111 0.13109895833333335 0.09179629629629629
16 0.6381718749999999 0.7585925925925926 0.156140625 0.14030555555555554
3 0.5133072916666667 0.6933518518518519 0.11941145833333335 0.18575000000000003
10 0.6188802083333333 0.5997314814814815 0.1129375 0.4059074074074074
11 0.6785 0.5860185185185185 0.098125 0.4031666666666667
14 0.759328125 0.5418796296296297 0.030619791666666667 0.0525462962962963
5 0.7390208333333333 0.6436296296296297 0.05686979166666666 0.0986574074074074
13 0.766515625 0.6602592592592593 0.033140625 0.15043518518518517
9 0.22287500000000002 0.622462962962963 0.037083333333333336 0.07790740740740741
7 0.3356927083333333 0.7744537037037037 0.29446354166666666 0.1936203703703704
1 0.37649479166666666 0.5880833333333333 0.296203125 0.11100925925925927