5 0.7363488372093023 0.4567724867724868 0.14902325581395348 0.20587301587301585
13 0.8188604651162791 0.5738095238095238 0.12625581395348837 0.21211640211640215
14 0.8144883720930233 0.4269576719576719 0.08694186046511627 0.11256613756613756
16 0.498360465116279 0.6511904761904762 0.3347674418604651 0.12724867724867725
18 0.39461627906976743 0.4133068783068783 0.04058139534883721 0.10931216931216932
11 0.6135348837209302 0.4711640211640212 0.1697674418604651 0.43052910052910054
10 0.44065116279069766 0.4685449735449736 0.17917441860465116 0.4314021164021164
8 0.17011627906976745 0.5312169312169313 0.10323255813953489 0.10944444444444444
7 0.1741511627906977 0.6475661375661376 0.12398837209302326 0.17380952380952383
1 0.24330232558139536 0.46584656084656084 0.22211627906976744 0.11341269841269841
3 0.28048837209302324 0.544074074074074 0.15595348837209302 0.2833333333333333