9 0.6573125000000001 0.5715555555555555 0.18049375 0.12687777777777778
8 0.90633125 0.5735777777777779 0.042824999999999995 0.10871111111111112
7 0.7564875000000001 0.6893555555555555 0.3949125 0.2355
19 0.38213749999999996 0.4233222222222222 0.09265000000000001 0.08756666666666667
18 0.7275499999999999 0.40692222222222224 0.04954375 0.06112222222222222
2 0.34592500000000004 0.49535555555555555 0.18094375 0.5332111111111111
12 0.21243125 0.48265555555555556 0.17645624999999998 0.48242222222222225
13 0.0594375 0.5958 0.0490375 0.24203333333333335
15 0.07416875 0.43037777777777775 0.05185625 0.1270777777777778
1 0.69566875 0.4984555555555556 0.43399375 0.1743222222222222
17 0.30346875 0.7433222222222222 0.296025 0.10498888888888888
4 0.50789375 0.5517888888888889 0.18880624999999998 0.3159333333333333
6 0.10681875 0.46326666666666666 0.09558125 0.27855555555555556