9 0.1590625 0.5349583333333333 0.06264322916666668 0.12025925925925926
8 0.5183958333333334 0.5302222222222223 0.17974739583333335 0.13393981481481482
1 0.4143489583333333 0.44292129629629634 0.5133229166666667 0.1655462962962963
7 0.36313020833333337 0.6848194444444444 0.5396380208333333 0.3392777777777778
3 0.6519166666666667 0.5676712962962963 0.14175260416666668 0.46246296296296296
10 0.7639609375 0.4722824074074074 0.14328125 0.5282314814814815
16 0.7824843749999999 0.7126574074074074 0.18269791666666665 0.16785185185185186
5 0.873046875 0.5612314814814815 0.05051041666666667 0.3318240740740741
13 0.907671875 0.6065277777777778 0.023471354166666666 0.15325925925925926
19 0.32011197916666667 0.3585787037037037 0.04359635416666666 0.07768981481481482
18 0.75496875 0.35983333333333334 0.11383072916666667 0.11723611111111111