8 0.16925418569254186 0.5036395759717315 0.09474885844748858 0.12091872791519434
1 0.22929984779299847 0.4260424028268551 0.19051750380517504 0.0834982332155477
7 0.15703196347031964 0.6777385159010602 0.10074581430745815 0.29484098939929326
3 0.27334855403348557 0.5714840989399292 0.17802130898021307 0.41710247349823326
10 0.4357077625570776 0.4759010600706714 0.18722983257229833 0.5469964664310955
11 0.6069863013698631 0.47699646643109544 0.1771689497716895 0.5448409893992933
13 0.8445357686453577 0.6084098939929329 0.09353120243531203 0.28964664310954064
5 0.7652054794520549 0.5004946996466431 0.13936073059360732 0.23141342756183744
14 0.8449923896499238 0.4604240282685513 0.07418569254185693 0.11763250883392226
16 0.4989041095890411 0.7122968197879859 0.3452815829528158 0.1550530035335689
18 0.37445966514459667 0.3957597173144876 0.048554033485540334 0.10939929328621908