19 0.3322625 0.45933638443935926 0.0378 0.057322654462242564
18 0.58845 0.42691075514874144 0.0595625 0.0754233409610984
1 0.4108625 0.49135011441647597 0.28405 0.11279176201372998
7 0.3937375 0.6540732265446224 0.31545 0.22910755148741418
9 0.26603750000000004 0.5754004576659039 0.038149999999999996 0.07205949656750572
8 0.482625 0.535949656750572 0.11352499999999999 0.09899313501144165
3 0.555175 0.5512814645308924 0.0741875 0.2564988558352403
10 0.5962375 0.4911212814645309 0.06105000000000001 0.3497254004576659
11 0.6311375 0.49077803203661324 0.061325000000000005 0.35116704805491994
16 0.6244625 0.6517391304347826 0.08555 0.09604118993135011
5 0.6665125000000001 0.4903203661327231 0.0313 0.12787185354691077