7 0.026242187500000003 0.6548986486486486 0.041796875 0.22823198198198197
8 0.051460937500000005 0.5152364864864865 0.050562499999999996 0.05402027027027027
1 0.100640625 0.4711373873873874 0.08805468749999999 0.06718468468468468
3 0.103125 0.5836148648648649 0.140375 0.3009684684684685
10 0.262046875 0.48454954954954954 0.2190859375 0.49157657657657655
11 0.4570078125 0.485304054054054 0.23729687500000002 0.49650900900900896
0 0.79746875 0.4257094594594594 0.360296875 0.3967454954954955
5 0.5839765625 0.4715427927927928 0.13382031249999998 0.21643018018018018
13 0.8018515624999999 0.6072972972972973 0.3846796875 0.27568693693693697
15 0.947859375 0.4330968468468468 0.059515625 0.12622747747747748
14 0.7111015625 0.44106981981981985 0.205671875 0.13183558558558559
16 0.315328125 0.739009009009009 0.349125 0.07364864864864866
18 0.18090625 0.4195382882882883 0.056843750000000005 0.09537162162162162