1 0.24316590563165905 0.4906360424028268 0.17981735159817352 0.10614840989399293
8 0.19694063926940636 0.5639929328621909 0.12351598173515983 0.11590106007067137
7 0.1854337899543379 0.7058303886925795 0.11191780821917809 0.24946996466431093
3 0.29141552511415525 0.6063957597173145 0.15366818873668187 0.3380918727915195
10 0.4604109589041096 0.521660777385159 0.1923896499238965 0.5054770318021202
11 0.6449619482496195 0.5283745583038869 0.18095890410958904 0.5030035335689046
14 0.8218417047184171 0.48208480565371026 0.07764079147640791 0.1111660777385159
5 0.7627245053272451 0.5230035335689046 0.07823439878234399 0.2460070671378092
13 0.8304870624048706 0.6578798586572439 0.0763013698630137 0.24840989399293284
16 0.5144292237442922 0.7773144876325088 0.3361187214611872 0.09848056537102474
18 0.39490106544901066 0.4414487632508834 0.04759512937595129 0.09614840989399294