7 0.38019230769230766 0.6851097804391217 0.33094780219780223 0.17976047904191617
1 0.41122252747252747 0.54 0.33289835164835163 0.0891816367265469
9 0.2501236263736264 0.6037125748502994 0.041607142857142856 0.08187624750499002
8 0.48173076923076924 0.5914171656686626 0.13567307692307692 0.07475049900199601
3 0.5689148351648352 0.6152295409181637 0.10267857142857142 0.2493812375249501
10 0.6584752747252748 0.5552694610778444 0.11008241758241759 0.34934131736526947
11 0.7366346153846154 0.5501596806387226 0.09626373626373626 0.3323153692614771
16 0.6886401098901098 0.7130139720558882 0.16832417582417583 0.08315369261477046
14 0.8027884615384615 0.5064071856287425 0.027445054945054944 0.05441117764471058
13 0.8194230769230769 0.6417564870259481 0.03322802197802198 0.10554890219560879
5 0.7963186813186813 0.5449900199600799 0.04196428571428572 0.12908183632734532
18 0.6388461538461538 0.49800399201596807 0.07902472527472527 0.05758483033932136
19 0.35365384615384615 0.49596806387225545 0.037486263736263736 0.04353293413173653