1 0.2693 0.44122500000000003 0.48275 0.20952500000000002
7 0.20837499999999998 0.680375 0.3747875 0.271175
3 0.423275 0.53245 0.2444125 0.40700000000000003
10 0.637675 0.44427500000000003 0.183275 0.578825
11 0.794 0.428725 0.1373 0.537675
16 0.6778375 0.6987000000000001 0.33240000000000003 0.168925
14 0.9445125 0.3934 0.0415125 0.10832499999999999
13 0.9318875 0.5543 0.0718125 0.18015
5 0.88775 0.486 0.1196625 0.33425
18 0.5956375 0.32335 0.11042500000000001 0.107125
19 0.29695 0.316025 0.0436 0.08137499999999999
8 0.27232500000000004 0.5186 0.21658750000000002 0.150625