19 0.18029850746268658 0.3892553191489362 0.08656716417910447 0.09803191489361703
18 0.7539925373134329 0.4246808510638298 0.12279850746268656 0.1452659574468085
1 0.3701865671641791 0.5029255319148936 0.6114179104477613 0.22499999999999998
7 0.33600746268656717 0.7655319148936169 0.6383955223880597 0.30106382978723406
8 0.5232089552238806 0.6059574468085106 0.2375373134328358 0.15856382978723405
9 0.09059701492537314 0.5902127659574468 0.12272388059701493 0.16313829787234044
10 0.7824253731343284 0.4977127659574468 0.11880597014925373 0.6343085106382979
11 0.8669776119402984 0.48829787234042554 0.1446268656716418 0.6262765957446809
16 0.8130597014925374 0.7639893617021276 0.21194029850746268 0.22372340425531917
14 0.9513059701492537 0.4070744680851064 0.04477611940298507 0.11601063829787234
5 0.9278358208955224 0.5747340425531915 0.07287313432835821 0.33904255319148935
3 0.6713432835820895 0.6024468085106384 0.1378731343283582 0.4625531914893617