15 0.3497708333333333 0.4023055555555556 0.17678645833333334 0.10674074074074075
14 0.13331770833333334 0.39501851851851855 0.049421875 0.08291666666666667
13 0.28674479166666667 0.5981944444444444 0.38927083333333334 0.2855462962962963
0 0.24622916666666667 0.41345370370370366 0.28045833333333337 0.22162037037037036
12 0.576453125 0.4570740740740741 0.20653125 0.5897314814814815
2 0.710140625 0.46015740740740746 0.1891875 0.60825
19 0.8003229166666667 0.3873888888888889 0.05358333333333333 0.09542592592592593
17 0.6836927083333334 0.7068148148148148 0.27343229166666666 0.12316666666666667
6 0.468609375 0.38172222222222224 0.19532291666666665 0.38930555555555557
4 0.8384270833333333 0.5331203703703703 0.105484375 0.32516666666666666
7 0.8890208333333334 0.6022222222222222 0.038260416666666665 0.22262037037037039