1 0.52565 0.5899625000000001 0.31149166666666667 0.0858375
8 0.5824666666666667 0.6284125 0.12071666666666668 0.0783625
9 0.3909666666666667 0.6353625 0.04003333333333333 0.06724999999999999
7 0.499725 0.7301375 0.29296666666666665 0.16931249999999998
3 0.6766416666666667 0.6712874999999999 0.11138333333333333 0.24536249999999998
5 0.8679166666666667 0.5984625 0.07518333333333334 0.24658750000000002
10 0.7448750000000001 0.6048 0.0916 0.35612499999999997
11 0.8021666666666667 0.605325 0.09369166666666667 0.3634125
18 0.7311583333333334 0.558025 0.069025 0.0664
16 0.7818416666666667 0.7520125 0.14904166666666666 0.1255625
14 0.8752083333333334 0.549775 0.027258333333333332 0.052337499999999995