1 0.6424117647058823 0.45198744769874477 0.5443647058823529 0.1762133891213389
4 0.41342352941176475 0.5740794979079499 0.16238823529411764 0.3753765690376569
19 0.30014117647058824 0.35864016736401677 0.10415294117647059 0.07966527196652719
2 0.28338823529411766 0.47485355648535565 0.15198823529411765 0.6339330543933054
12 0.19695294117647058 0.4746652719665272 0.15290588235294117 0.64
7 0.6836 0.6837866108786611 0.5199294117647059 0.27612970711297075
9 0.5402823529411764 0.5474476987447698 0.19348235294117647 0.12255230125523012
8 0.8855529411764707 0.5561297071129707 0.06258823529411765 0.11094142259414226
17 0.24523529411764705 0.7330543933054393 0.2187764705882353 0.14612970711297069
6 0.10443529411764706 0.4535774058577406 0.0917764705882353 0.32746861924686194
13 0.0728235294117647 0.6398953974895397 0.03743529411764706 0.1465062761506276
15 0.07251764705882353 0.44018828451882847 0.01988235294117647 0.08824267782426778