10 0.6550549450549451 0.4298241758241758 0.15800824175824177 0.47312087912087913
11 0.7585164835164836 0.4035824175824176 0.10983516483516483 0.43630769230769234
16 0.6914010989010989 0.6134065934065934 0.1990521978021978 0.1840879120879121
3 0.5278708791208792 0.5274945054945055 0.14892857142857144 0.34193406593406594
8 0.4158379120879121 0.5027472527472527 0.15559065934065933 0.10404395604395605
7 0.33800824175824173 0.6167252747252747 0.3088461538461538 0.24723076923076923
1 0.3776648351648352 0.4187692307692307 0.3339697802197802 0.14643956043956044
18 0.6253296703296704 0.36024175824175825 0.08785714285714286 0.07650549450549451
14 0.8460027472527473 0.32997802197802195 0.02381868131868132 0.05052747252747252
13 0.8539148351648351 0.4369010989010989 0.02197802197802198 0.1576043956043956
5 0.8157554945054946 0.3965934065934066 0.07560439560439561 0.3525934065934066