14 0.2089375 0.45822 0.042675 0.07298
15 0.35265 0.4557 0.1416375 0.07522
13 0.320225 0.55936 0.2921625 0.18936
0 0.294125 0.45430000000000004 0.214975 0.16469999999999999
12 0.5528375 0.45658 0.13116250000000002 0.2943
2 0.6571625 0.45382 0.147425 0.29275999999999996
17 0.62495 0.59984 0.2247125 0.09162000000000001
6 0.47411250000000005 0.48778 0.13648749999999998 0.1844
1 0.766125 0.43110000000000004 0.08397500000000001 0.04336
4 0.7553375 0.5067200000000001 0.0898375 0.18844
9 0.8025375 0.47108 0.0356375 0.05564
7 0.8084749999999999 0.5359400000000001 0.0359875 0.12996000000000002
19 0.6978125 0.40496 0.049275 0.06492