18 0.5494322916666667 0.5891481481481481 0.051807291666666665 0.0774537037037037
9 0.251953125 0.6694444444444444 0.028026041666666668 0.0514537037037037
8 0.3973229166666667 0.6650833333333332 0.12084895833333334 0.07978703703703705
1 0.37009895833333334 0.6290462962962963 0.24001041666666667 0.08177777777777777
7 0.3434635416666667 0.7626111111111111 0.23014583333333333 0.1482962962962963
3 0.47824479166666667 0.696138888888889 0.10098437499999999 0.23464814814814813
10 0.5651354166666667 0.6371388888888889 0.08669270833333333 0.2955
11 0.6322552083333334 0.6300185185185185 0.07595312500000001 0.26503703703703707
14 0.6881302083333334 0.616712962962963 0.02538020833333333 0.04476851851851852
13 0.696375 0.7081759259259259 0.025833333333333333 0.09329629629629631
5 0.6717135416666667 0.6673796296296296 0.03769270833333334 0.19957407407407407
16 0.5809218749999999 0.7717407407407407 0.152984375 0.07396296296296295