1 0.362125 0.49259722222222224 0.3708046875 0.16227777777777777
7 0.3056640625 0.7489027777777778 0.3359921875 0.30572222222222223
3 0.5290234375 0.6230694444444445 0.1703984375 0.3712083333333333
8 0.397921875 0.5848611111111112 0.179890625 0.11904166666666666
9 0.1859765625 0.5788055555555556 0.04975 0.09581944444444444
10 0.6671796875 0.5120972222222222 0.15278125 0.5068333333333334
11 0.7847890625 0.4892916666666667 0.11085937500000001 0.41655555555555557
13 0.8816015625 0.5705277777777777 0.042140625 0.16519444444444445
5 0.8461640625 0.47550000000000003 0.053359375 0.22747222222222221
18 0.629890625 0.4265972222222222 0.093828125 0.1025
16 0.69403125 0.7336666666666667 0.24397656250000002 0.164625
14 0.86328125 0.4244583333333333 0.0418515625 0.08154166666666667