9 0.6578072916666666 0.5576666666666666 0.19664583333333333 0.10375925925925926
8 0.8676614583333334 0.4407037037037037 0.0496875 0.12908333333333333
7 0.729640625 0.6532407407407408 0.3673958333333333 0.34999074074074077
4 0.5351666666666667 0.5476481481481482 0.13886979166666666 0.3236851851851852
17 0.41986979166666666 0.6486111111111111 0.14785416666666668 0.17084259259259257
19 0.4370104166666666 0.41764814814814816 0.073796875 0.09780555555555555
12 0.358453125 0.42475 0.08127604166666667 0.3897777777777778
2 0.4323229166666666 0.4575555555555556 0.10401041666666666 0.4553888888888889
18 0.7323802083333334 0.2879907407407407 0.043708333333333335 0.06440740740740741
1 0.703203125 0.4245277777777778 0.39797916666666666 0.22548148148148148
15 0.30476041666666664 0.389212962962963 0.023880208333333333 0.0705648148148148
13 0.3114322916666667 0.5020925925925925 0.0481875 0.15183333333333332
6 0.3385625 0.5130555555555556 0.062671875 0.27805555555555556