8 0.5261974067213548 0.445409219190969 0.1809314633500926 0.10025870178739417
9 0.2151045250066155 0.42895108184383823 0.05072505953956073 0.08301505174035749
16 0.7380603334215401 0.6148165569143932 0.12943900502778513 0.23523988711194732
18 0.7183593543265414 0.3029162746942615 0.08063244244509128 0.12884760112888052
10 0.7132627679280233 0.4003668861712135 0.11905530563641176 0.5777422389463782
11 0.7576713416247683 0.37528222013170276 0.09325482931992592 0.5024929444967074
3 0.6440142894945753 0.4520225776105362 0.11857634294786981 0.34901222953904043
7 0.4030775337390844 0.6118532455315145 0.45539560730351947 0.3303480714957667
1 0.43242127546970094 0.3887958607714017 0.45360412807621064 0.16889934148635935
19 0.3431092881714739 0.274002822201317 0.039036782217517864 0.058476011288805266
5 0.799081767663403 0.35482126058325497 0.05434771103466526 0.27028692380056446