1 0.3677472527472528 0.4585773195876289 0.31292582417582415 0.09841237113402061
8 0.4298076923076923 0.49655670103092786 0.12329670329670331 0.07604123711340206
9 0.23438186813186812 0.5312783505154639 0.04586538461538461 0.06298969072164949
7 0.34771978021978023 0.6047628865979382 0.3254945054945055 0.2036082474226804
10 0.6001236263736264 0.4688865979381443 0.12223901098901098 0.4076701030927835
11 0.654010989010989 0.46845360824742266 0.1159065934065934 0.39727835051546395
18 0.5794505494505494 0.4214020618556701 0.06399725274725275 0.06847422680412371
16 0.6280631868131868 0.6378762886597938 0.14217032967032966 0.15989690721649483
3 0.5241620879120878 0.5132989690721649 0.10133241758241758 0.2427422680412371
5 0.7262225274725276 0.4841237113402062 0.07858516483516484 0.354639175257732
14 0.7329120879120878 0.40705154639175256 0.03701923076923077 0.04925773195876289