9 0.8490967741935483 0.49399999999999994 0.10920430107526882 0.0640967741935484
1 0.7850645161290323 0.44754838709677425 0.21770967741935485 0.08006451612903226
4 0.745236559139785 0.539758064516129 0.1971720430107527 0.23629032258064517
7 0.8636344086021505 0.6102258064516128 0.08989247311827957 0.17961290322580645
2 0.5508817204301076 0.4808387096774194 0.24126881720430107 0.3724677419354839
12 0.32561290322580644 0.4780967741935484 0.21277419354838709 0.36696774193548387
15 0.10432258064516128 0.4593709677419355 0.07125806451612902 0.06741935483870967
13 0.10627956989247313 0.5813548387096774 0.0966774193548387 0.22269354838709676
6 0.17396774193548387 0.4626290322580645 0.12991397849462366 0.2110645161290323
17 0.4780537634408602 0.6655806451612903 0.3966989247311828 0.07258064516129033
19 0.6029354838709677 0.42006451612903223 0.07118279569892473 0.10574193548387097