8 0.40085 0.5860869565217391 0.17337499999999997 0.13185354691075515
9 0.1641375 0.5346453089244851 0.041624999999999995 0.12505720823798627
1 0.3641125 0.48409610983981693 0.394375 0.18091533180778033
7 0.3125375 0.7106407322654462 0.3848625 0.31215102974828374
10 0.6701999999999999 0.5169794050343249 0.1413 0.47947368421052633
11 0.7856749999999999 0.48160183066361556 0.0936125 0.4237070938215103
18 0.6477249999999999 0.42938215102974825 0.0812 0.11546910755148741
19 0.35085 0.37604118993135016 0.0408 0.06270022883295194
16 0.6974375 0.7081235697940503 0.23403749999999998 0.207162471395881
14 0.8747375 0.43242562929061784 0.047712500000000005 0.12048054919908467
13 0.8737874999999999 0.5612356979405034 0.055875 0.1825629290617849
3 0.5369875 0.6231578947368421 0.1607375 0.42592677345537755
5 0.8589375 0.47066361556064074 0.1199375 0.1988787185354691