9 0.46623636363636367 0.6187252124645892 0.30798181818181813 0.1794617563739377
8 0.8989636363636364 0.5402832861189801 0.0528 0.17685552407932012
1 0.5734909090909092 0.405042492917847 0.6376545454545454 0.268328611898017
7 0.6144545454545455 0.7703116147308783 0.6670727272727273 0.4385835694050991
4 0.28916363636363634 0.5168555240793201 0.17001818181818182 0.4195750708215298
19 0.1644 0.2807932011331445 0.09625454545454545 0.11116147308781871
2 0.17916363636363639 0.3847308781869688 0.126 0.6726062322946176
12 0.11118181818181817 0.30073654390934845 0.11701818181818181 0.5413031161473089
17 0.1507090909090909 0.5932577903682719 0.15776363636363636 0.31427762039660057
18 0.6744909090909091 0.22073654390934844 0.04772727272727273 0.06342776203966005
4 0.9192545454545454 0.3015297450424929 0.1615090909090909 0.21237960339943343