1 0.3104270833333333 0.4732037037037037 0.43142708333333335 0.14050925925925925
8 0.37208854166666666 0.5447037037037037 0.179625 0.1291851851851852
9 0.08904166666666667 0.5331296296296296 0.054625 0.12764814814814815
7 0.2553020833333333 0.7135 0.4583333333333333 0.2908425925925926
3 0.518046875 0.5922685185185185 0.19214583333333335 0.46197222222222223
10 0.6642291666666666 0.4863055555555556 0.16680208333333332 0.7068333333333333
11 0.7799791666666667 0.48218518518518516 0.16219270833333335 0.723287037037037
16 0.7142239583333333 0.7755648148148149 0.246515625 0.1667037037037037
18 0.6345624999999999 0.37350925925925926 0.10573958333333335 0.09851851851851852
5 0.8691510416666667 0.4443888888888889 0.13047395833333333 0.45325
13 0.9259635416666666 0.6221111111111111 0.046177083333333334 0.1636388888888889