19 0.2746 0.34234771573604056 0.051328571428571425 0.08772842639593909
18 0.6472857142857144 0.34946700507614215 0.08956428571428572 0.10808375634517767
1 0.32985714285714285 0.43229695431472076 0.4451785714285714 0.15762690355329947
7 0.2857 0.6159263959390863 0.44257857142857143 0.26685279187817257
3 0.5367285714285714 0.5246446700507614 0.12441428571428571 0.334492385786802
10 0.6687714285714286 0.43923857868020305 0.13967857142857143 0.497246192893401
11 0.78295 0.4346192893401015 0.13197142857142857 0.48492385786802034
14 0.901357142857143 0.4096192893401015 0.03817857142857143 0.09536802030456853
13 0.9097428571428572 0.5389467005076142 0.043050000000000005 0.24403553299492386
5 0.8593642857142857 0.45677664974619286 0.08752857142857143 0.27563451776649744
16 0.70395 0.6449746192893401 0.25765 0.14728426395939087
8 0.3978214285714286 0.49409898477157366 0.1858642857142857 0.09934010152284264
9 0.11739285714285713 0.48718274111675125 0.05835 0.09395939086294416