9 0.62344482421875 0.5710590277777778 0.16273193359375 0.11166666666666665
8 0.8059619140625 0.5474696180555555 0.032978515625 0.06159288194444444
1 0.6409814453125 0.4972352430555556 0.337783203125 0.11737413194444445
7 0.691513671875 0.6747135416666666 0.29886962890625 0.18298177083333333
4 0.50144287109375 0.5616710069444444 0.14333740234375 0.30063368055555556
2 0.350771484375 0.5134244791666667 0.15612548828125 0.38990885416666665
13 0.183525390625 0.5683550347222223 0.0348486328125 0.16701822916666667
15 0.194140625 0.45766927083333336 0.0366943359375 0.07296440972222223
6 0.21789306640625 0.5438194444444444 0.07265869140625 0.24237413194444443
19 0.39486572265625 0.4442578125 0.0782958984375 0.08664930555555556
17 0.3400439453125 0.6825520833333333 0.21605224609375 0.11473958333333334
18 0.65495849609375 0.4293402777777778 0.0434716796875 0.04813802083333333