1 0.42242968750000004 0.48297222222222225 0.49698828125 0.1565277777777778
8 0.5386796875 0.5835625 0.19043749999999998 0.1250763888888889
9 0.19323046875 0.5823125 0.0698359375 0.11215277777777778
7 0.3960078125 0.7167499999999999 0.50469140625 0.2629722222222222
19 0.304234375 0.3809375 0.04799609375 0.07051388888888889
18 0.74791015625 0.4012847222222222 0.10301953125 0.07302083333333334
10 0.75349609375 0.502826388888889 0.11615234375000001 0.6198472222222222
11 0.8166523437500001 0.49047916666666663 0.12527734375 0.6229305555555555
16 0.79048828125 0.7433680555555556 0.16619921875000002 0.19429861111111113
3 0.65501953125 0.5361111111111111 0.13599609375 0.29405555555555557
5 0.8882734375 0.5144097222222223 0.06539062500000001 0.3374583333333333