8 0.5060989010989011 0.6409725685785536 0.09549450549450549 0.05027431421446384
9 0.3468269230769231 0.6384538653366583 0.058173076923076925 0.035910224438902745
1 0.4714835164835165 0.5920448877805486 0.28513736263736267 0.06778054862842893
7 0.4480357142857143 0.6890274314214464 0.26483516483516484 0.13703241895261847
16 0.6800961538461539 0.723142144638404 0.13210164835164837 0.07433915211970074
18 0.6513461538461539 0.5511720698254364 0.04906593406593406 0.06087281795511222
10 0.6602609890109891 0.5828678304239401 0.08921703296703297 0.32995012468827933
11 0.7073901098901099 0.5849376558603492 0.09418956043956044 0.33411471321695757
13 0.7931456043956043 0.6742144638403991 0.03563186813186813 0.09184538653366583
5 0.7620467032967033 0.5835660847880298 0.07645604395604395 0.13184538653366584
3 0.5991483516483517 0.6492768079800499 0.058750000000000004 0.21653366583541148