19 0.2768543956043956 0.24603911980440096 0.09891483516483517 0.1047677261613692
18 0.6589423076923077 0.20464547677261613 0.036387362637362634 0.06643031784841076
1 0.5861675824175825 0.32359413202933984 0.47028846153846154 0.17985330073349634
4 0.36767857142857147 0.44364303178484105 0.13070054945054946 0.4243765281173594
2 0.25478021978021975 0.3559413202933986 0.10219780219780221 0.5957457212713936
12 0.17236263736263738 0.31809290953545233 0.06722527472527472 0.49779951100244496
15 0.11622252747252747 0.24968215158924206 0.027376373626373626 0.08537897310513448
6 0.12240384615384615 0.32547677261613694 0.032678571428571425 0.16312958435207825
17 0.23508241758241757 0.6040586797066014 0.1801923076923077 0.17621026894865524
9 0.4920604395604396 0.43105134474327633 0.20212912087912088 0.15474327628361859
8 0.8328021978021978 0.39388753056234715 0.05196428571428571 0.11599022004889975
7 0.642032967032967 0.6507823960880196 0.48346153846153844 0.34525672371638144