7 0.19698461538461537 0.6867857142857142 0.17346153846153847 0.12764285714285714
16 0.3974461538461538 0.6954523809523809 0.10518461538461539 0.09538095238095239
18 0.38093846153846156 0.5570952380952381 0.04498461538461538 0.0484047619047619
1 0.2401076923076923 0.5851666666666667 0.21658461538461538 0.053000000000000005
8 0.2523076923076923 0.6148333333333333 0.06793846153846153 0.048452380952380955
10 0.38432307692307693 0.5910714285714286 0.06990769230769231 0.24635714285714286
11 0.4325538461538462 0.5837857142857142 0.056984615384615384 0.23402380952380955
3 0.3150769230769231 0.6136190476190477 0.08918461538461538 0.10766666666666666
5 0.47036923076923076 0.5965 0.07469230769230768 0.10704761904761904
13 0.48880000000000007 0.629047619047619 0.03913846153846154 0.07578571428571428
19 0.21690769230769233 0.5495238095238095 0.020307692307692308 0.027666666666666666
19 0.6725538461538462 0.580952380952381 0.026753846153846156 0.02738095238095238
9 0.7657999999999999 0.6182619047619048 0.061707692307692304 0.03542857142857143
7 0.8004 0.6716190476190476 0.15556923076923077 0.10007142857142858
4 0.7091384615384615 0.6206904761904762 0.05527692307692308 0.09316666666666668
1 0.7807999999999999 0.5939761904761904 0.1688923076923077 0.04657142857142857
2 0.6589692307692308 0.5988095238095238 0.07575384615384616 0.18740476190476188
12 0.6034307692307692 0.5883095238095238 0.06 0.1761904761904762
17 0.6345692307692308 0.6758571428571429 0.10093846153846153 0.05764285714285714
6 0.5658307692307692 0.5968095238095238 0.05170769230769231 0.08354761904761905
13 0.5577692307692308 0.6324047619047619 0.030199999999999998 0.055809523809523816