9 0.5269784946236559 0.38822580645161286 0.16721505376344084 0.08425806451612904
8 0.7842903225806451 0.39645161290322584 0.05013978494623656 0.0612741935483871
7 0.6446774193548387 0.5415322580645161 0.38804301075268816 0.21719354838709676
19 0.3210967741935484 0.33033870967741935 0.06846236559139784 0.07956451612903226
18 0.6384731182795699 0.3243064516129032 0.03981720430107527 0.04603225806451613
2 0.3161505376344086 0.40983870967741937 0.108752688172043 0.35685483870967744
11 0.23539784946236558 0.4188870967741935 0.08344086021505376 0.3355161290322581
13 0.18265591397849462 0.5214354838709677 0.028150537634408602 0.11411290322580646
6 0.20041935483870965 0.4255967741935484 0.04694623655913978 0.09090322580645162
17 0.2836774193548387 0.5881451612903226 0.158505376344086 0.07188709677419355
2 0.4085268817204301 0.4466774193548387 0.10865591397849463 0.24412903225806454
1 0.6165913978494623 0.35785483870967744 0.36164516129032254 0.07009677419354839