10 0.3143543956043956 0.4989421157684631 0.1623763736263736 0.33996007984031934
11 0.4462225274725275 0.5026546906187624 0.15130494505494507 0.3365069860279441
3 0.21681318681318681 0.5796407185628742 0.09962912087912087 0.25838323353293413
7 0.1611263736263736 0.6065868263473053 0.04173076923076923 0.1627744510978044
16 0.3474313186813187 0.6853493013972056 0.228489010989011 0.07091816367265469
0 0.7021016483516483 0.47179640718562876 0.2310989010989011 0.27642714570858284
13 0.6793681318681318 0.6349301397205589 0.29539835164835165 0.10788423153692614
14 0.6113736263736264 0.4702794411177645 0.1428021978021978 0.10173652694610778
15 0.7915796703296704 0.472375249500998 0.0471565934065934 0.09395209580838323
5 0.5589285714285714 0.49363273453093814 0.14528846153846153 0.2931137724550898
18 0.2685164835164835 0.4536926147704591 0.06421703296703296 0.08053892215568863