9 0.5187407407407407 0.47625 0.17101851851851851 0.15526315789473685
8 0.8180462962962963 0.47891447368421053 0.0494537037037037 0.11672697368421052
4 0.3894814814814815 0.4941282894736842 0.12648148148148147 0.4084046052631579
2 0.30530555555555555 0.3890789473684211 0.12274074074074075 0.5620394736842106
12 0.21555555555555556 0.3575328947368421 0.1057962962962963 0.4989638157894737
6 0.15414814814814815 0.32833881578947366 0.07257407407407407 0.13325657894736842
13 0.13792592592592592 0.45695723684210526 0.04947222222222222 0.12820723684210528
19 0.3184444444444445 0.29889802631578943 0.08523148148148148 0.11486842105263158
18 0.6871018518518519 0.3024671052631579 0.05505555555555556 0.07450657894736841
1 0.6053148148148149 0.39636513157894737 0.4449814814814815 0.14901315789473682
7 0.6302222222222222 0.6439967105263158 0.45787962962962964 0.30970394736842105
17 0.26601851851851854 0.6272697368421053 0.18217592592592594 0.1932730263157895
15 0.1403148148148148 0.30189144736842105 0.035555555555555556 0.06238486842105263