1 0.4034677419354839 0.47446120689655175 0.471241935483871 0.1163146551724138
8 0.49448387096774193 0.5370905172413794 0.17012903225806453 0.10894396551724138
9 0.17429032258064517 0.535323275862069 0.055499999999999994 0.08885775862068965
7 0.35161290322580646 0.6741163793103448 0.4994677419354839 0.25038793103448276
3 0.6273870967741936 0.5327586206896552 0.13540322580645162 0.25612068965517243
10 0.7356935483870968 0.5126724137931035 0.12619354838709676 0.487823275862069
11 0.8103387096774194 0.5076077586206896 0.1290967741935484 0.5009051724137931
16 0.770758064516129 0.7073706896551725 0.17338709677419356 0.15441810344827586
18 0.7128709677419355 0.43568965517241376 0.08800000000000001 0.081875
5 0.8731451612903226 0.48135775862068964 0.0785 0.252801724137931
14 0.8792096774193549 0.4300646551724138 0.031080645161290322 0.060689655172413794