9 0.507140625 0.6108888888888889 0.11826041666666667 0.12575
8 0.7557083333333333 0.6772407407407407 0.05474479166666667 0.11648148148148148
1 0.587453125 0.557212962962963 0.3604791666666667 0.19742592592592592
19 0.3523229166666667 0.4402037037037037 0.07598437499999999 0.07759259259259259
17 0.29343749999999996 0.6879537037037037 0.1335625 0.17186111111111113
2 0.3386302083333333 0.49934259259259256 0.13423958333333333 0.48873148148148154
12 0.27948958333333335 0.479712962962963 0.131796875 0.3990648148148148
4 0.41053645833333335 0.5599537037037037 0.09692708333333333 0.26875
7 0.6094479166666668 0.7502685185185185 0.390578125 0.29958333333333337
18 0.679609375 0.5025277777777778 0.032630208333333334 0.05717592592592593
6 0.222390625 0.4713148148148148 0.07624479166666666 0.2540185185185185