9 0.6473763440860214 0.5936935483870968 0.15086021505376346 0.09024193548387097
1 0.6599139784946236 0.4818709677419355 0.2893225806451613 0.2233225806451613
4 0.5391827956989247 0.5470967741935484 0.13974193548387098 0.19941935483870968
7 0.7005268817204301 0.6716451612903226 0.26496774193548384 0.19275806451612904
8 0.7966774193548387 0.49548387096774194 0.03890322580645161 0.11083870967741935
2 0.4059247311827957 0.4506612903225807 0.12541935483870967 0.3789677419354839
12 0.2924408602150538 0.4076451612903226 0.1017741935483871 0.31051612903225806
15 0.19440860215053765 0.3258064516129032 0.03476344086021505 0.055935483870967743
13 0.1971720430107527 0.40308064516129033 0.03635483870967742 0.1225
6 0.23089247311827957 0.3956774193548387 0.07019354838709678 0.17969354838709678
17 0.37020430107526886 0.5795483870967741 0.21820430107526884 0.1851290322580645
19 0.4236021505376344 0.44611290322580643 0.06694623655913978 0.08437096774193549
18 0.6351612903225807 0.3106774193548387 0.03844086021505377 0.0462258064516129