7 0.22824218749999997 0.6578055555555555 0.24365625 0.2255138888888889
1 0.2754765625 0.48818055555555556 0.29125 0.13072222222222224
3 0.3935078125 0.5783888888888888 0.1863203125 0.3222083333333333
10 0.5615625 0.4940555555555556 0.182171875 0.4369166666666666
11 0.7240624999999999 0.484375 0.142828125 0.4269027777777778
5 0.805109375 0.5204583333333334 0.1184140625 0.31851388888888893
13 0.8563124999999999 0.5759583333333333 0.0720703125 0.1861388888888889
14 0.86071875 0.45095833333333335 0.0554921875 0.08405555555555556
16 0.609296875 0.6935555555555556 0.302640625 0.08336111111111112
18 0.533578125 0.44148611111111113 0.07620312500000001 0.118125
8 0.2689375 0.5427083333333333 0.159421875 0.11755555555555555