9 0.13689928057553957 0.5279580573951435 0.08997122302158274 0.14462472406181015
8 0.47545323741007195 0.5194370860927152 0.18794244604316548 0.11654525386313466
1 0.3717122302158273 0.4494701986754967 0.4804604316546763 0.13113686534216334
7 0.32094244604316546 0.6633443708609271 0.5264028776978418 0.24984547461368656
3 0.5988992805755395 0.5595253863134658 0.14070503597122302 0.4048233995584989
18 0.6982374100719424 0.3753752759381898 0.11192805755395685 0.09884105960264901
19 0.26361870503597123 0.3806512141280353 0.05564028776978418 0.0732560706401766
10 0.7220287769784173 0.4648233995584989 0.11994244604316547 0.4764238410596026
11 0.8220143884892086 0.4814238410596027 0.12253956834532374 0.4340949227373069
16 0.7579208633093525 0.687075055187638 0.23129496402877697 0.13219646799116996
14 0.9003381294964029 0.42176600441501105 0.04130935251798561 0.08125827814569538
13 0.9179136690647482 0.6166556291390729 0.04943884892086331 0.15811258278145696
5 0.875978417266187 0.5277924944812362 0.05733093525179856 0.34135761589403973