19 0.2688083333333333 0.4147444444444444 0.06635 0.045455555555555555
18 0.7624916666666667 0.31148888888888887 0.12454166666666666 0.10561111111111111
1 0.38748333333333335 0.4316222222222222 0.5828583333333333 0.22365555555555555
7 0.35336666666666666 0.6387222222222223 0.610375 0.36213333333333336
3 0.6802833333333334 0.4947111111111111 0.17320833333333333 0.3668222222222222
8 0.5007333333333334 0.4768222222222222 0.20103333333333334 0.1585
9 0.10052499999999999 0.5774222222222222 0.09228333333333333 0.0986
10 0.7774500000000001 0.4117666666666666 0.1628 0.4450555555555556
11 0.8534916666666668 0.408 0.15595833333333334 0.39024444444444445
16 0.8263166666666667 0.6256888888888889 0.19386666666666666 0.14932222222222222
5 0.928975 0.4710888888888889 0.049174999999999996 0.26406666666666667