9 0.5356043956043957 0.6060731707317073 0.11156593406593407 0.08939024390243902
8 0.6834890109890109 0.6074390243902439 0.029065934065934065 0.06960975609756097
7 0.6011675824175824 0.7073414634146341 0.22445054945054946 0.17321951219512194
1 0.5775 0.5825609756097561 0.23337912087912088 0.06485365853658537
4 0.458282967032967 0.6419512195121951 0.08370879120879121 0.21412195121951222
2 0.39780219780219783 0.5929268292682927 0.08744505494505495 0.26570731707317075
12 0.3424725274725275 0.5868780487804878 0.06553571428571428 0.25734146341463415
17 0.3754807692307693 0.7243170731707318 0.11674450549450549 0.07448780487804878
13 0.2969917582417583 0.6560243902439025 0.031634615384615386 0.09175609756097561
6 0.30649725274725276 0.5980487804878049 0.03373626373626373 0.1054390243902439
19 0.40418956043956045 0.5423170731707317 0.05162087912087912 0.06695121951219513