8 0.3333125 0.5628611111111111 0.20202083333333334 0.1093611111111111
9 0.10027083333333334 0.5693611111111111 0.04845833333333334 0.07475
1 0.3009791666666667 0.5037222222222222 0.42904166666666665 0.11227777777777778
7 0.2537083333333333 0.691861111111111 0.3910208333333333 0.2046666666666667
18 0.6141666666666666 0.4659444444444445 0.10302083333333334 0.09411111111111112
3 0.49104166666666665 0.5942222222222222 0.20272916666666668 0.3318611111111111
10 0.6720624999999999 0.53325 0.17120833333333335 0.3993333333333333
11 0.8059375000000001 0.5311388888888889 0.15333333333333332 0.3786944444444445
16 0.7008125 0.7191111111111111 0.303125 0.09247222222222222
14 0.9295208333333334 0.5249166666666667 0.043250000000000004 0.07711111111111112
13 0.9380416666666667 0.6396388888888889 0.04685416666666666 0.17755555555555555
5 0.8772916666666667 0.5979166666666667 0.09356249999999999 0.24911111111111112