8 0.348234375 0.6780750000000001 0.122109375 0.06515
9 0.157953125 0.6805 0.028046875 0.05752500000000001
1 0.308109375 0.6315500000000001 0.2898125 0.0971
7 0.2758125 0.757475 0.290140625 0.139625
4 0.4711875 0.699575 0.10428124999999999 0.2582
10 0.5934375000000001 0.63865 0.167125 0.405075
16 0.639546875 0.8192 0.275828125 0.09117499999999999
11 0.7201875 0.652875 0.14978125 0.429375
5 0.81621875 0.660175 0.1053125 0.3259
13 0.8819687500000001 0.722 0.064390625 0.15785
18 0.554859375 0.58345 0.056765625 0.08220000000000001