18 0.603258064516129 0.32729032258064517 0.10326881720430109 0.12866129032258064
16 0.6883118279569892 0.6344677419354838 0.3409677419354839 0.1255
1 0.2631397849462366 0.38906451612903226 0.4706666666666667 0.13069354838709676
7 0.20591397849462365 0.594758064516129 0.41183870967741937 0.2765
3 0.44188172043010754 0.5044193548387097 0.21640860215053762 0.35119354838709677
10 0.6427096774193549 0.41674193548387095 0.19753763440860217 0.4688548387096774
11 0.8168494623655913 0.418258064516129 0.17308602150537633 0.47611290322580646
8 0.287505376344086 0.43995161290322576 0.215247311827957 0.09590322580645161
13 0.9674623655913979 0.4986451612903226 0.045204301075268814 0.25479032258064516
5 0.9188709677419354 0.38087096774193546 0.08933333333333333 0.22661290322580646
14 0.9599892473118279 0.3599516129032258 0.05176344086021505 0.09261290322580645