4 0.8023086419753086 0.5819517543859649 0.16349382716049385 0.2331140350877193
6 0.3223086419753086 0.522609649122807 0.2422962962962963 0.3712938596491228
2 0.6439506172839506 0.5252192982456141 0.23245679012345677 0.43291666666666667
12 0.47771604938271606 0.5208552631578948 0.1792222222222222 0.4304824561403509
13 0.18771604938271608 0.6171052631578947 0.26060493827160497 0.21570175438596492
0 0.15753086419753085 0.4850219298245614 0.17201234567901236 0.17081140350877194
17 0.5892345679012345 0.7152631578947369 0.3387654320987654 0.0862061403508772
19 0.7010740740740741 0.4568201754385965 0.035111111111111114 0.07684210526315789
7 0.889074074074074 0.6616666666666667 0.04954320987654321 0.1794956140350877
1 0.8241604938271605 0.4994736842105263 0.16839506172839508 0.08065789473684211
9 0.8882345679012346 0.5600219298245614 0.03553086419753087 0.05142543859649123
15 0.19706172839506172 0.4894517543859649 0.11401234567901233 0.07004385964912281