9 0.21805714285714284 0.5324714828897338 0.06202857142857143 0.09178707224334601
8 0.5101714285714286 0.5368060836501901 0.15102857142857143 0.07741444866920152
7 0.38885714285714285 0.6570722433460077 0.43697142857142857 0.20243346007604562
1 0.4165428571428571 0.493041825095057 0.4161714285714286 0.06996197718631178
3 0.6196857142857143 0.5714068441064639 0.09182857142857143 0.24224334600760455
10 0.6861428571428572 0.5226235741444867 0.06454285714285714 0.3144866920152091
11 0.7366857142857142 0.5254752851711026 0.07688571428571428 0.30870722433460074
16 0.7078 0.6864638783269962 0.13677142857142857 0.07167300380228138
14 0.782942857142857 0.5137642585551331 0.027571428571428573 0.05437262357414449
19 0.3068571428571429 0.45684410646387835 0.0706 0.038745247148288975
18 0.6681714285714286 0.456958174904943 0.062285714285714285 0.06437262357414449