9 0.7086451612903225 0.5286612903225806 0.16255913978494624 0.09630645161290323
8 0.9090430107526881 0.524016129032258 0.03766666666666667 0.07627419354838709
1 0.7415053763440861 0.47946774193548386 0.33580645161290323 0.08395161290322581
7 0.7886989247311829 0.671741935483871 0.337 0.21400000000000002
4 0.5781397849462365 0.5862096774193548 0.14766666666666667 0.3119032258064516
2 0.4394301075268817 0.5028064516129033 0.14265591397849461 0.4280967741935484
12 0.29898924731182797 0.4889677419354839 0.1389462365591398 0.40041935483870966
17 0.38740860215053763 0.7058709677419355 0.2727741935483871 0.10664516129032259
15 0.18472043010752687 0.4693709677419355 0.039451612903225804 0.07808064516129032
13 0.17473118279569894 0.6078870967741935 0.052913978494623655 0.1723225806451613
5 0.20693548387096772 0.5316612903225807 0.06236559139784946 0.18474193548387097
19 0.48087096774193544 0.4582096774193548 0.07498924731182795 0.08085483870967743