9 0.3483928571428571 0.6365336658354115 0.05785714285714286 0.050723192019950125
8 0.5081181318681319 0.6357605985037407 0.09744505494505494 0.052269326683291775
1 0.47877747252747255 0.5955112219451372 0.299739010989011 0.09027431421446384
7 0.4444368131868132 0.7255361596009975 0.2653983516483517 0.12189526184538654
3 0.5756318681318682 0.6497506234413966 0.11094780219780219 0.19092269326683292
19 0.4230769230769231 0.5386533665835411 0.02866758241758242 0.04825436408977556
18 0.649271978021978 0.5457356608478803 0.058667582417582416 0.062394014962593516
10 0.6674862637362637 0.5818453865336658 0.0714423076923077 0.29865336658354114
11 0.7318406593406593 0.5826184538653366 0.061222527472527474 0.30022443890274314
16 0.6839697802197803 0.731571072319202 0.13445054945054943 0.047531172069825434
13 0.7956868131868132 0.6695261845386534 0.03901098901098901 0.09800498753117207
5 0.763228021978022 0.6252369077306733 0.04618131868131868 0.19004987531172068