9 0.5276559139784947 0.764 0.1389569892473118 0.11148387096774194
8 0.7508817204301076 0.6426935483870968 0.054215053763440865 0.17530645161290323
1 0.5880215053763441 0.6004516129032258 0.3349569892473118 0.33598387096774196
4 0.4328279569892473 0.6454677419354838 0.09984946236559139 0.2518225806451613
2 0.33878494623655914 0.46653225806451615 0.09240860215053763 0.4455483870967742
12 0.2591720430107527 0.35279032258064513 0.0815483870967742 0.35354838709677416
17 0.3150860215053763 0.591516129032258 0.1632795698924731 0.32456451612903225
15 0.18976344086021504 0.20541935483870968 0.02875268817204301 0.06204838709677419
13 0.1871182795698925 0.308758064516129 0.0320752688172043 0.13969354838709677
6 0.2076021505376344 0.2728709677419355 0.032344086021505375 0.1578709677419355
0 0.2964623655913978 0.11753225806451614 0.21420430107526883 0.10885483870967741
19 0.35633333333333334 0.5176612903225807 0.06513978494623655 0.07362903225806451
18 0.6700860215053763 0.3762741935483871 0.04961290322580645 0.0779516129032258
7 0.6336774193548388 0.8119354838709677 0.3531505376344086 0.2325