19 0.2854 0.50314 0.08723750000000001 0.07918
18 0.695925 0.49018 0.054125 0.05662
1 0.5857 0.5531 0.45451250000000004 0.11245999999999999
7 0.6289374999999999 0.73734 0.47222499999999995 0.23758
9 0.4772125 0.6104400000000001 0.1563 0.1038
8 0.8015625 0.6233200000000001 0.07582499999999999 0.09620000000000001
4 0.3736625 0.63006 0.1096 0.31698000000000004
2 0.2810875 0.58728 0.0958625 0.42868
12 0.2181625 0.58682 0.0986 0.42656
13 0.1429625 0.7162200000000001 0.027374999999999997 0.12538
6 0.17203749999999998 0.6532 0.0478125 0.19068000000000002
17 0.26030000000000003 0.78076 0.16204999999999997 0.11442000000000001