16 0.490515625 0.6718333333333334 0.364515625 0.10259722222222223
10 0.4298671875 0.49583333333333335 0.24115625000000002 0.4573611111111111
11 0.631671875 0.4948888888888889 0.218015625 0.4647361111111111
18 0.36828906250000004 0.4234861111111111 0.0471484375 0.07811111111111112
3 0.2425 0.555236111111111 0.19671875 0.28915277777777776
7 0.1394921875 0.6101944444444444 0.1034453125 0.17375
1 0.1935 0.45263888888888887 0.14965625 0.07468055555555556
8 0.14642968750000002 0.5126388888888889 0.091015625 0.08358333333333333
5 0.7509921875 0.4789444444444444 0.1862109375 0.31556944444444446
14 0.8428203125 0.4618888888888889 0.0812734375 0.05615277777777778
13 0.8322109375 0.5738472222222223 0.12255468750000001 0.19981944444444444