8 0.45669921875 0.49240625 0.1063515625 0.05320625
16 0.641390625 0.6210375 0.15103125 0.10423125000000001
18 0.5945742187499999 0.43103749999999996 0.0502578125 0.06485
10 0.61865625 0.48987499999999995 0.11251171874999999 0.31378125
11 0.6911015625 0.4796375 0.096828125 0.31205
5 0.74258984375 0.492575 0.0650390625 0.19729375000000002
3 0.5388984375 0.53180625 0.10405859375 0.21326250000000002
7 0.3923984375 0.5805 0.233 0.15753125
1 0.42202343750000004 0.46558124999999995 0.24015625 0.06519375
14 0.7563164062500001 0.4661 0.0202265625 0.04748125
13 0.7690117187500001 0.56045 0.02434765625 0.11430625