1 0.24124809741248096 0.5246996466431095 0.1758447488584475 0.0830035335689046
8 0.18124809741248096 0.6100353356890459 0.09782343987823439 0.07996466431095406
7 0.17989345509893453 0.7019081272084805 0.11225266362252663 0.20007067137809187
3 0.289041095890411 0.6337102473498233 0.16621004566210046 0.29236749116607774
10 0.44340943683409434 0.5597526501766784 0.18261796042617962 0.42936395759717316
11 0.6184170471841705 0.5613780918727915 0.1693759512937595 0.4325795053003534
14 0.7972754946727548 0.5255477031802119 0.08179604261796043 0.09646643109540637
13 0.8079908675799087 0.6723321554770318 0.09493150684931506 0.2442756183745583
5 0.7249315068493151 0.6167491166077739 0.15210045662100458 0.3306713780918728
16 0.4978234398782344 0.7697879858657244 0.3295433789954338 0.08144876325088339
18 0.39659056316590563 0.4993639575971731 0.052876712328767124 0.09268551236749117