19 0.250925 0.3792888888888889 0.07663125 0.08403333333333333
18 0.597575 0.38787777777777777 0.0386875 0.056766666666666674
1 0.5702625 0.4663555555555556 0.45697499999999996 0.1655888888888889
7 0.6115999999999999 0.7172555555555555 0.45006875 0.28959999999999997
4 0.36348125000000003 0.5655777777777777 0.16215625 0.3693
2 0.21489375 0.48944444444444446 0.13165 0.4895222222222222
15 0.08486874999999999 0.4206888888888889 0.02993125 0.08534444444444444
6 0.111525 0.5179333333333334 0.0688375 0.2571888888888889
17 0.20551875 0.6943888888888889 0.19206875 0.1772
9 0.49591875 0.5473111111111111 0.20411875 0.1349
8 0.78494375 0.5204777777777778 0.04466875 0.07753333333333333
13 0.07946875 0.5199666666666667 0.02746875 0.13576666666666667