9 0.7277631578947368 0.501625 0.1799595141700405 0.13995
8 0.9322672064777329 0.504875 0.042408906882591094 0.127725
1 0.7490485829959513 0.40165 0.3743522267206478 0.215
7 0.8062145748987853 0.685325 0.3267307692307692 0.35735
4 0.5911234817813765 0.5264500000000001 0.17488866396761132 0.5229
2 0.4109919028340081 0.428525 0.19926113360323888 0.706275
12 0.22736842105263155 0.42100000000000004 0.1685323886639676 0.709975
15 0.06563765182186235 0.35932499999999995 0.05258097165991903 0.180375
13 0.05437246963562753 0.595575 0.0705161943319838 0.315375
6 0.13275303643724695 0.502875 0.1598582995951417 0.532525
17 0.3567105263157895 0.7787999999999999 0.35384615384615387 0.1193
19 0.4710323886639676 0.355925 0.08147773279352227 0.19855