8 0.442938596491228 0.49131578947368426 0.24328947368421053 0.15967105263157894
9 0.10592105263157894 0.4536184210526316 0.07991228070175438 0.14539473684210527
1 0.3714912280701754 0.41526315789473683 0.4854385964912281 0.16631578947368422
10 0.7435964912280701 0.40263157894736845 0.14605263157894735 0.4992763157894737
11 0.8498245614035087 0.38572368421052633 0.11767543859649122 0.4274342105263158
16 0.776578947368421 0.6213815789473685 0.2339035087719298 0.14717105263157895
7 0.32171052631578945 0.6614473684210527 0.525438596491228 0.26598684210526313
19 0.302719298245614 0.29901315789473687 0.0537280701754386 0.06631578947368422
6 0.2652631578947368 0.4456578947368421 0.15425438596491228 0.15289473684210525
3 0.6103070175438596 0.5248026315789474 0.16736842105263156 0.38651315789473684
14 0.9254824561403509 0.3467763157894737 0.04736842105263158 0.08473684210526317
13 0.9347368421052632 0.5157894736842106 0.0368421052631579 0.1294078947368421
5 0.905921052631579 0.4209210526315789 0.05701754385964912 0.20710526315789474