9 0.57550625 0.5118555555555556 0.118675 0.07415555555555554
7 0.65220625 0.6293888888888889 0.28278749999999997 0.21716666666666665
4 0.4757 0.5204111111111112 0.1119125 0.21506666666666666
19 0.40475625 0.43823333333333336 0.06645625 0.06341111111111111
8 0.75001875 0.5195333333333333 0.02841875 0.06727777777777777
2 0.38144374999999997 0.5074333333333333 0.1162625 0.37643333333333334
12 0.3097 0.5033777777777778 0.10221875000000001 0.36196666666666666
17 0.34845624999999997 0.6727777777777778 0.16635625 0.11345555555555556
6 0.244125 0.4867222222222222 0.058381249999999996 0.19214444444444445
13 0.21024374999999998 0.5975666666666666 0.0363625 0.20746666666666666
15 0.2236375 0.47650000000000003 0.038149999999999996 0.057411111111111114
1 0.60473125 0.46971111111111113 0.29676874999999997 0.11048888888888889