9 0.5030555555555555 0.5396944444444445 0.20424074074074075 0.1304722222222222
8 0.8570925925925925 0.5341111111111111 0.07103703703703704 0.08758333333333333
1 0.6087592592592593 0.4660277777777778 0.5267777777777778 0.13
7 0.6484444444444445 0.7126666666666667 0.5388148148148147 0.282
4 0.3701111111111111 0.5853055555555555 0.17909259259259258 0.3536944444444444
2 0.24125925925925926 0.47677777777777774 0.11451851851851852 0.508638888888889
12 0.14307407407407408 0.4674166666666667 0.0847962962962963 0.4660833333333333
13 0.08751851851851851 0.5819722222222222 0.03716666666666667 0.1396388888888889
6 0.10138888888888889 0.4742777777777778 0.04351851851851852 0.13524999999999998
15 0.08335185185185184 0.41538888888888886 0.026222222222222223 0.07630555555555556
19 0.25062962962962965 0.4061944444444444 0.09094444444444444 0.10552777777777779
17 0.21088888888888888 0.719 0.17283333333333334 0.13594444444444445
18 0.6991851851851852 0.3795 0.06211111111111111 0.07597222222222223