1 0.50846875 0.3595 0.34380625000000004 0.13705555555555554
7 0.54691875 0.5888444444444445 0.31236875000000003 0.29407777777777777
9 0.49426250000000005 0.4420555555555556 0.16955625000000002 0.11326666666666667
4 0.35765625 0.44277777777777777 0.135925 0.3137
2 0.23250625 0.3870444444444444 0.12104374999999999 0.45880000000000004
12 0.1296625 0.36163333333333336 0.10701875 0.4154111111111111
15 0.03980625 0.3170222222222222 0.027312500000000003 0.07061111111111111
13 0.044275 0.40207777777777776 0.027843749999999997 0.16294444444444445
6 0.064875 0.34257777777777776 0.03779375 0.18098888888888887
17 0.19731875 0.5740666666666666 0.20476250000000001 0.1587777777777778
19 0.25981875 0.31187777777777775 0.0797625 0.10107777777777778
18 0.50636875 0.27672222222222226 0.037450000000000004 0.06037777777777778