8 0.431064453125 0.592913616398243 0.097314453125 0.0987701317715959
9 0.196435546875 0.6492240117130308 0.08447265625 0.05844802342606149
1 0.313857421875 0.5649926793557832 0.314365234375 0.163294289897511
7 0.320791015625 0.7173499267935578 0.359091796875 0.29232796486090773
19 0.1419921875 0.5627379209370424 0.0439453125 0.05792093704245974
18 0.498828125 0.5028111273792094 0.057275390625 0.09101024890190336
8 0.5781640625 0.48881405563689606 0.063525390625 0.07275256222547584
7 0.563212890625 0.5620937042459737 0.11080078125 0.1314787701317716
1 0.553203125 0.4756076134699853 0.1004296875 0.07890190336749633
18 0.620546875 0.43784773060029286 0.040771484375 0.03588579795021962
8 0.753779296875 0.422298682284041 0.061689453125 0.06986822840409956
7 0.724599609375 0.4825768667642753 0.14609375 0.10257686676427526
1 0.703798828125 0.40874084919472914 0.1334375 0.06228404099560761
18 0.79279296875 0.38478770131771595 0.035859375 0.043660322108345535
1 0.8612109375 0.32396778916544655 0.10291015625 0.05541727672035139
7 0.867177734375 0.36617862371888726 0.11484375 0.07800878477306003