10 0.45104999999999995 0.6521666666666667 0.203075 0.4650952380952381
11 0.630425 0.6455238095238095 0.1810125 0.44728571428571434
8 0.21747499999999997 0.6726904761904762 0.067825 0.09388095238095238
14 0.7776625 0.6297380952380952 0.053475 0.10359523809523809
7 0.2116375 0.7853809523809524 0.0902375 0.22119047619047622
18 0.3743 0.601 0.0334125 0.06514285714285714
13 0.783125 0.7513333333333333 0.061812500000000006 0.19616666666666666
16 0.50275 0.8368809523809524 0.32030000000000003 0.12102380952380952
1 0.2539125 0.6309761904761905 0.114025 0.11240476190476191
3 0.29243749999999996 0.725404761904762 0.12303750000000001 0.27904761904761904
5 0.717475 0.6484285714285714 0.1264375 0.306047619047619