19 0.409 0.47492592592592586 0.06434375 0.076
18 0.6448437499999999 0.4133611111111111 0.037765625000000004 0.03930555555555556
9 0.62215625 0.5658703703703704 0.15732812499999999 0.08196296296296296
8 0.78725 0.5270925925925926 0.029177083333333336 0.07540740740740741
1 0.6336041666666666 0.48781481481481487 0.3017447916666667 0.12030555555555557
4 0.5082395833333334 0.5918425925925926 0.13261458333333334 0.2851574074074074
2 0.37640625 0.5484259259259259 0.13110416666666666 0.3860185185185185
12 0.265921875 0.5469537037037038 0.101109375 0.38055555555555554
17 0.35344270833333336 0.7334537037037037 0.22754166666666667 0.07763888888888888
13 0.17634895833333333 0.6518888888888889 0.04348958333333333 0.17067592592592593
15 0.1680625 0.5401296296296296 0.026916666666666665 0.08296296296296296
6 0.21036458333333333 0.6201111111111112 0.0906875 0.23983333333333332
7 0.6805572916666667 0.6668240740740741 0.2914895833333333 0.21931481481481482