9 0.8845329670329671 0.5759175257731959 0.0540934065934066 0.04830927835051546
1 0.8403571428571428 0.534 0.10081043956043956 0.05725773195876289
4 0.8296978021978022 0.6267835051546392 0.13462912087912088 0.2806185567010309
7 0.9142445054945055 0.7009484536082474 0.049038461538461545 0.1517938144329897
2 0.6827472527472528 0.5537731958762886 0.1725 0.35795876288659795
12 0.5198351648351648 0.5564123711340206 0.18611263736263736 0.38387628865979384
13 0.23832417582417584 0.6762268041237114 0.2790796703296703 0.2459381443298969
6 0.3896428571428572 0.5600618556701031 0.14461538461538462 0.19154639175257734
15 0.27251373626373626 0.5120412371134021 0.16247252747252747 0.08552577319587629
14 0.12391483516483516 0.5083917525773196 0.0392445054945055 0.06787628865979382
17 0.6358241758241758 0.7418969072164948 0.3121565934065934 0.10035051546391753
19 0.7382142857142857 0.5049484536082475 0.04075549450549451 0.07476288659793814
0 0.1904120879120879 0.5272783505154639 0.15578296703296704 0.3418144329896907