8 0.3175333333333333 0.5035036496350366 0.22922222222222224 0.125985401459854
1 0.3042222222222222 0.4041240875912409 0.5109111111111111 0.15072992700729926
7 0.2383111111111111 0.6417518248175182 0.4109777777777778 0.2525182481751825
3 0.46984444444444445 0.4960583941605839 0.24226666666666666 0.36094890510948907
10 0.6838888888888889 0.4189051094890511 0.18544444444444444 0.5031021897810218
11 0.8425333333333334 0.4033941605839416 0.1295777777777778 0.4604014598540146
16 0.7211555555555555 0.6368978102189781 0.3247333333333333 0.15693430656934307
14 0.9804666666666666 0.355985401459854 0.039066666666666666 0.06737226277372263
13 0.97 0.5238686131386862 0.06 0.1724087591240876
5 0.9259111111111111 0.4572262773722628 0.10775555555555556 0.3183941605839416
18 0.6500222222222222 0.3194890510948905 0.11284444444444444 0.09744525547445256
19 0.33015555555555554 0.3005839416058394 0.056133333333333334 0.07678832116788321