9 0.4510859375 0.4435 0.192109375 0.16426388888888888
8 0.71940625 0.42420833333333335 0.0390234375 0.10190277777777779
1 0.5144062500000001 0.3509027777777778 0.4125 0.16559722222222223
4 0.32394531249999997 0.42840277777777774 0.12980468750000002 0.3206111111111111
2 0.22100781249999998 0.3498611111111111 0.0779453125 0.44526388888888885
6 0.1726640625 0.3353611111111111 0.054906250000000004 0.38054166666666667
17 0.21502343750000003 0.5515 0.1284765625 0.18979166666666666
14 0.1376015625 0.2646527777777778 0.031671875 0.060541666666666674
19 0.5692890625 0.2747361111111111 0.0490546875 0.07279166666666666
18 0.23156249999999998 0.2768055555555556 0.0811953125 0.10470833333333333
7 0.5589765625 0.6593333333333333 0.4112890625 0.3683472222222222