9 0.08654421768707483 0.5950816326530611 0.07757823129251701 0.0916938775510204
8 0.4028843537414966 0.6049183673469388 0.17964625850340135 0.08685714285714285
1 0.3059183673469388 0.5307142857142857 0.4156326530612245 0.14255102040816325
7 0.26504761904761903 0.7216326530612245 0.47265306122448975 0.20195918367346938
3 0.47746938775510206 0.6202857142857143 0.258952380952381 0.35175510204081634
10 0.6834829931972789 0.5247142857142857 0.15035374149659864 0.4734285714285714
11 0.8217006802721089 0.5251836734693877 0.13103401360544217 0.47669387755102044
13 0.9613469387755103 0.655061224489796 0.05476190476190476 0.1830816326530612
5 0.9008707482993197 0.5801428571428571 0.10893877551020408 0.33818367346938777
16 0.7290068027210885 0.7269591836734693 0.3067074829931973 0.1356938775510204
18 0.6453877551020408 0.47146938775510205 0.09047619047619047 0.1053265306122449
19 0.21598639455782312 0.43642857142857144 0.056190476190476187 0.06418367346938775