9 0.2270703125 0.6238541666666667 0.0457421875 0.07552083333333333
8 0.445390625 0.6722005208333334 0.173779296875 0.07583333333333334
1 0.386708984375 0.5892968749999999 0.314228515625 0.1209765625
7 0.367314453125 0.735234375 0.3476953125 0.21944010416666668
3 0.554990234375 0.6726041666666666 0.073828125 0.2254296875
10 0.613759765625 0.6292057291666667 0.07498046875 0.29194010416666666
11 0.661884765625 0.6167578125000001 0.0514453125 0.24858072916666665
16 0.62583984375 0.7501692708333333 0.114755859375 0.08074218749999999
5 0.689140625 0.6546614583333333 0.04380859375 0.12329427083333333
18 0.615009765625 0.5727994791666667 0.0618359375 0.05934895833333333
19 0.34501953125 0.5357682291666667 0.033583984375 0.05298177083333333