1 0.27228906249999996 0.4303333333333333 0.439984375 0.2646527777777778
3 0.3783828125 0.5358611111111111 0.3325703125 0.39648611111111115
8 0.1743515625 0.5860277777777778 0.1792734375 0.1562638888888889
7 0.18309375 0.7428194444444445 0.287875 0.3062777777777778
18 0.5855625 0.31863888888888886 0.10496093749999999 0.08755555555555555
10 0.6351484375 0.4087222222222222 0.22959374999999999 0.6535138888888888
11 0.8035625 0.36586111111111114 0.17984375 0.5801388888888889
16 0.6824375 0.6391666666666667 0.3434609375 0.29959722222222224
5 0.8913359375000001 0.35309722222222223 0.13086718749999998 0.4355972222222222
13 0.9360937500000001 0.4506527777777778 0.049070312500000005 0.1664027777777778
14 0.950171875 0.30080555555555555 0.028625 0.10127777777777779