9 0.5228 0.5907888888888889 0.23266666666666666 0.14755555555555558
1 0.5936416666666666 0.47377777777777774 0.54935 0.2301888888888889
19 0.216725 0.3846888888888889 0.12885 0.08535555555555555
18 0.633125 0.3232333333333334 0.05748333333333334 0.05687777777777778
4 0.362 0.5431666666666667 0.19439166666666668 0.36897777777777774
14 0.033383333333333334 0.3353555555555556 0.03716666666666667 0.04778888888888889
6 0.06330833333333333 0.4679333333333333 0.052991666666666666 0.2426111111111111
13 0.03915833333333334 0.4729111111111111 0.04455 0.1006888888888889
17 0.18471666666666667 0.6499777777777778 0.22316666666666668 0.21592222222222224
2 0.21066666666666667 0.4507555555555556 0.13339166666666666 0.47304444444444443
12 0.10516666666666667 0.40950000000000003 0.10573333333333333 0.3738666666666667
7 0.6688416666666667 0.7422222222222222 0.5164 0.28375555555555554