9 0.59338125 0.6305000000000001 0.1597875 0.08282222222222223
8 0.73855625 0.5422222222222223 0.026924999999999998 0.07768888888888889
1 0.58250625 0.5054777777777778 0.31304375 0.22326666666666667
7 0.625 0.7592777777777778 0.29624375000000003 0.22611111111111112
4 0.4588375 0.5767666666666666 0.131775 0.2913222222222222
2 0.33598125 0.4716888888888889 0.11285 0.4033111111111111
12 0.25265625 0.4218777777777778 0.0587 0.3068444444444445
13 0.200625 0.4387111111111111 0.0296375 0.10877777777777778
15 0.20249375 0.36213333333333336 0.02265625 0.057199999999999994
12 0.2266 0.45492222222222223 0.04341875 0.15722222222222224
17 0.3161 0.6287444444444444 0.18021875 0.2189888888888889
19 0.33675625 0.41261111111111115 0.06260625 0.06293333333333333
18 0.5581499999999999 0.36624444444444443 0.03218125 0.0432