9 0.53571875 0.5347772828507795 0.1494 0.09760579064587974
8 0.7319625000000001 0.5368095768374165 0.032509375 0.06825723830734967
1 0.586115625 0.4816481069042316 0.298628125 0.10270601336302895
7 0.60664375 0.6562639198218263 0.31155625 0.18593541202672606
4 0.44445 0.5457850779510023 0.0918625 0.25064587973273944
2 0.36639375 0.4936080178173719 0.07324687499999999 0.351141425389755
12 0.313121875 0.4831291759465479 0.06045625 0.3172438752783964
15 0.26951250000000004 0.44845211581291755 0.016984375 0.05023385300668151
13 0.26905 0.5495824053452115 0.02075 0.08823496659242762
6 0.28513750000000004 0.5322995545657015 0.029890625 0.18574610244988865
17 0.35005625 0.6472327394209354 0.11869999999999999 0.10536748329621382
19 0.37239375 0.4323830734966592 0.0555625 0.0849053452115813