15 0.09718750000000001 0.596969696969697 0.03778125 0.03250398724082935
13 0.0925 0.6642105263157895 0.04715625 0.11913875598086125
2 0.24312499999999998 0.6092822966507176 0.126515625 0.3537639553429027
12 0.16507812500000002 0.6119298245614035 0.079796875 0.3399362041467304
17 0.22332812500000002 0.7422647527910685 0.1994375 0.09344497607655503
9 0.5086875 0.6048484848484849 0.22328125000000001 0.07060606060606062
8 0.842046875 0.574194577352472 0.06498437500000001 0.06669856459330144
7 0.63953125 0.683444976076555 0.525578125 0.21393939393939393
1 0.582046875 0.5373365231259969 0.504390625 0.09505582137161085
19 0.2531875 0.535311004784689 0.08415625 0.06228070175438596
4 0.35225 0.6215151515151515 0.14790625 0.10071770334928229
6 0.11239062500000001 0.6313397129186603 0.060875 0.0583732057416268