18 0.6186927083333333 0.5079259259259259 0.061848958333333336 0.09575925925925927
16 0.6942552083333333 0.8174907407407407 0.32696354166666663 0.21178703703703702
10 0.6370104166666667 0.6104444444444445 0.21402083333333335 0.5600462962962963
11 0.7884635416666667 0.5777777777777777 0.16528125 0.5101574074074074
5 0.899390625 0.5501018518518519 0.116296875 0.2665185185185185
13 0.9368125 0.6883796296296296 0.06614583333333333 0.20666666666666667
3 0.46608854166666663 0.6346203703703703 0.183953125 0.33063888888888887
1 0.2593697916666667 0.58525 0.4033333333333333 0.15781481481481482
8 0.31271875 0.6783518518518519 0.17510416666666667 0.12797222222222224
9 0.07013541666666666 0.6648981481481482 0.030703125 0.09179629629629629
7 0.21584895833333334 0.801537037037037 0.39678645833333337 0.2793425925925926