8 0.34057 0.516896551724138 0.25512 0.16283524904214558
1 0.30945999999999996 0.4360727969348659 0.4472 0.1653831417624521
7 0.26505 0.7407088122605363 0.40616 0.3367624521072797
3 0.51232 0.5816858237547893 0.20528 0.4738888888888889
10 0.68992 0.47823754789272027 0.16046000000000002 0.5603639846743295
11 0.81292 0.4585823754789272 0.1259 0.5011494252873564
16 0.7237 0.7416091954022989 0.27853 0.1360727969348659
14 0.91292 0.4135823754789272 0.04555 0.12586206896551724
13 0.9213 0.6001532567049808 0.04913 0.15779693486590038
5 0.8842899999999999 0.5365134099616858 0.07684 0.3288505747126437
18 0.67045 0.36668582375478925 0.08631 0.17986590038314176