18 0.3294748858447489 0.5419065420560748 0.05368721461187215 0.08521495327102804
1 0.16797945205479453 0.584018691588785 0.17340182648401828 0.10964485981308411
8 0.11226027397260274 0.6539252336448599 0.08957762557077625 0.08869158878504674
7 0.11796803652968037 0.7458691588785047 0.10449771689497718 0.18349532710280375
3 0.21909817351598174 0.6629906542056074 0.19674657534246576 0.28942056074766354
10 0.4213698630136986 0.5933084112149533 0.24426940639269404 0.4068785046728972
11 0.6452853881278539 0.5911028037383178 0.22121004566210045 0.40790654205607474
16 0.4917922374429224 0.7802242990654206 0.42856164383561646 0.1077943925233645
14 0.8860616438356165 0.539607476635514 0.08009132420091324 0.10678504672897196
13 0.885068493150685 0.6840560747663552 0.12149543378995435 0.2254018691588785
5 0.7894406392694063 0.6084672897196262 0.21106164383561643 0.2788598130841121