1 0.18696666666666667 0.48441249999999997 0.19031666666666666 0.0849875
7 0.10079166666666667 0.6113375 0.11517500000000001 0.20965
3 0.2297 0.5988375 0.21589166666666665 0.26118749999999996
10 0.42946666666666666 0.4996125 0.2558666666666667 0.36119999999999997
11 0.6609666666666666 0.5067499999999999 0.21724166666666667 0.3495375
14 0.8856083333333333 0.4578125 0.0987 0.119275
13 0.903725 0.5939875 0.12054999999999999 0.18337499999999998
5 0.7767666666666667 0.5444125 0.19768333333333332 0.307525
16 0.499175 0.6834 0.41194166666666665 0.0920125
8 0.12219166666666666 0.5382875 0.077425 0.071875
18 0.372075 0.43737499999999996 0.08275 0.061725