17 0.3324166666666667 0.6966944444444444 0.28095833333333337 0.1461388888888889
4 0.5522395833333333 0.5176944444444445 0.18241145833333333 0.3560277777777778
1 0.7138177083333334 0.42768518518518517 0.38403645833333333 0.13280555555555557
9 0.693453125 0.4906944444444445 0.15928645833333333 0.11375925925925925
7 0.7745833333333334 0.6449166666666667 0.34584895833333335 0.2771388888888889
2 0.38628124999999996 0.46950000000000003 0.19945833333333332 0.5868148148148148
12 0.22580729166666666 0.46873148148148147 0.17878125 0.5883518518518518
6 0.119421875 0.39758333333333334 0.10182812499999999 0.37952777777777774
13 0.06902604166666666 0.6533240740740741 0.054526041666666664 0.11494444444444445
15 0.08508854166666667 0.38730555555555557 0.0501875 0.07365740740740741
19 0.43373958333333335 0.3750462962962963 0.099921875 0.09543518518518518