8 0.40287500000000004 0.55162 0.1486375 0.10618000000000001
7 0.32823749999999996 0.6678 0.3229125 0.22932
1 0.370025 0.48218 0.33565 0.14730000000000001
3 0.520775 0.5256799999999999 0.132525 0.241
18 0.61575 0.43366000000000005 0.0646125 0.06362
10 0.6375625 0.47698 0.1271875 0.40358
11 0.70865 0.4591 0.1233125 0.39783999999999997
14 0.8055249999999999 0.38144 0.0295625 0.052520000000000004
5 0.794125 0.44208 0.08385 0.23046
16 0.6664375 0.66086 0.17568750000000002 0.20468
9 0.2040875 0.52412 0.0233125 0.10786