14 0.1393515625 0.4804768518518518 0.057078125 0.09463888888888888
9 0.6361796875 0.6050138888888889 0.15489843749999999 0.0937037037037037
8 0.8361145833333333 0.6012314814814815 0.03914322916666667 0.06762037037037037
7 0.7062473958333333 0.7125694444444445 0.3285442708333333 0.2644074074074074
4 0.5007578125000001 0.6481064814814815 0.13926041666666666 0.3247361111111111
2 0.37101822916666666 0.560574074074074 0.17144791666666667 0.42650925925925925
12 0.2281953125 0.5609861111111111 0.1279921875 0.41306481481481483
13 0.11490625 0.6745092592592593 0.042041666666666665 0.22807407407407407
6 0.140359375 0.557662037037037 0.0929453125 0.18419444444444444
19 0.41221093750000004 0.4922546296296296 0.08195833333333334 0.10893055555555556
1 0.6768906250000001 0.5397361111111111 0.33138802083333335 0.12481018518518518
17 0.3238359375 0.7681898148148149 0.26927083333333335 0.09806944444444445