3 0.47433333333333333 0.555962962962963 0.19483333333333333 0.38275925925925924
1 0.3166614583333333 0.43119444444444444 0.393375 0.13322222222222221
7 0.2607083333333333 0.6631296296296296 0.34744270833333335 0.26375925925925925
10 0.6619947916666666 0.47772222222222227 0.186796875 0.4925462962962963
11 0.8194322916666666 0.4715555555555555 0.132328125 0.4689907407407407
16 0.7105364583333333 0.7076203703703704 0.3095989583333333 0.10748148148148148
8 0.325578125 0.5006203703703703 0.22717708333333334 0.11775000000000001
18 0.6365104166666666 0.38112962962962965 0.08515104166666668 0.13802777777777778
14 0.9416822916666666 0.45575 0.04619270833333333 0.08973148148148148
5 0.8921197916666667 0.5356296296296297 0.11373958333333332 0.36162037037037037
13 0.9431770833333334 0.5877685185185185 0.05151041666666667 0.2079537037037037