19 0.3502717391304348 0.3036595744680851 0.0946304347826087 0.12025531914893618
9 0.6290652173913044 0.5042765957446809 0.21981521739130433 0.15148936170212768
8 0.9087826086956522 0.49931914893617024 0.04826086956521739 0.1468936170212766
1 0.6751521739130435 0.39670212765957447 0.4587065217391304 0.20231914893617023
18 0.7288695652173912 0.29619148936170214 0.04984782608695652 0.06512765957446809
4 0.46688043478260866 0.5376808510638298 0.18347826086956523 0.490531914893617
2 0.2980217391304348 0.4205531914893617 0.15555434782608696 0.633
12 0.17122826086956522 0.4075106382978723 0.1275 0.5962765957446808
15 0.05493478260869565 0.3601063829787234 0.03892391304347826 0.09189361702127659
13 0.04758695652173913 0.5436382978723404 0.04868478260869565 0.25151063829787235
6 0.08469565217391305 0.5038723404255319 0.07002173913043479 0.3599361702127659
17 0.2607826086956522 0.7204680851063829 0.27944565217391304 0.1636595744680851
7 0.7349130434782609 0.7149787234042554 0.4489347826086956 0.3085744680851064