9 0.55003125 0.5966042154566745 0.244640625 0.1366744730679157
8 0.8879843749999999 0.6053161592505856 0.056906250000000005 0.11152224824355972
1 0.62325 0.5232786885245901 0.5501875 0.10925058548009367
7 0.6812343750000001 0.756791569086651 0.529796875 0.21859484777517565
4 0.384015625 0.6410070257611241 0.142734375 0.3621311475409836
2 0.26753125 0.5659718969555034 0.14842187499999998 0.46096018735363
6 0.170234375 0.5648946135831382 0.11573437499999999 0.4399063231850117
15 0.0691875 0.5565573770491803 0.04146875 0.07362997658079626
13 0.0694375 0.6875409836065574 0.05903125 0.14822014051522248
6 0.102171875 0.6359484777517564 0.06584375 0.2785480093676815
19 0.266890625 0.4668852459016394 0.090296875 0.09440281030444965
18 0.68478125 0.46456674473067916 0.068125 0.06421545667447308
17 0.22614062499999998 0.7809367681498829 0.215625 0.11208430913348946