18 0.6885972850678733 0.5129411764705882 0.07608031674208145 0.0632579185520362
16 0.754264705882353 0.7291990950226245 0.21113687782805432 0.14282805429864254
10 0.7240469457013575 0.591945701357466 0.16410916289592758 0.3932081447963801
11 0.8169711538461538 0.5885927601809955 0.13109445701357467 0.4106334841628959
5 0.8808682126696833 0.5648009049773756 0.0854326923076923 0.2303257918552036
14 0.9113489819004525 0.5426877828054298 0.029502262443438912 0.0654343891402715
13 0.9193099547511312 0.6240452488687783 0.030342194570135747 0.1466968325791855
3 0.6000339366515837 0.6485067873303167 0.14593325791855202 0.2559547511312217
1 0.4857324660633484 0.5514841628959276 0.2674321266968326 0.08000904977375566
8 0.49746889140271494 0.6069547511312217 0.1383766968325792 0.07631674208144797
8 0.4415808823529412 0.7104298642533936 0.229414592760181 0.20181900452488688