19 0.3735625 0.2115 0.042083333333333334 0.0615
18 0.742859375 0.22874074074074074 0.07060416666666666 0.10832407407407407
1 0.46708854166666663 0.2869351851851852 0.420109375 0.13212037037037036
7 0.44767708333333334 0.5196296296296297 0.4368385416666667 0.291962962962963
9 0.2701822916666667 0.3493425925925926 0.043656249999999994 0.10262962962962963
8 0.5641510416666667 0.359787037037037 0.16284375 0.12660185185185185
3 0.6601874999999999 0.3875 0.12425520833333333 0.33032407407407405
10 0.7441145833333334 0.3087777777777778 0.07271354166666667 0.4785
11 0.7883072916666667 0.29691666666666666 0.07113020833333333 0.4687962962962963
16 0.759390625 0.5101944444444444 0.10982291666666667 0.1280277777777778
5 0.8278125000000001 0.3209351851851852 0.023494791666666667 0.17851851851851852