8 0.3428333333333333 0.6257407407407407 0.15419791666666666 0.09916666666666667
7 0.30243749999999997 0.7200462962962962 0.27451562500000004 0.2677685185185185
1 0.34809375000000004 0.49444444444444446 0.30846875 0.23727777777777778
3 0.4795260416666667 0.5874537037037038 0.1911614583333333 0.32894444444444443
10 0.63328125 0.47100925925925924 0.16426041666666666 0.48600925925925925
11 0.7652916666666666 0.42986111111111114 0.13005729166666666 0.4074074074074074
13 0.8765677083333333 0.46440740740740744 0.05083333333333333 0.19387037037037036
5 0.8397760416666666 0.4686296296296296 0.096 0.2965277777777778
14 0.8819166666666667 0.3315740740740741 0.03444791666666667 0.08861111111111111
16 0.671828125 0.6653518518518519 0.25385416666666666 0.22902777777777777
18 0.5889583333333334 0.43648148148148147 0.06728645833333333 0.09102777777777778