5 0.94039 0.32193403298350826 0.06334000000000001 0.2947826086956522
14 0.96961 0.17754122938530734 0.03607 0.07182908545727136
13 0.97338 0.35464767616191906 0.03114 0.12230884557721139
1 0.39187 0.41164917541229384 0.52916 0.304047976011994
8 0.46270999999999995 0.5724437781109445 0.21084 0.14199400299850073
7 0.33297000000000004 0.7091454272863568 0.5170800000000001 0.30830584707646175
3 0.622 0.48320839580209896 0.19344999999999998 0.387736131934033
10 0.78746 0.36047976011994004 0.13733 0.5469715142428785
11 0.88598 0.31595202398800604 0.12282 0.46430284857571213
16 0.80299 0.5506146926536731 0.23425 0.2868215892053973
18 0.7579199999999999 0.3108545727136432 0.12696 0.12427286356821589
19 0.34732 0.23223388305847079 0.05719 0.08697151424287856