9 0.5881553398058252 0.3559870550161812 0.18087378640776697 0.12179611650485436
8 0.8606067961165048 0.35271844660194174 0.06506067961165049 0.11525889967637541
1 0.6696844660194176 0.33367313915857605 0.397876213592233 0.15988673139158577
1 0.714126213592233 0.5094660194174757 0.41933252427184464 0.21661812297734628
4 0.4550242718446602 0.41430420711974114 0.135752427184466 0.31171521035598704
2 0.3115898058252427 0.33296116504854373 0.14554611650485438 0.4389482200647249
12 0.1886893203883495 0.32537216828478965 0.10201456310679612 0.39859223300970875
17 0.27512135922330094 0.53415857605178 0.2479126213592233 0.09210355987055016
15 0.10655339805825242 0.2690776699029126 0.04561893203883496 0.07022653721682848
13 0.08774271844660193 0.42647249190938513 0.02686893203883495 0.144126213592233
6 0.12457524271844661 0.3990938511326861 0.06396844660194174 0.21268608414239482
19 0.3377669902912621 0.26849514563106797 0.09810679611650486 0.09425566343042072