1 0.56447021484375 0.6668351648351648 0.16204345703125 0.047036630036630035
7 0.5480029296875 0.7327032967032967 0.1701220703125 0.07768131868131868
9 0.4868505859375 0.6926007326007326 0.0234033203125 0.0341025641025641
8 0.59531982421875 0.6904029304029304 0.05772705078125 0.0384981684981685
3 0.63711181640625 0.6935274725274725 0.04716552734375 0.12082051282051282
10 0.67615478515625 0.6662710622710623 0.03646484375 0.1474981684981685
11 0.7035009765625 0.6629413919413919 0.04232177734375 0.13950549450549452
13 0.7430078125 0.7024688644688645 0.0218994140625 0.05751282051282051
14 0.7303125 0.6407728937728937 0.01325927734375 0.028615384615384615
5 0.72671875 0.6857692307692308 0.01778564453125 0.10263736263736263
16 0.6890087890625 0.7308168498168499 0.0683447265625 0.0535054945054945
18 0.66918701171875 0.639040293040293 0.031630859375 0.028084249084249086
19 0.5259814453125 0.6403076923076922 0.0206103515625 0.018893772893772892