0 0.37453 0.7104499999999999 0.17161 0.12508333333333332
0 0.43251999999999996 0.20836666666666667 0.13616 0.12566666666666668
0 0.89325 0.22426666666666667 0.18619999999999998 0.17174999999999999
0 0.89176 0.7035166666666667 0.16321000000000002 0.17788333333333334
13 0.34802999999999995 0.8044166666666667 0.25577 0.15366666666666667
13 0.40057 0.2964833333333333 0.20785 0.1457166666666667
13 0.8741599999999999 0.32505 0.24516 0.20286666666666667
13 0.87013 0.77045 0.21425 0.15495
5 0.20725 0.7372500000000001 0.11133 0.23563333333333333
5 0.29024 0.24283333333333332 0.14017 0.22444999999999998
5 0.74402 0.2807 0.13917 0.24395
5 0.7506499999999999 0.71095 0.11813 0.2263
14 0.27601 0.7113333333333334 0.0803 0.08873333333333333
14 0.37349 0.20243333333333333 0.10096 0.08996666666666667
14 0.8288300000000001 0.23098333333333335 0.12022 0.08043333333333333
14 0.81889 0.6818 0.10892 0.09156666666666666
15 0.48739 0.1927 0.03161 0.0705
15 0.96299 0.20275 0.05711 0.07633333333333332
15 0.44803 0.7047333333333333 0.05577 0.0803
15 0.94955 0.6730333333333334 0.05022 0.0788
11 0.17082 0.6916 0.09847 0.2969
11 0.22763999999999998 0.21538333333333332 0.11211 0.25873333333333337
11 0.68889 0.21905000000000002 0.11176 0.29464999999999997
11 0.71402 0.6764666666666667 0.11345000000000001 0.26661666666666667
10 0.144 0.21051666666666666 0.11055 0.2252
10 0.61434 0.19924999999999998 0.09981 0.26935000000000003
10 0.10912000000000001 0.6764666666666667 0.08938 0.26661666666666667
10 0.63506 0.67755 0.11553000000000001 0.2687833333333334
16 0.15919 0.3310666666666666 0.15808000000000003 0.0663
16 0.6277200000000001 0.34285 0.13799 0.08598333333333334
16 0.11997 0.8176833333333333 0.11964 0.09666666666666666
16 0.6466799999999999 0.8150833333333334 0.14163 0.0629
18 0.10023 0.17181666666666667 0.03444 0.04305
18 0.07081 0.6294333333333334 0.04132 0.053516666666666664
18 0.5714199999999999 0.16013333333333332 0.04539 0.05776666666666666
18 0.59661 0.64405 0.04435 0.058916666666666666