1 0.333359375 0.4187638888888889 0.36014843750000003 0.15348611111111113
7 0.282859375 0.6473055555555556 0.3560234375 0.286875
9 0.1548671875 0.48730555555555555 0.04378125 0.10725
8 0.3667421875 0.5025694444444445 0.17690625 0.1322222222222222
10 0.6315937500000001 0.43490277777777775 0.150078125 0.4644027777777778
11 0.742671875 0.40876388888888887 0.143109375 0.42204166666666665
16 0.666609375 0.6424305555555556 0.2391484375 0.17045833333333335
13 0.8563124999999999 0.4723611111111111 0.0408203125 0.2514722222222222
5 0.8068125 0.34452777777777777 0.0638671875 0.2716805555555556
14 0.8450234375000001 0.33825 0.05846875 0.09245833333333332
18 0.6031093750000001 0.3723194444444444 0.0933984375 0.10505555555555555
3 0.4990546875 0.535611111111111 0.16159375 0.4183472222222222