9 0.616611328125 0.5507779349363507 0.1566015625 0.09533239038189534
8 0.807490234375 0.530933521923621 0.039228515625 0.049363507779349364
1 0.63654296875 0.5006364922206507 0.339697265625 0.09565770862800566
1 0.069501953125 0.33357850070721357 0.13900390625 0.025544554455445543
2 0.5001953125 0.5647524752475247 0.138740234375 0.24274398868458275
2 0.352421875 0.503974540311174 0.1600390625 0.3129137199434229
17 0.341669921875 0.6439038189533239 0.221005859375 0.09301272984441301
15 0.194091796875 0.46353606789250357 0.03869140625 0.06543140028288542
13 0.179296875 0.5615700141442715 0.03080078125 0.12635077793493635
6 0.23330078125 0.5484865629420085 0.10626953125 0.2039038189533239
19 0.400712890625 0.45168316831683164 0.085166015625 0.0605940594059406
7 0.6920703125 0.651032531824611 0.30546875 0.1387128712871287
18 0.655615234375 0.44089108910891084 0.035078125 0.04217821782178218