9 0.060480480480480485 0.6812470588235293 0.05313813813813814 0.07965882352941175
9 0.25773273273273273 0.6826823529411764 0.05224474474474475 0.06967058823529412
9 0.49280780780780775 0.6761764705882353 0.03940690690690691 0.05774117647058823
8 0.2199099099099099 0.6804470588235294 0.03915915915915916 0.07414117647058824
8 0.44593843843843844 0.694529411764706 0.08081081081081082 0.07091764705882353
8 0.6662837837837838 0.674929411764706 0.13611111111111113 0.07092941176470588
7 0.1306156156156156 0.7601764705882352 0.2109159159159159 0.1355529411764706
7 0.36778528528528526 0.7716352941176471 0.29072072072072075 0.1474235294117647
7 0.6023498498498498 0.7676235294117647 0.282057057057057 0.13583529411764705
1 0.17060060060060062 0.6343882352941177 0.23333333333333334 0.08789411764705882
1 0.3916741741741742 0.6358470588235294 0.2929954954954955 0.08958823529411765
1 0.6323873873873874 0.6283294117647059 0.28353603603603605 0.08575294117647059
19 0.09478228228228228 0.5980470588235294 0.03914414414414415 0.046576470588235296
19 0.3036936936936937 0.5895764705882353 0.04906156156156156 0.049258823529411765
18 0.5754504504504504 0.5869058823529412 0.04703453453453453 0.04391764705882353
18 0.8217342342342342 0.6002705882352941 0.06411411411411412 0.07063529411764706
10 0.8401576576576576 0.6518117647058823 0.09096846846846847 0.2952941176470588
11 0.9156306306306305 0.6598470588235295 0.07590840840840841 0.27295294117647056
16 0.8672372372372373 0.7997529411764706 0.15512762762762763 0.04215294117647059
14 0.9672822822822823 0.6424117647058823 0.032394894894894895 0.06471764705882353
13 0.9738738738738739 0.7489058823529412 0.019474474474474476 0.09483529411764706
5 0.9545420420420421 0.6790117647058823 0.0465015015015015 0.17321176470588234