9 0.15466666666666667 0.6150476190476191 0.04466666666666667 0.10261904761904762
8 0.3414533333333333 0.5925238095238096 0.13377333333333333 0.09723809523809525
1 0.33049333333333336 0.5685238095238095 0.33953333333333335 0.1524285714285714
7 0.28659999999999997 0.7279047619047619 0.32630666666666663 0.1616904761904762
3 0.47265333333333337 0.6312619047619048 0.13269333333333333 0.3371666666666667
16 0.6420133333333333 0.7801190476190476 0.2438 0.07166666666666667
10 0.6252533333333333 0.5621666666666667 0.17026666666666668 0.42828571428571427
14 0.8471200000000001 0.5431904761904761 0.029573333333333333 0.10573809523809523
13 0.8417199999999999 0.6817380952380953 0.05653333333333333 0.19633333333333333
5 0.77652 0.6433333333333333 0.12836 0.26235714285714284
18 0.5751999999999999 0.4866666666666667 0.07237333333333333 0.09983333333333333