9 0.06733191287878788 0.48399305555555555 0.03261600378787879 0.06165719696969697
8 0.340407196969697 0.48556502525252526 0.21181818181818182 0.09005366161616163
7 0.24441998106060608 0.6034438131313131 0.43177320075757575 0.18692550505050504
1 0.3082907196969697 0.41893939393939394 0.49559422348484844 0.11147411616161615
19 0.2899881628787879 0.35340277777777773 0.05652462121212121 0.056161616161616155
18 0.6464086174242424 0.35612689393939395 0.09701941287878788 0.06791982323232323
10 0.6706226325757576 0.434592803030303 0.1691216856060606 0.3984627525252525
11 0.8145525568181818 0.4368087121212121 0.12303977272727273 0.3515214646464646
16 0.7097443181818182 0.6269097222222222 0.29320549242424243 0.1170580808080808
3 0.5011766098484848 0.5191287878787878 0.1721377840909091 0.3068339646464646
14 0.9453077651515152 0.41170454545454543 0.043773674242424246 0.06859532828282829
13 0.9446070075757576 0.5313857323232324 0.04947679924242424 0.12172032828282829
5 0.8987121212121212 0.4981123737373737 0.10683238636363636 0.27626893939393943