19 0.46217708333333335 0.5648518518518518 0.04552083333333334 0.07338888888888889
18 0.7308958333333333 0.5731296296296297 0.07947916666666667 0.09610185185185185
9 0.3504322916666667 0.6762037037037036 0.05119270833333334 0.0862037037037037
8 0.5459895833333334 0.6921944444444444 0.13675520833333332 0.09349074074074074
1 0.509375 0.6299166666666666 0.3204739583333333 0.11709259259259258
7 0.4673125 0.7942685185185184 0.3162083333333333 0.18652777777777776
3 0.6459739583333334 0.7071296296296297 0.10425 0.2840555555555555
10 0.7556718750000001 0.6342222222222222 0.11515104166666666 0.3664351851851852
11 0.8393697916666666 0.6342037037037037 0.08471875 0.34653703703703703
16 0.7719583333333334 0.8264166666666667 0.18166145833333333 0.09669444444444444
14 0.9080885416666666 0.5996481481481482 0.03725520833333333 0.08761111111111111
13 0.9240104166666666 0.7430000000000001 0.045661458333333335 0.12894444444444444
5 0.8933489583333334 0.7001481481481481 0.05726041666666667 0.19750925925925927