18 0.6623749999999999 0.3671 0.0656375 0.10205555555555555
9 0.21401875 0.4801888888888889 0.03856875 0.08062222222222222
8 0.45189999999999997 0.4817777777777778 0.17325 0.10917777777777779
1 0.39573125 0.4204666666666667 0.37163125 0.11355555555555556
7 0.36123125 0.6336444444444445 0.3740625 0.23514444444444443
3 0.568575 0.5234 0.120175 0.3345555555555556
10 0.67560625 0.4529444444444444 0.09719375 0.4272333333333333
11 0.7480875 0.44602222222222226 0.07981875 0.3845444444444444
16 0.69610625 0.6525 0.167025 0.0792
14 0.81124375 0.4232222222222222 0.02765625 0.06191111111111111
13 0.816275 0.5601666666666666 0.03058125 0.11676666666666667
5 0.79168125 0.5041222222222222 0.045675 0.2556333333333333