1 0.30759 0.6555322338830585 0.2127 0.05800599700149925
1 0.62366 0.6616491754122938 0.29375 0.06355322338830585
9 0.24517 0.6821889055472263 0.09453 0.057991004497751124
8 0.394 0.6846026986506747 0.04113 0.05614692653673164
7 0.3087 0.7622338830584708 0.21048 0.10814092953523238
19 0.158 0.6312893553223389 0.04365 0.04134932533733133
2 0.15318 0.6662668665667166 0.06722 0.2526986506746627
12 0.12429000000000001 0.6690404797601199 0.06278 0.23826086956521736
9 0.49093000000000003 0.6982908545727137 0.04161 0.07020989505247376
8 0.69044 0.6995952023988006 0.11047 0.07946026986506746
7 0.61237 0.7958320839580211 0.30449 0.1386806596701649
3 0.76478 0.7290104947526237 0.08264 0.22493253373313343
18 0.81602 0.6252773613193403 0.06512000000000001 0.06226386806596702
10 0.817 0.6759820089955022 0.08487 0.3221139430284857
11 0.8553999999999999 0.6767166416791605 0.07722 0.2969415292353823
16 0.8414400000000001 0.8045277361319341 0.10625 0.10943028485757121