1 0.6816599999999999 0.48659003831417624 0.36351999999999995 0.23846743295019157
9 0.65086 0.6251340996168582 0.16486 0.12601532567049809
7 0.7210599999999999 0.7125670498084291 0.35638 0.32003831417624523
4 0.5159400000000001 0.6010727969348659 0.17836000000000002 0.4067816091954023
2 0.36576 0.4611111111111111 0.18364 0.6441379310344828
12 0.23192 0.43628352490421457 0.16636 0.5944444444444444
19 0.4161 0.4171647509578544 0.0787 0.09639846743295019
17 0.31944 0.6917241379310345 0.275 0.2027969348659004
6 0.13672 0.37547892720306514 0.09006 0.36425287356321834
13 0.10126 0.49218390804597706 0.04902 0.25283524904214555
15 0.09812 0.33122605363984675 0.03062 0.08099616858237547