10 0.25844374999999997 0.5504916666666667 0.24839375 0.401725
11 0.4258875 0.5603083333333333 0.24100625 0.45024166666666665
16 0.30923125 0.71105 0.34569375 0.12209166666666665
3 0.1030875 0.6090083333333333 0.1266 0.26098333333333334
5 0.5887 0.5714166666666667 0.28461875 0.47245833333333337
14 0.7475937500000001 0.5448583333333333 0.12241250000000001 0.09600833333333333
15 0.9381625 0.5339333333333334 0.04354375 0.06749166666666666
0 0.8299 0.5329083333333333 0.28451875 0.18211666666666665
13 0.7878875 0.6774333333333333 0.3774375 0.18931666666666666
18 0.1908125 0.48893333333333333 0.05134375 0.050833333333333335
7 0.04211875 0.6343833333333333 0.04645625 0.14506666666666668
8 0.044962499999999996 0.5493916666666666 0.03035625 0.04841666666666667