8 0.47979999999999995 0.5048888888888888 0.21381250000000002 0.15863333333333335
7 0.3632125 0.6322111111111112 0.49341250000000003 0.29898888888888886
1 0.406075 0.372 0.5076937499999999 0.15635555555555555
3 0.6180125000000001 0.47763333333333335 0.1631875 0.3993555555555556
18 0.7442687499999999 0.2997 0.09548125 0.07524444444444445
19 0.345325 0.29494444444444445 0.041693749999999995 0.059366666666666665
10 0.7408875 0.4236666666666667 0.11842499999999999 0.5326888888888889
11 0.8022624999999999 0.3995888888888889 0.12396875 0.4877222222222222
16 0.767725 0.6669555555555555 0.18796875 0.20975555555555556
5 0.870125 0.39898888888888884 0.073975 0.22936666666666666
13 0.8960625 0.4711222222222222 0.0347875 0.13871111111111112
9 0.15815625 0.47217777777777775 0.035675 0.12812222222222222