1 0.2693828125 0.5772777777777778 0.34065625 0.15730555555555556
7 0.22809374999999998 0.7849027777777777 0.29975 0.23305555555555557
3 0.40895312500000003 0.7071527777777777 0.2066015625 0.3584027777777778
10 0.6113671875 0.6174722222222222 0.2277578125 0.592625
11 0.7968124999999999 0.60675 0.20107031250000001 0.586625
5 0.9102421875 0.58275 0.15015625 0.4398611111111111
18 0.575671875 0.5363888888888889 0.0799765625 0.1156388888888889
16 0.6665703125 0.8368611111111111 0.3441328125 0.19498611111111108
8 0.2618359375 0.6624027777777778 0.1813828125 0.10225000000000001
14 0.9680156249999999 0.5383611111111111 0.045414062500000005 0.06505555555555556
13 0.965984375 0.6939583333333333 0.0647421875 0.16534722222222223