9 0.11496875000000001 0.46637962962962964 0.06559895833333333 0.13125
8 0.46246354166666664 0.4565925925925926 0.14008854166666668 0.1255740740740741
7 0.32266666666666666 0.6741759259259259 0.5356875 0.3338888888888889
1 0.36575520833333336 0.37424074074074076 0.49686458333333333 0.14308333333333334
19 0.2209114583333333 0.3033611111111111 0.06915625 0.08299074074074074
18 0.68796875 0.30324074074074076 0.11524479166666667 0.11686111111111111
10 0.7257916666666666 0.4133796296296296 0.14141145833333332 0.6409907407407407
11 0.8418541666666666 0.4262222222222222 0.12385937500000001 0.5833148148148148
16 0.75834375 0.7532037037037037 0.20652083333333332 0.11694444444444445
14 0.9187395833333334 0.3626759259259259 0.03252083333333333 0.09051851851851853
13 0.944546875 0.5988703703703704 0.03566145833333333 0.24728703703703703
5 0.8998020833333332 0.4165925925925926 0.072765625 0.24764814814814812
3 0.6084739583333333 0.5352777777777779 0.14009895833333333 0.49020370370370364