18 0.6584375 0.3031203703703704 0.07188541666666667 0.0719537037037037
3 0.5305260416666667 0.47843518518518524 0.135328125 0.1602314814814815
16 0.7098854166666667 0.6540925925925926 0.260984375 0.23684259259259258
7 0.27711458333333333 0.5875648148148148 0.43728125 0.25194444444444447
8 0.3773958333333333 0.46549074074074076 0.19332291666666668 0.10656481481481482
9 0.09352083333333333 0.46925925925925926 0.042312499999999996 0.07707407407407407
10 0.669375 0.4102685185185185 0.16144270833333335 0.5269814814814815
11 0.7712447916666666 0.39714814814814814 0.15341145833333333 0.5038333333333334
5 0.858578125 0.44543518518518516 0.093796875 0.09730555555555556
13 0.8980312500000001 0.4792037037037037 0.046140625000000005 0.18337962962962964
1 0.3236041666666667 0.3795 0.5040260416666666 0.1660740740740741