8 0.43949609375 0.5375625 0.11536328124999999 0.07820833333333334
7 0.3683828125 0.6316875 0.287328125 0.15535416666666668
9 0.26034375 0.5294652777777777 0.02242578125 0.04811805555555556
18 0.6000546875 0.4239513888888889 0.051453125 0.052381944444444446
16 0.64448046875 0.6569583333333333 0.16242578125 0.1295
10 0.6169765625 0.4879791666666667 0.10220312499999999 0.34710416666666666
11 0.6839375000000001 0.4690763888888889 0.12156640625 0.3231875
13 0.7683046874999999 0.5467222222222222 0.03444140625 0.1277847222222222
11 0.74123046875 0.4677361111111111 0.04865234375 0.17466666666666666
1 0.40055859375 0.47950000000000004 0.2872265625 0.10792361111111111
19 0.35855078125 0.4129583333333333 0.0274296875 0.03733333333333333