14 0.869921875 0.5705138888888889 0.076453125 0.11598611111111112
13 0.8590703124999999 0.6949861111111111 0.12593749999999998 0.20443055555555556
5 0.7637265625 0.5828472222222222 0.2024140625 0.28880555555555554
3 0.26935937499999996 0.6324027777777778 0.20105468750000002 0.20890277777777777
16 0.5063828125 0.7805416666666667 0.366734375 0.11012500000000001
10 0.44520312500000003 0.6042777777777778 0.23478906249999998 0.42424999999999996
11 0.63428125 0.6010972222222223 0.18503125 0.4333472222222222
18 0.387234375 0.5369027777777777 0.055578125 0.07345833333333333
1 0.21057031249999997 0.5835416666666666 0.1884296875 0.09266666666666666
7 0.1429140625 0.7234444444444444 0.11202343749999999 0.17494444444444443
8 0.1449296875 0.6452638888888889 0.10963281250000001 0.09265277777777776