9 0.54434375 0.54545 0.160734375 0.0999
8 0.7227812499999999 0.5362250000000001 0.029359375 0.08145
2 0.34759375000000003 0.498125 0.10318750000000002 0.33649999999999997
12 0.27665625 0.4782 0.07459375 0.299725
17 0.31771875 0.6327750000000001 0.146953125 0.1183
15 0.21974999999999997 0.455225 0.02328125 0.047575000000000006
13 0.222015625 0.563 0.02584375 0.08185
6 0.23489062500000002 0.534625 0.0460625 0.1905
1 0.571109375 0.48212499999999997 0.306078125 0.1076
7 0.602484375 0.66405 0.289390625 0.159775
4 0.43659375 0.5678 0.1151875 0.271025
19 0.3605625 0.432425 0.066609375 0.079225