9 0.6764833333333333 0.4988888888888889 0.15268333333333334 0.08315555555555557
7 0.7513 0.5808 0.37560000000000004 0.17888888888888888
1 0.6846166666666667 0.4454666666666667 0.42850000000000005 0.09691111111111111
19 0.40349999999999997 0.4038444444444444 0.08055 0.06446666666666667
4 0.5278499999999999 0.510888888888889 0.17686666666666667 0.2341111111111111
17 0.33161666666666667 0.6173111111111111 0.2582 0.0946
2 0.36693333333333333 0.45735555555555557 0.18121666666666666 0.40324444444444446
12 0.24488333333333334 0.45311111111111113 0.16526666666666667 0.36937777777777775
6 0.15551666666666666 0.4518888888888889 0.09873333333333334 0.2589777777777778
13 0.1052 0.5566444444444445 0.0506 0.10024444444444444
15 0.10308333333333333 0.46044444444444443 0.02983333333333333 0.04435555555555556