8 0.4866375 0.49356666666666665 0.2255125 0.1510222222222222
1 0.40283125 0.3956222222222222 0.5204 0.17734444444444447
7 0.3532875 0.6553 0.5013062500000001 0.28782222222222226
3 0.6122 0.48983333333333334 0.17335625 0.39866666666666667
10 0.74936875 0.40744444444444444 0.109025 0.5165222222222222
11 0.8267 0.3977555555555556 0.08186249999999999 0.4406111111111111
16 0.76266875 0.6350222222222222 0.18712499999999999 0.16283333333333336
13 0.9021625 0.4955333333333334 0.025943749999999998 0.10726666666666668
5 0.86869375 0.46113333333333334 0.05462500000000001 0.3049444444444444
18 0.7477812500000001 0.3045555555555556 0.0828 0.093
19 0.34276249999999997 0.3007222222222222 0.0427625 0.07644444444444444