1 0.6955125 0.6088100686498856 0.33905 0.09270022883295194
9 0.6861875000000001 0.6566590389016018 0.1561 0.08704805491990847
7 0.7431375 0.7622425629290618 0.27715 0.2099771167048055
4 0.5662375000000001 0.7066819221967964 0.1483375 0.29498855835240273
2 0.42192500000000005 0.6524713958810069 0.1829375 0.46441647597254004
12 0.28236249999999996 0.6564530892448512 0.158675 0.48549199084668193
17 0.3798625 0.842974828375286 0.28452500000000003 0.10663615560640732
19 0.4567 0.5870938215102975 0.07212500000000001 0.09832951945080091
6 0.1835625 0.6831578947368422 0.1437125 0.33620137299771163
13 0.1268625 0.7740503432494279 0.07137500000000001 0.17475972540045767
15 0.1223375 0.6537528604118993 0.0323 0.08123569794050343
8 0.8584125 0.6751716247139589 0.029125 0.08487414187643022