9 0.215296875 0.5179416666666666 0.03978125 0.08831666666666667
8 0.40919791666666666 0.532575 0.12550520833333334 0.11203333333333333
7 0.3294947916666667 0.6537916666666667 0.3133229166666667 0.185025
1 0.3600364583333333 0.4872666666666667 0.28065104166666666 0.09919166666666666
3 0.4967916666666667 0.543625 0.09861458333333334 0.23810000000000003
10 0.5614270833333334 0.47285 0.06885416666666666 0.28700833333333337
11 0.5954375 0.46285 0.057567708333333335 0.26075833333333337
13 0.6391614583333334 0.5552083333333333 0.01873958333333333 0.08715
5 0.6259427083333333 0.47389166666666666 0.032953125 0.10576666666666666
19 0.30849479166666666 0.427075 0.031739583333333335 0.04546666666666667
18 0.5602031249999999 0.4317416666666667 0.05078125 0.07146666666666666
16 0.5781614583333333 0.6101416666666666 0.08432291666666666 0.10326666666666667