18 0.535236559139785 0.40458064516129033 0.0916989247311828 0.11106451612903226
1 0.2438709677419355 0.42574193548387096 0.36649462365591395 0.10903225806451612
8 0.2673333333333333 0.4898548387096774 0.1876021505376344 0.1163225806451613
7 0.20170967741935483 0.6238548387096775 0.3628279569892473 0.25124193548387097
3 0.4189032258064516 0.5400483870967742 0.1839784946236559 0.3357096774193548
10 0.5982903225806451 0.45011290322580644 0.19080645161290322 0.4671935483870968
11 0.7757741935483872 0.4368225806451613 0.1718494623655914 0.45161290322580644
16 0.6592688172043011 0.6448709677419354 0.3397634408602151 0.1652741935483871
5 0.8940645161290323 0.4168387096774194 0.10236559139784947 0.2000967741935484
13 0.9434946236559141 0.5198870967741935 0.06949462365591397 0.26506451612903226
14 0.940741935483871 0.3676612903225806 0.05055913978494624 0.08966129032258065