9 0.07070625 0.5011666666666666 0.04365 0.06191666666666666
8 0.35486874999999996 0.5057 0.20947500000000002 0.104325
7 0.25305 0.6144333333333334 0.43584375000000003 0.20178333333333331
1 0.31675000000000003 0.41800000000000004 0.5107375 0.15558333333333332
10 0.6827249999999999 0.4246166666666667 0.16518125 0.40881666666666666
11 0.8228375 0.4035583333333333 0.1195875 0.3666416666666667
3 0.49469375 0.5000166666666667 0.21336875 0.28704166666666664
16 0.7168187500000001 0.5934666666666666 0.283375 0.14076666666666665
14 0.9483562499999999 0.3607666666666667 0.03395 0.061108333333333334
13 0.9460250000000001 0.4883583333333333 0.056793750000000004 0.13295833333333335
5 0.904325 0.420025 0.09701874999999999 0.23630833333333331
19 0.29685 0.3219916666666667 0.045943750000000005 0.0569
18 0.6543125000000001 0.3500083333333333 0.1083625 0.07959999999999999