8 0.4486941176470588 0.4944632768361582 0.1489764705882353 0.06455743879472693
1 0.4311176470588235 0.44048964218455744 0.30677647058823526 0.07212806026365348
7 0.393 0.5788135593220339 0.27603529411764705 0.16045197740112996
8 0.4510823529411765 0.493879472693032 0.14277647058823528 0.06340866290018833
3 0.5543176470588236 0.5346704331450095 0.10078823529411765 0.21661016949152542
10 0.6442705882352942 0.4969679849340866 0.08103529411764705 0.2643879472693032
11 0.7043882352941176 0.4966290018832391 0.06434117647058823 0.2591337099811676
13 0.7615294117647058 0.5819585687382297 0.023870588235294116 0.07887005649717514
14 0.7421764705882353 0.5432203389830508 0.0426235294117647 0.14928436911487758
16 0.6506235294117647 0.6266854990583803 0.15441176470588236 0.05783427495291902
18 0.6393529411764707 0.43745762711864405 0.06285882352941176 0.07361581920903955
19 0.4178470588235294 0.4062146892655367 0.0324 0.0311864406779661