1 0.17951875 0.43914444444444445 0.19878125000000002 0.12662222222222222
8 0.11275625 0.5097333333333334 0.10275000000000001 0.09446666666666666
7 0.1152 0.6066444444444444 0.1251375 0.19941111111111112
3 0.2234375 0.5249555555555555 0.19589375 0.31953333333333334
10 0.42560000000000003 0.4532777777777778 0.23655625 0.4426555555555555
11 0.65015625 0.45511111111111113 0.21745 0.45034444444444444
16 0.49323124999999995 0.6541222222222223 0.42369999999999997 0.11657777777777778
5 0.7851125 0.49102222222222225 0.21496875 0.2718555555555555
14 0.89159375 0.4088555555555556 0.09292500000000001 0.11048888888888889
13 0.8801187500000001 0.5551444444444444 0.12496874999999999 0.22973333333333332
18 0.33498125 0.3868444444444445 0.044693750000000004 0.10203333333333334