8 0.4469365079365079 0.5251884057971015 0.1856984126984127 0.11924637681159421
9 0.11965079365079365 0.5223188405797101 0.07685714285714286 0.11350724637681159
1 0.347015873015873 0.4312463768115942 0.4751269841269841 0.1954782608695652
16 0.748 0.7305797101449276 0.23434920634920633 0.16930434782608694
10 0.6930793650793651 0.45727536231884053 0.159 0.7015942028985508
11 0.7882857142857143 0.450463768115942 0.17426984126984127 0.7008985507246377
3 0.5752063492063492 0.4908115942028986 0.15844444444444444 0.4112173913043478
5 0.8816190476190475 0.4588695652173913 0.09109523809523809 0.38921739130434785
7 0.3133015873015873 0.6646376811594203 0.5064761904761904 0.32408695652173913
19 0.20779365079365078 0.32863768115942027 0.06961904761904762 0.07721739130434782
18 0.6648730158730158 0.35736231884057973 0.09498412698412699 0.13142028985507248