9 0.6090648148148148 0.5814133738601823 0.2826296296296296 0.19969604863221885
8 0.9520185185185186 0.5608206686930091 0.07655555555555556 0.1534498480243161
7 0.7198148148148148 0.7515045592705167 0.5421759259259259 0.3567781155015197
4 0.4310185185185185 0.5457446808510639 0.20310185185185184 0.474483282674772
1 0.6692592592592592 0.45469604863221885 0.5326388888888889 0.255258358662614
15 0.06863888888888889 0.2537841945288754 0.04744444444444445 0.08645896656534954
2 0.28153703703703703 0.39811550151975683 0.16320370370370368 0.6537537993920973
12 0.1666388888888889 0.33955927051671736 0.12924074074074074 0.531565349544073
17 0.23803703703703702 0.6727811550151975 0.24646296296296297 0.29135258358662613
13 0.061907407407407404 0.4256838905775076 0.05249074074074074 0.2580395136778115
6 0.09859259259259259 0.4025683890577507 0.06858333333333333 0.38598784194528873
19 0.29437962962962966 0.3061398176291793 0.10386111111111111 0.1151823708206687
18 0.7546203703703703 0.27588145896656535 0.06448148148148149 0.06986322188449848