1 0.5090846153846154 0.41502092050209205 0.34106923076923074 0.10683054393305438
7 0.4802538461538462 0.5514121338912134 0.33811538461538465 0.16344142259414227
3 0.6655692307692308 0.4775523012552301 0.09467692307692308 0.21673640167364017
10 0.7541923076923077 0.4210564853556485 0.08697692307692308 0.2916841004184101
11 0.819076923076923 0.40884937238493724 0.06288461538461539 0.2588284518828452
14 0.8751769230769231 0.387092050209205 0.02539230769230769 0.04865062761506276
13 0.8792923076923076 0.47985355648535566 0.027915384615384616 0.08196652719665272
5 0.8514769230769231 0.45905857740585776 0.04636923076923077 0.18397489539748954
14 0.7684153846153846 0.5472071129707113 0.15033076923076924 0.08528242677824267
18 0.7411769230769231 0.3763702928870293 0.06337692307692308 0.05742677824267782
9 0.3502153846153846 0.46070083682008367 0.05580769230769231 0.07035564853556486
8 0.5555846153846153 0.4758682008368201 0.13150769230769233 0.061150627615062764
19 0.4617538461538461 0.35725941422594143 0.03786153846153846 0.047092050209205025