8 0.58345 0.6290250000000001 0.12083333333333333 0.0827
9 0.3895166666666667 0.63415 0.039225 0.058575
1 0.5256833333333334 0.5893625 0.290525 0.08148749999999999
3 0.6698666666666667 0.648025 0.09158333333333334 0.21133749999999998
5 0.8639749999999999 0.5759000000000001 0.058975 0.21395
7 0.501575 0.7204250000000001 0.2966666666666667 0.174875
10 0.7506 0.6047125 0.09680833333333333 0.359075
11 0.8110833333333333 0.5972500000000001 0.10735 0.3379
18 0.7308666666666667 0.5562 0.06774999999999999 0.058925
16 0.777675 0.7502875 0.14070833333333332 0.1345875
13 0.8870083333333334 0.7054125 0.025875000000000002 0.060475