18 0.21989493791786055 0.24445783132530122 0.04927411652340019 0.09488812392426851
8 0.07556829035339065 0.2976419965576592 0.052607449856733525 0.0733907056798623
1 0.12914995224450812 0.26055077452667813 0.09673352435530086 0.05822719449225473
7 0.04995224450811843 0.42407917383821 0.036857688634192934 0.21808950086058518
3 0.13039159503342884 0.437710843373494 0.14883476599808979 0.3496901893287435
10 0.30561604584527224 0.3687263339070568 0.2003724928366762 0.5477108433734941
11 0.5269054441260744 0.4069191049913941 0.23723973256924544 0.6276419965576593
16 0.3379942693409742 0.6608261617900172 0.3564183381088825 0.20473321858864027
5 0.6531232091690545 0.4017039586919105 0.13800382043935053 0.4192082616179002
13 0.8298376313276027 0.6762134251290878 0.33041069723018146 0.34371772805507744
14 0.7617287488061126 0.4754905335628227 0.18874880611270298 0.17337349397590363
15 0.9583381088825215 0.4243201376936317 0.036189111747851006 0.11039586919104992
0 0.8265425023877746 0.4237005163511187 0.27744985673352435 0.47796901893287436