9 0.589484375 0.5647407407407407 0.157953125 0.09823148148148149
4 0.479671875 0.6072037037037037 0.13450520833333332 0.28809259259259257
1 0.6128854166666666 0.5132037037037037 0.30371875 0.10318518518518519
7 0.6497395833333334 0.6978148148148148 0.2884114583333333 0.18537037037037035
2 0.35829687499999996 0.5311759259259259 0.11050520833333333 0.36443518518518514
12 0.26485416666666667 0.5356018518518519 0.07640625 0.3331574074074074
15 0.19091145833333334 0.5179814814814815 0.022260416666666668 0.05717592592592593
13 0.18664583333333334 0.6217407407407407 0.027630208333333333 0.14125000000000001
6 0.22136979166666665 0.5847222222222223 0.05917708333333334 0.24452777777777776
17 0.3297291666666667 0.7003518518518519 0.18184375 0.11019444444444446
19 0.37198437500000003 0.4680462962962963 0.07365104166666667 0.08694444444444445