8 0.408857421875 0.4857942708333333 0.166455078125 0.10533854166666667
9 0.137236328125 0.47485677083333333 0.04470703125 0.08671875
7 0.29873046875 0.6129166666666667 0.433623046875 0.25613281250000003
1 0.336376953125 0.4413932291666667 0.40392578125 0.10444010416666666
3 0.54037109375 0.4554947916666667 0.147861328125 0.17170572916666668
18 0.63322265625 0.3910416666666667 0.07720703125 0.0720703125
10 0.6680078125 0.4336067708333333 0.148642578125 0.4469401041666667
11 0.768125 0.413984375 0.1590234375 0.4369921875
14 0.8796875 0.3614713541666667 0.03791015625 0.06177083333333333
5 0.8501171875 0.39953124999999995 0.08619140625 0.22578125000000002
13 0.88171875 0.5250260416666667 0.04685546875 0.12522135416666666