1 0.6675970873786408 0.338495145631068 0.4044902912621359 0.17310679611650487
7 0.6989805825242719 0.5038187702265372 0.43489077669902915 0.2376860841423948
9 0.5862499999999999 0.35762135922330096 0.17978155339805824 0.12506472491909387
8 0.8595631067961165 0.35867313915857607 0.05487864077669903 0.11640776699029126
4 0.45478155339805826 0.413705501618123 0.14605582524271843 0.3199514563106796
2 0.31343446601941743 0.33917475728155344 0.14922330097087377 0.429789644012945
12 0.19408980582524274 0.336084142394822 0.11820388349514564 0.41639158576051777
15 0.11237864077669903 0.274126213592233 0.04378640776699029 0.07317152103559871
6 0.1332160194174757 0.3933009708737864 0.07634708737864078 0.25663430420711975
17 0.281371359223301 0.5371035598705501 0.2550242718446602 0.09928802588996764
19 0.34088592233009707 0.2670226537216829 0.1016626213592233 0.08412621359223302