9 0.092828125 0.45971867007672634 0.05778124999999999 0.16016624040920716
8 0.3405390625 0.4455882352941176 0.1755859375 0.11485933503836317
7 0.23234375 0.596150895140665 0.396703125 0.22418158567774937
3 0.473640625 0.513849104859335 0.166390625 0.3624296675191816
10 0.6383671875 0.4308951406649616 0.16709374999999999 0.47337595907928387
18 0.5960468750000001 0.35388746803069054 0.09546875 0.0891687979539642
1 0.2871484375 0.39213554987212274 0.38653125 0.10172634271099744
16 0.6816953125 0.6843989769820973 0.30062500000000003 0.09801790281329924
11 0.7985234375 0.43707161125319693 0.15321875000000001 0.4605626598465474
13 0.9469687499999999 0.575537084398977 0.059453124999999996 0.31153452685421995
5 0.895421875 0.43597186700767265 0.10046875 0.26186700767263427