1 0.4137294117647059 0.492928870292887 0.29694117647058826 0.12292887029288703
8 0.4527294117647059 0.5590794979079499 0.1318470588235294 0.08786610878661087
9 0.2631764705882353 0.5479916317991632 0.028423529411764705 0.07857740585774059
7 0.38577647058823533 0.6510669456066945 0.30618823529411765 0.2042468619246862
3 0.5488235294117647 0.5675732217573222 0.12008235294117646 0.2883054393305439
10 0.6516000000000001 0.5125732217573221 0.11567058823529411 0.4325941422594142
11 0.7206823529411766 0.5071338912133891 0.11265882352941177 0.43778242677824264
16 0.6716 0.6881589958158996 0.17374117647058823 0.12719665271966527
18 0.6232941176470588 0.4500209205020921 0.06448235294117648 0.08859832635983264
5 0.7839411764705883 0.49255230125523014 0.06178823529411765 0.26380753138075314
14 0.8056117647058824 0.4652092050209205 0.020058823529411764 0.06106694560669456
13 0.8043529411764706 0.5744560669456067 0.024082352941176468 0.15723849372384938