19 0.2771171875 0.4476470588235294 0.04284375 0.05452941176470588
18 0.5899375 0.48223529411764704 0.07472656250000001 0.08001176470588237
1 0.3299921875 0.5140705882352941 0.3673359375 0.12016470588235294
9 0.13790625 0.5750941176470588 0.0412109375 0.07750588235294117
8 0.36920312499999997 0.5853294117647059 0.17120312499999998 0.08451764705882353
7 0.2781875 0.6877176470588234 0.3552578125 0.18509411764705883
3 0.4883125 0.6025764705882354 0.144140625 0.30114117647058825
10 0.6317890625 0.5431058823529411 0.1429140625 0.38983529411764706
11 0.7591796875 0.5431058823529411 0.113578125 0.38983529411764706
14 0.8756640625 0.5208823529411765 0.0390390625 0.06990588235294118
13 0.8746484375 0.6443411764705883 0.04309375 0.19245882352941177
5 0.8274687500000001 0.5934117647058823 0.0988984375 0.2858588235294118
16 0.6642109375 0.7198823529411764 0.259 0.07801176470588235