1 0.34900520833333337 0.48588888888888887 0.30025 0.2522962962962963
8 0.3367395833333333 0.6313796296296296 0.1583125 0.09574074074074075
7 0.2983645833333333 0.7211296296296297 0.27188541666666666 0.2536388888888889
3 0.4790260416666667 0.5902129629629629 0.17140104166666664 0.3344166666666667
10 0.6287291666666667 0.4733611111111111 0.19303645833333333 0.5790925925925926
11 0.7587552083333333 0.4340185185185185 0.14752604166666666 0.5096666666666667
16 0.6655104166666667 0.6852962962962963 0.2525 0.262212962962963
18 0.5857552083333334 0.44646296296296295 0.07061979166666667 0.08701851851851852
5 0.8317239583333333 0.40752777777777777 0.08493750000000001 0.3349537037037037
14 0.88115625 0.34452777777777777 0.027744791666666668 0.07143518518518518
13 0.8747395833333333 0.44902777777777775 0.04585416666666667 0.1724074074074074