8 0.44929642857142854 0.5068205128205129 0.1194607142857143 0.1370940170940171
7 0.3834607142857143 0.6497350427350428 0.26720357142857143 0.26907692307692305
1 0.40801785714285715 0.41221367521367525 0.2591642857142857 0.1401965811965812
3 0.5469714285714286 0.5137008547008547 0.12589642857142858 0.3474358974358974
16 0.6599785714285714 0.6197008547008547 0.15187142857142857 0.2303760683760684
18 0.6086357142857143 0.37138461538461537 0.06506785714285714 0.09272649572649572
10 0.6382 0.43795726495726495 0.11308214285714285 0.5634786324786325
11 0.6982321428571429 0.3965384615384615 0.08912500000000001 0.502
14 0.7790428571428571 0.30646153846153845 0.027528571428571427 0.04405982905982906
5 0.7575142857142857 0.38823076923076927 0.053121428571428576 0.3134957264957265
13 0.7835535714285714 0.461 0.025949999999999997 0.22494017094017094
13 0.28410714285714284 0.4905555555555556 0.01769642857142857 0.10884615384615384