9 0.6138941176470588 0.5587248908296943 0.17577058823529412 0.10392139737991266
8 0.9124058823529412 0.5803231441048036 0.06434705882352941 0.08929257641921397
1 0.7049176470588234 0.5169082969432315 0.42370588235294115 0.07966812227074235
7 0.7384470588235293 0.7203668122270743 0.4636 0.2630131004366812
4 0.48249411764705885 0.6294497816593887 0.11768235294117647 0.3485240174672489
2 0.38211764705882356 0.5768384279475983 0.0981 0.45804366812227076
12 0.28714117647058823 0.5773973799126637 0.08697058823529412 0.434707423580786
15 0.22879411764705881 0.5722270742358079 0.04322352941176471 0.061056768558951965
13 0.21734705882352942 0.7184803493449782 0.029741176470588236 0.20332751091703058
6 0.24633529411764704 0.6200698689956332 0.05948235294117647 0.14626200873362447
17 0.34291764705882355 0.8060436681222707 0.19147058823529411 0.08849781659388646
19 0.4030235294117647 0.5050829694323145 0.09051176470588236 0.08744978165938865