9 0.5638000000000001 0.5143333333333333 0.2024125 0.0918
8 0.8845125 0.3996 0.042025 0.1068
1 0.651575 0.38197777777777775 0.454175 0.17311111111111113
7 0.7038125 0.6316888888888889 0.5015 0.41855555555555557
4 0.4418625 0.5363555555555556 0.2049625 0.35808888888888885
19 0.29438749999999997 0.42033333333333334 0.0760625 0.11331111111111111
2 0.29235 0.5221555555555556 0.1595 0.5868222222222222
12 0.1789875 0.5176666666666666 0.10115 0.5619555555555555
17 0.2677 0.7772666666666667 0.226275 0.1160888888888889
6 0.12223750000000001 0.5334444444444445 0.0575 0.27924444444444446
13 0.10557499999999999 0.7038222222222222 0.0377375 0.12473333333333333