9 0.654390625 0.5650185185185186 0.1818489583333333 0.08031481481481481
8 0.8714166666666666 0.449712962962963 0.025619791666666666 0.12439814814814815
19 0.43802083333333336 0.40771296296296294 0.07380208333333332 0.07125000000000001
2 0.4323385416666667 0.4721666666666667 0.10580208333333332 0.4964537037037037
12 0.356515625 0.4354722222222222 0.06667708333333335 0.4107314814814815
17 0.4200416666666667 0.6452592592592593 0.14891666666666667 0.19140740740740741
4 0.53203125 0.5297777777777778 0.1333125 0.2907037037037037
1 0.6891406250000001 0.41559259259259257 0.3614947916666667 0.2228148148148148
7 0.7363072916666666 0.6210740740740741 0.36785416666666665 0.37144444444444447
6 0.31711458333333337 0.41662037037037036 0.032630208333333334 0.2125277777777778
13 0.31726041666666666 0.5098981481481482 0.022119791666666666 0.10826851851851853