19 0.2838049450549451 0.5614639175257732 0.05456043956043956 0.07437113402061855
18 0.6818681318681319 0.5588865979381443 0.09517857142857143 0.0795257731958763
10 0.6994505494505494 0.6309484536082474 0.11203296703296704 0.41612371134020615
11 0.777293956043956 0.628680412371134 0.11232142857142857 0.4190927835051546
7 0.35406593406593406 0.7934639175257732 0.4468956043956044 0.18787628865979383
3 0.5821153846153846 0.7001855670103092 0.1340934065934066 0.28736082474226804
9 0.17990384615384616 0.6946391752577319 0.06880494505494505 0.07958762886597938
8 0.4778983516483517 0.6861443298969072 0.16800824175824175 0.09348453608247423
1 0.39105769230769233 0.6198556701030927 0.44991758241758245 0.1168041237113402
13 0.885 0.7537319587628866 0.042747252747252745 0.139340206185567
5 0.8488873626373626 0.6803505154639176 0.06292582417582418 0.2789072164948454
5 0.8824038461538461 0.604 0.029217032967032968 0.07356701030927836