19 0.34863750000000004 0.38418764302059494 0.0515875 0.0688558352402746
18 0.6466875000000001 0.434370709382151 0.0795 0.08187643020594966
1 0.36579999999999996 0.48643020594965675 0.3995375 0.18183066361556063
9 0.15855 0.5344622425629291 0.0350375 0.11979405034324943
8 0.401325 0.5887185354691075 0.1796875 0.12844393592677347
7 0.3155375 0.7345537757437071 0.37401249999999997 0.28279176201372996
8 0.5347999999999999 0.581441647597254 0.153375 0.35210526315789475
10 0.67515 0.5148054919908467 0.1385875 0.5023112128146453
11 0.7762875 0.495812356979405 0.113575 0.45675057208237985
16 0.702375 0.7029977116704805 0.23055 0.19471395881006867
5 0.8437 0.4965446224256293 0.078075 0.23899313501144165
14 0.8798625 0.4309610983981694 0.03675 0.10002288329519451
13 0.8768125000000001 0.5566590389016018 0.0511125 0.18501144164759725