9 0.24736000000000002 0.6874362818590705 0.07920999999999999 0.0500599700149925
8 0.39542 0.6867616191904048 0.0294 0.03908545727136432
8 0.29499000000000003 0.6550374812593703 0.20187 0.05505247376311844
7 0.31272000000000005 0.7695652173913042 0.21581 0.06619190404797601
4 0.19209 0.6830434782608695 0.05038 0.13100449775112444
19 0.15915 0.6294602698650675 0.04531 0.0387856071964018
17 0.13405 0.7671064467766118 0.06637 0.03313343328335832
2 0.15515 0.6636581709145427 0.06154 0.20869565217391303
12 0.12830000000000003 0.6644077961019491 0.05201 0.2005697151424288
6 0.1013 0.6623988005997001 0.032850000000000004 0.09160419790104948
18 0.35535 0.6201349325337331 0.02159 0.022293853073463266
8 0.6899299999999999 0.69928035982009 0.11374 0.07634182908545728
9 0.48965 0.6937931034482758 0.037219999999999996 0.05314842578710645
1 0.6267 0.6563718140929535 0.28637999999999997 0.06911544227886057
7 0.6088300000000001 0.8238680659670164 0.29552 0.06547226386806597
18 0.82197 0.6200749625187406 0.04345 0.05529235382308846
16 0.84774 0.8070164917541229 0.0803 0.08304347826086957
3 0.766 0.6942578710644678 0.07837999999999999 0.16518740629685158
10 0.8165800000000001 0.6718440779610195 0.08704 0.28596701649175416
11 0.85497 0.6667166416791604 0.07881 0.2724887556221889
5 0.8959 0.676431784107946 0.026719999999999997 0.10496251874062969
19 0.5528500000000001 0.6128335832083958 0.0252 0.02799100449775113