9 0.19192708333333333 0.624375 0.03363541666666667 0.085
8 0.482234375 0.6214833333333333 0.17466666666666666 0.139225
1 0.399421875 0.527725 0.4236302083333333 0.17836666666666667
7 0.37086979166666667 0.7603583333333332 0.43527604166666667 0.2369666666666667
3 0.5956302083333332 0.5723416666666666 0.12978645833333333 0.2924
10 0.6995729166666667 0.4902 0.10934375 0.41997500000000004
16 0.715671875 0.6423833333333333 0.14154166666666665 0.16101666666666667
19 0.34784895833333335 0.41650000000000004 0.04756770833333333 0.05259166666666667
18 0.6825729166666666 0.41725833333333334 0.07326041666666666 0.06319166666666666
13 0.8001406249999999 0.45890833333333336 0.03131770833333333 0.07073333333333333
5 0.7667135416666666 0.4876666666666667 0.045140625000000004 0.24719999999999998