9 0.2537637362637363 0.599620758483034 0.04872252747252747 0.08109780439121757
8 0.4800412087912088 0.5894411177644711 0.13990384615384616 0.07916167664670658
7 0.3793681318681319 0.7036926147704591 0.3316346153846154 0.16027944111776446
1 0.4178846153846154 0.5483433133732536 0.31991758241758245 0.08602794411177644
19 0.3531868131868132 0.49373253493013974 0.03625 0.04742514970059881
18 0.6416620879120879 0.5012574850299402 0.0721978021978022 0.06862275449101797
10 0.6583241758241758 0.5537325349301397 0.11186813186813187 0.348622754491018
11 0.745206043956044 0.546187624750499 0.09263736263736264 0.31135728542914176
16 0.6887362637362637 0.71 0.16634615384615384 0.08353293413173653
14 0.8087637362637362 0.507065868263473 0.028118131868131866 0.04029940119760479
13 0.822348901098901 0.6393213572854292 0.027829670329670333 0.1021556886227545
5 0.7989148351648352 0.5398203592814371 0.043969780219780215 0.13654690618762474
3 0.5683104395604396 0.6185229540918163 0.10197802197802197 0.2496007984031936