19 0.2211484375 0.27779166666666666 0.059210937500000005 0.09205555555555556
18 0.7210546875 0.29241666666666666 0.11773437499999999 0.12590277777777778
1 0.3439140625 0.37706944444444446 0.5547500000000001 0.1794861111111111
7 0.314796875 0.6903611111111111 0.57984375 0.3940416666666666
9 0.0832421875 0.4815277777777778 0.069859375 0.14301388888888888
8 0.47885937500000003 0.48783333333333334 0.22567187500000002 0.15563888888888888
3 0.5895312500000001 0.4677361111111111 0.2040234375 0.38455555555555554
10 0.7546640625000001 0.3793194444444445 0.1341640625 0.6030555555555556
11 0.8448125 0.37952777777777774 0.143984375 0.6118888888888889
16 0.79078125 0.6872361111111112 0.205578125 0.2026111111111111
14 0.9368515625 0.2742222222222222 0.053117187499999996 0.10341666666666666
13 0.96153125 0.507888888888889 0.032171875 0.3300138888888889
5 0.9203359375 0.38379166666666664 0.0695703125 0.267