9 0.5308924731182796 0.7627419354838709 0.13681720430107527 0.1186774193548387
17 0.3086559139784946 0.6085322580645162 0.1740537634408602 0.3296290322580645
2 0.3311182795698925 0.45719354838709675 0.11575268817204301 0.5720967741935483
12 0.276741935483871 0.36043548387096774 0.13493548387096774 0.40438709677419354
19 0.36653763440860215 0.5239677419354839 0.0736236559139785 0.05725806451612903
1 0.5933010752688171 0.6063064516129033 0.33406451612903226 0.3025645161290323
7 0.6249032258064515 0.7728709677419355 0.3418279569892473 0.2905322580645161
18 0.6687096774193548 0.37558064516129036 0.04470967741935484 0.0701774193548387
0 0.2924516129032258 0.12685483870967743 0.20459139784946237 0.11464516129032258
6 0.2078064516129032 0.24843548387096775 0.07559139784946237 0.18685483870967742
4 0.4210860215053764 0.6303064516129032 0.10215053763440861 0.3118709677419355
8 0.7506774193548387 0.6572903225806451 0.058032258064516125 0.1690483870967742