9 0.700959375 0.5958431644691187 0.14394062500000002 0.11561415683553088
1 0.691303125 0.5105412907702984 0.274059375 0.1601387925052047
7 0.7360843749999999 0.7198959056210964 0.247003125 0.26152671755725193
4 0.584975 0.5942817487855656 0.161403125 0.3698195697432338
2 0.4359625 0.5182859125607218 0.148321875 0.491380985426787
12 0.315678125 0.5037890353920889 0.10619375 0.4415683553088133
15 0.218053125 0.4560027758501041 0.034378125 0.0926995142262318
13 0.2142625 0.5870784177654407 0.040390625 0.20726578764746706
6 0.25261875 0.5513115891741847 0.08016875000000001 0.33431644691186674
17 0.40346875 0.720562109646079 0.24896249999999998 0.1603261623872311
19 0.48116875 0.4352879944482998 0.063734375 0.10678001387925053