18 0.64334375 0.5009416666666666 0.093925 0.07145833333333333
19 0.26701875 0.5037416666666666 0.04878125 0.053733333333333334
1 0.32419375 0.5606083333333334 0.47311875000000003 0.09746666666666666
7 0.26879375 0.7236416666666666 0.42481875 0.18019166666666667
9 0.09678750000000001 0.6277833333333334 0.0483125 0.07515000000000001
8 0.38515625 0.6212666666666666 0.18754375 0.082125
3 0.5016875000000001 0.6400416666666666 0.18189375 0.2703333333333333
10 0.66691875 0.579475 0.14641875000000001 0.3853916666666667
11 0.7934625 0.5758416666666667 0.11084374999999999 0.37206666666666666
16 0.7000562499999999 0.7561416666666667 0.26234999999999997 0.08466666666666667
14 0.922675 0.5572083333333333 0.0375875 0.07399166666666668
13 0.9158562499999999 0.6660833333333332 0.048949999999999994 0.16509166666666666
5 0.8727875 0.6301916666666667 0.1078125 0.25670000000000004