19 0.36389062499999997 0.31546296296296295 0.12310416666666667 0.12133333333333332
2 0.31635416666666666 0.3866018518518518 0.21584375 0.7389074074074073
12 0.16836979166666666 0.31425 0.18429166666666666 0.6065555555555556
6 0.062125 0.26539814814814816 0.086015625 0.3174814814814815
13 0.034395833333333334 0.43350925925925926 0.05123958333333333 0.18149074074074073
15 0.045390625000000004 0.21225 0.030942708333333332 0.10008333333333333
17 0.2694270833333333 0.6581203703703703 0.28345312500000003 0.27267592592592593
1 0.7061041666666666 0.4021296296296296 0.47508854166666664 0.2853981481481482
9 0.657671875 0.5606481481481481 0.23702604166666666 0.15489814814814815
7 0.7752239583333334 0.7296111111111111 0.44955729166666664 0.4286851851851852
4 0.49629687499999997 0.5417777777777778 0.20941145833333333 0.4751851851851852