10 0.43359208523592085 0.48000000000000004 0.20015220700152206 0.6297879858657244
11 0.6049771689497717 0.4898233215547703 0.1956164383561644 0.6101413427561837
16 0.5048858447488584 0.7351943462897527 0.33986301369863015 0.18219081272084806
3 0.2724657534246575 0.5890812720848057 0.17774733637747336 0.4395759717314488
8 0.16514459665144596 0.5075265017667845 0.08424657534246575 0.10371024734982333
7 0.1575799086757991 0.6536395759717314 0.09175038051750381 0.2860424028268551
18 0.36876712328767125 0.40325088339222614 0.04226788432267884 0.09936395759717315
5 0.7724809741248098 0.44696113074204946 0.17152207001522068 0.40275618374558303
14 0.8416286149162863 0.4635689045936396 0.0663013698630137 0.12180212014134276
13 0.8421004566210045 0.6841696113074205 0.09091324200913242 0.1586572438162544
1 0.21263318112633178 0.42123674911660774 0.15668188736681887 0.08431095406360424