19 0.397575 0.3766222222222222 0.0430375 0.058777777777777776
18 0.7047125 0.37155555555555553 0.066925 0.09995555555555555
1 0.4561625 0.4242222222222222 0.38713749999999997 0.10373333333333333
7 0.42164999999999997 0.6149777777777778 0.378325 0.2720222222222222
9 0.2688125 0.4708888888888889 0.040999999999999995 0.06517777777777778
8 0.521375 0.45762222222222226 0.1592875 0.08595555555555555
3 0.6245 0.5179777777777778 0.1119 0.2914222222222222
10 0.7184999999999999 0.4652 0.09533749999999999 0.4050444444444445
11 0.7767375 0.4662888888888889 0.0819375 0.3726
5 0.8293 0.4881111111111111 0.0369875 0.16628888888888887
16 0.7431 0.6576000000000001 0.1395875 0.0926