8 0.4779670329670329 0.6547422680412371 0.10774725274725275 0.0775257731958763
1 0.47343406593406595 0.6122474226804123 0.2067445054945055 0.07498969072164947
7 0.43300824175824176 0.7355876288659794 0.18267857142857144 0.12098969072164949
3 0.5582142857142857 0.6786185567010309 0.1126923076923077 0.21284536082474229
10 0.6766483516483517 0.6186185567010308 0.12309065934065934 0.25041237113402065
11 0.7894917582417582 0.6163092783505155 0.10068681318681318 0.24579381443298967
16 0.7033379120879121 0.7418762886597938 0.22149725274725274 0.07585567010309278
14 0.8831593406593408 0.5468659793814433 0.05001373626373626 0.09818556701030927
13 0.9001785714285715 0.6774020618556701 0.04232142857142857 0.13284536082474227
5 0.8640934065934065 0.6174432989690721 0.06315934065934066 0.11802061855670104
18 0.644010989010989 0.5891752577319588 0.05706043956043956 0.05360824742268041