9 0.2743 0.5272888888888889 0.038425 0.06753333333333333
8 0.47041249999999996 0.5263333333333333 0.1356375 0.07748888888888888
7 0.39526249999999996 0.6348444444444444 0.308675 0.17004444444444444
1 0.4297625 0.48466666666666663 0.3093625 0.08815555555555556
19 0.395175 0.4347333333333333 0.0285125 0.045399999999999996
18 0.6413249999999999 0.4285333333333333 0.057475 0.06855555555555556
10 0.64935 0.4991777777777778 0.0868625 0.3283333333333333
11 0.7158249999999999 0.5069555555555555 0.07185 0.29015555555555556
16 0.673025 0.6533777777777777 0.14255 0.08453333333333334
14 0.7658375 0.4904 0.0281625 0.04708888888888889
13 0.7790125 0.604 0.025474999999999998 0.10202222222222221
5 0.7646250000000001 0.5408888888888889 0.029075000000000004 0.0888
3 0.5753 0.5605333333333333 0.08625 0.2600444444444444