19 0.314 0.30751644736842104 0.08150925925925925 0.09815789473684211
18 0.6882962962962963 0.3019901315789474 0.046768518518518515 0.06736842105263158
1 0.6055555555555555 0.3961348684210526 0.44796296296296295 0.15699013157894737
9 0.5191388888888888 0.48013157894736846 0.16957407407407407 0.14735197368421052
8 0.8139722222222222 0.48111842105263153 0.04627777777777777 0.10654605263157894
7 0.6346851851851852 0.6418256578947369 0.4503148148148148 0.32600328947368423
4 0.3921574074074074 0.4770230263157894 0.11374999999999999 0.37532894736842104
2 0.2911851851851852 0.3883717105263158 0.10019444444444443 0.5490460526315789
12 0.22005555555555556 0.3825328947368421 0.1195462962962963 0.5278289473684211
15 0.1377685185185185 0.29286184210526317 0.019787037037037037 0.08860197368421052
13 0.13237962962962962 0.4429769736842105 0.023824074074074074 0.19476973684210527
6 0.15838888888888888 0.35995065789473685 0.04251851851851852 0.1964638157894737
17 0.26105555555555554 0.6269736842105263 0.1756111111111111 0.19432565789473685