1 0.47828645833333333 0.5581666666666667 0.22069791666666666 0.09129629629629629
4 0.37986458333333334 0.6241666666666666 0.0841875 0.21712962962962962
9 0.45433333333333337 0.6108888888888889 0.108125 0.07637037037037038
7 0.5021770833333333 0.6777500000000001 0.21770833333333334 0.1730648148148148
2 0.31321354166666665 0.5692962962962963 0.09093229166666666 0.3323611111111111
12 0.25238541666666664 0.5547314814814815 0.08222395833333333 0.3066388888888889
17 0.29073958333333333 0.6854722222222221 0.12816145833333334 0.10825
6 0.207390625 0.5488148148148149 0.047796874999999996 0.2142314814814815
19 0.31817708333333333 0.5270462962962963 0.04241145833333334 0.06300925925925925
14 0.6881458333333333 0.5420462962962963 0.089640625 0.04671296296296296
0 0.7275989583333333 0.5345833333333333 0.12340625 0.1274722222222222
13 0.7053697916666667 0.619712962962963 0.18484895833333334 0.14649074074074075
11 0.5676145833333333 0.48135185185185186 0.10455208333333334 0.15988888888888889
5 0.6321979166666666 0.526787037037037 0.09040104166666667 0.24183333333333334