9 0.5549375000000001 0.604847775175644 0.23254687500000001 0.11646370023419203
8 0.883421875 0.5961826697892272 0.047859374999999996 0.08662763466042155
7 0.6700625 0.7324355971896955 0.519046875 0.2498360655737705
19 0.264796875 0.46817330210772834 0.079359375 0.06791569086651054
18 0.689015625 0.4679156908665106 0.056984375 0.051779859484777514
2 0.2591875 0.5692740046838408 0.1535625 0.4262763466042155
12 0.174671875 0.5605152224824356 0.140453125 0.44934426229508195
17 0.21995312500000003 0.7729508196721312 0.20425 0.12163934426229507
1 0.623234375 0.5280093676814989 0.54415625 0.13140515222482435
13 0.07578125 0.6785714285714286 0.055484374999999996 0.20770491803278687
15 0.067671875 0.5674707259953161 0.03571875 0.08854800936768151
4 0.4046875 0.5849882903981265 0.19039062499999998 0.24222482435597192
6 0.091171875 0.5835128805620609 0.065453125 0.19243559718969555