9 0.10984034833091438 0.5123 0.05164005805515239 0.112775
8 0.3089404934687954 0.5109 0.1548621190130624 0.11555
7 0.23622641509433961 0.644675 0.3560087082728592 0.21642499999999998
1 0.3541074020319303 0.42912500000000003 0.40468795355587805 0.10755
3 0.47197387518142236 0.5765 0.19171262699564587 0.3588
10 0.6603628447024673 0.42715000000000003 0.21735849056603773 0.46472499999999994
16 0.6010595065312047 0.35667499999999996 0.0632656023222061 0.095975
14 0.9100435413642961 0.400075 0.052293178519593614 0.16057500000000002
13 0.9405370101596516 0.574075 0.06734397677793905 0.20254999999999998
5 0.8838026124818579 0.466425 0.10770682148040638 0.290075
16 0.6820609579100145 0.6727500000000001 0.33917271407837446 0.097075