9 0.64818 0.44209895052473763 0.23390333333333335 0.10083458270864568
8 0.9120266666666667 0.3430184907546227 0.041593333333333336 0.09924537731134433
7 0.7632399999999999 0.5501499250374812 0.4240233333333333 0.29028985507246374
1 0.6841433333333333 0.3194602698650675 0.43472333333333335 0.18873063468265866
2 0.35069 0.418415792103948 0.17226 0.45993503248375817
12 0.21199666666666667 0.4183458270864568 0.13042666666666666 0.4298100949525237
15 0.10860666666666667 0.42454272863568215 0.050313333333333335 0.0723888055972014
13 0.11573 0.5275412293853073 0.062336666666666665 0.17510244877561218
6 0.14083 0.4183858070964518 0.07476333333333333 0.19667666166916542
17 0.32720666666666665 0.6318590704647675 0.2515533333333333 0.09055472263868065
19 0.34129666666666664 0.36019490254872566 0.10013333333333332 0.11027986006996501
4 0.49903 0.5000099950024988 0.18066000000000002 0.36304847576211896