13 0.8284018264840183 0.6813427561837455 0.10601217656012177 0.26233215547703176
14 0.8216590563165906 0.5201413427561837 0.08490106544901066 0.10332155477031801
5 0.7348706240487063 0.5995406360424028 0.14777777777777779 0.35374558303886927
11 0.6268188736681888 0.5548763250883392 0.18226788432267885 0.451095406360424
10 0.4391019786910198 0.552791519434629 0.19444444444444445 0.45130742049469963
16 0.501841704718417 0.7863604240282686 0.35091324200913243 0.09247349823321556
1 0.23101978691019787 0.5218374558303888 0.17643835616438355 0.07579505300353356
8 0.16229832572298325 0.6067137809187279 0.09418569254185694 0.08657243816254417
7 0.16666666666666666 0.7163957597173145 0.12004566210045663 0.2484805653710247
3 0.28073059360730596 0.6339929328621907 0.18246575342465754 0.3009893992932862
18 0.39403348554033485 0.487208480565371 0.045859969558599695 0.11696113074204947