2 0.29243004418262153 0.43022296544035676 0.15369661266568482 0.5030100334448161
12 0.1778718703976436 0.41723522853957634 0.1418041237113402 0.44828316610925306
15 0.08171575846833579 0.4016833890746934 0.05626656848306333 0.08917502787068003
9 0.5662444771723123 0.4326978818283166 0.21530927835051544 0.12334448160535118
8 0.8773711340206186 0.4649944258639911 0.0717378497790869 0.10432552954292085
1 0.6493446244477172 0.37989966555183946 0.48092047128129606 0.11249721293199554
17 0.23443298969072165 0.6846376811594203 0.2458100147275405 0.14759197324414713
19 0.3170324005891016 0.35570791527313267 0.1145360824742268 0.12542920847268674
7 0.6886524300441826 0.6066555183946488 0.5082032400589102 0.3258416945373467
13 0.06212812960235641 0.6033333333333334 0.07863033873343152 0.12169453734671126
4 0.41527245949926367 0.5315273132664436 0.18236377025036818 0.44394648829431443
6 0.10790868924889543 0.5197881828316611 0.09761413843888071 0.3745373467112597