18 0.6281510416666667 0.438037037037037 0.061677083333333334 0.08248148148148148
19 0.3599895833333333 0.4190462962962963 0.03924479166666666 0.047574074074074074
1 0.41610416666666666 0.49083333333333334 0.3042552083333333 0.11708333333333333
9 0.2613020833333333 0.5418148148148147 0.034578125 0.07399074074074073
8 0.45346875 0.5576666666666666 0.14113541666666668 0.0871574074074074
7 0.38241145833333334 0.6688518518518519 0.31324479166666663 0.19842592592592595
3 0.5515572916666667 0.5683888888888889 0.10713020833333334 0.298787037037037
10 0.65221875 0.505287037037037 0.09852083333333334 0.37725925925925924
11 0.7380052083333334 0.49659259259259264 0.07278645833333333 0.33744444444444444
16 0.6752291666666667 0.6718148148148148 0.171140625 0.1055925925925926
14 0.8061510416666666 0.4604814814814815 0.03399479166666666 0.06563888888888889
13 0.8070989583333333 0.5767777777777777 0.023140625 0.15855555555555556
5 0.7794375 0.5445833333333333 0.05901041666666666 0.2647129629629629