8 0.8360182291666667 0.594462962962963 0.04338020833333334 0.07125462962962963
9 0.6338723958333333 0.6051157407407407 0.14777083333333335 0.08639351851851852
1 0.6740859374999999 0.5407453703703704 0.31673697916666665 0.1282222222222222
7 0.7119661458333333 0.7092175925925926 0.3404166666666667 0.24829166666666663
4 0.4971875 0.6226574074074074 0.12755729166666666 0.33840740740740743
2 0.3639010416666667 0.5697175925925926 0.15817708333333333 0.4241111111111111
12 0.22469010416666665 0.5722407407407407 0.1193359375 0.421875
15 0.13784114583333332 0.48801851851851846 0.051539062499999996 0.07442129629629629
13 0.1064296875 0.6788703703703703 0.033859375000000004 0.17216666666666666
6 0.13720833333333332 0.5513935185185185 0.06069270833333333 0.15795833333333334
17 0.3300078125 0.7807037037037037 0.27962760416666665 0.061023148148148146
19 0.41420833333333335 0.4921574074074074 0.0765 0.08577777777777777