9 0.6009569892473118 0.45135483870967735 0.20004301075268816 0.12332258064516129
8 0.8781612903225807 0.4221451612903226 0.0478494623655914 0.10638709677419354
1 0.6568924731182796 0.37493548387096776 0.43173118279569894 0.1087258064516129
7 0.7176881720430108 0.6172741935483871 0.4635698924731183 0.3005967741935484
4 0.449989247311828 0.5384516129032257 0.15004301075268817 0.3983225806451613
2 0.3182258064516129 0.4266774193548387 0.1537956989247312 0.511758064516129
12 0.198752688172043 0.4048064516129032 0.1329784946236559 0.46341935483870966
15 0.09478494623655914 0.3734677419354839 0.0448494623655914 0.07816129032258065
13 0.09470967741935483 0.5721129032258064 0.04438709677419355 0.10980645161290323
6 0.12320430107526882 0.5095322580645162 0.1041505376344086 0.29025806451612907
17 0.27403225806451614 0.6671612903225806 0.22822580645161292 0.13245161290322582
19 0.34078494623655914 0.3759677419354839 0.09752688172043011 0.11082258064516128