19 0.2920467032967033 0.39123711340206185 0.04708791208791209 0.05569072164948454
18 0.6645741758241758 0.3731546391752577 0.08208791208791208 0.08610309278350516
1 0.41961538461538467 0.43736082474226806 0.3952335164835165 0.11618556701030928
7 0.3936813186813187 0.6184536082474227 0.42788461538461536 0.21218556701030927
3 0.615 0.5136701030927835 0.09736263736263735 0.2957938144329897
10 0.6845054945054945 0.444020618556701 0.09994505494505496 0.4129278350515464
11 0.7369093406593407 0.4442268041237113 0.10291208791208792 0.41045360824742266
16 0.7167307692307692 0.6411752577319588 0.1526098901098901 0.08606185567010309
9 0.22767857142857142 0.5057113402061856 0.060494505494505496 0.08969072164948454
8 0.517651098901099 0.4838350515463917 0.1453846153846154 0.09814432989690722
5 0.7960851648351648 0.43562886597938144 0.0323489010989011 0.12542268041237112
14 0.7980494505494505 0.3824536082474227 0.03416208791208791 0.07616494845360824