1 0.6888359375 0.3255 0.4417109375 0.1753333333333333
9 0.7303984375 0.45675000000000004 0.2505390625 0.1569722222222222
7 0.7884765625 0.6908611111111111 0.3458515625 0.49522222222222223
4 0.5393671875 0.5301111111111111 0.286875 0.5753194444444445
2 0.31360156250000004 0.43074999999999997 0.22596875 0.7191805555555555
12 0.16359375 0.405375 0.1469609375 0.6684305555555555
17 0.2799453125 0.6799722222222222 0.3010078125 0.24541666666666664
19 0.34557812499999996 0.3007222222222222 0.132703125 0.10418055555555557
6 0.09053125 0.3279722222222222 0.09343749999999999 0.3623888888888889
13 0.06391406250000001 0.5290972222222222 0.0338828125 0.11649999999999999
15 0.061453125 0.309375 0.034171875000000004 0.05669444444444444