15 0.4033379120879121 0.523040293040293 0.179532967032967 0.11963369963369962
14 0.12780219780219781 0.5096520146520146 0.08799450549450549 0.11617216117216117
0 0.2811813186813187 0.5078754578754578 0.36479395604395604 0.36476190476190473
13 0.2953021978021978 0.6602747252747253 0.45362637362637365 0.24858974358974356
6 0.4972115384615385 0.5217582417582417 0.14447802197802198 0.2317032967032967
12 0.6061538461538462 0.5323809523809524 0.1780631868131868 0.4246703296703297
2 0.7425961538461539 0.5368498168498168 0.18339285714285714 0.42219780219780223
19 0.795 0.4748717948717948 0.06376373626373627 0.07987179487179487
7 0.9204532967032968 0.6633699633699633 0.03993131868131868 0.18384615384615383
4 0.8540384615384615 0.635989010989011 0.10917582417582418 0.26053113553113555
17 0.712293956043956 0.7654578754578755 0.2654945054945055 0.07346153846153847
1 0.8518269230769231 0.5108791208791209 0.075 0.06532967032967034