9 0.23745054945054947 0.46898989898989896 0.04247252747252747 0.05941077441077441
8 0.4860879120879121 0.46260942760942764 0.13132967032967033 0.07471380471380472
1 0.4168241758241758 0.4283164983164983 0.36642857142857144 0.08468013468013467
7 0.39116483516483513 0.5911111111111111 0.3731978021978022 0.2154208754208754
3 0.5828241758241758 0.5020707070707071 0.10378021978021978 0.2335858585858586
10 0.6745714285714286 0.45045454545454544 0.09243956043956045 0.3368013468013468
11 0.7473736263736264 0.44988215488215494 0.09152747252747254 0.33821548821548825
14 0.804945054945055 0.4227104377104377 0.018131868131868133 0.03981481481481481
5 0.7905054945054946 0.4494612794612795 0.04535164835164836 0.12836700336700338
16 0.6971758241758241 0.6252861952861953 0.15540659340659338 0.11385521885521885
18 0.6619999999999999 0.3914814814814815 0.06923076923076923 0.061515151515151516
19 0.3475054945054945 0.3895791245791246 0.03548351648351648 0.03473063973063973