9 0.59075625 0.574075 0.12489375000000001 0.069925
8 0.794 0.5726583333333334 0.02703125 0.05976666666666666
1 0.6497624999999999 0.5429499999999999 0.28679375 0.07496666666666667
7 0.67768125 0.6681333333333334 0.3119125 0.171725
4 0.5034375 0.58155 0.09178125 0.1667833333333333
19 0.45195625 0.503625 0.060137499999999997 0.04311666666666667
2 0.43635625 0.5496916666666667 0.0728125 0.26689999999999997
12 0.39953125 0.5370166666666666 0.07104375 0.24155000000000001
17 0.41813125 0.6569583333333333 0.09560625 0.07185833333333334
6 0.36280625 0.5242583333333334 0.0424625 0.12535
13 0.35083125000000004 0.59 0.02245 0.078375