9 0.18504921829762594 0.5571839581517001 0.03212507237984945 0.07044463818657366
8 0.37088013896931094 0.5788404533565823 0.14127967573827446 0.09049694856146469
1 0.3392067168500289 0.5126765475152572 0.3134221192819919 0.1093025283347864
7 0.2891082802547771 0.6890845684394071 0.29429067747539084 0.19473408892763733
3 0.4765952518818761 0.5944899738448125 0.12981470758540822 0.27343504795117696
10 0.6008280254777071 0.5242458587619877 0.11682107701215981 0.33095030514385354
11 0.7079559930515346 0.5210810810810811 0.09943833236826867 0.32725370531822146
16 0.6311928199189345 0.6916129032258064 0.21026635784597567 0.11047951176983435
14 0.783329473074696 0.4330514385353095 0.05515923566878981 0.1127898866608544
13 0.8068384481760278 0.5861464690496948 0.037967573827446435 0.18939843068875328
5 0.7615228720324262 0.5081168265039232 0.0636711059640996 0.15538796861377505
16 0.5749507817023741 0.4840976460331299 0.06303995367689635 0.060863121185701835