18 0.604953125 0.4972098475967175 0.069046875 0.06283704572098477
9 0.12345312500000001 0.626189917936694 0.0457734375 0.06958968347010551
8 0.34074218749999996 0.6282415005861665 0.16115625 0.08373974208675265
7 0.2519609375 0.7365885111371628 0.34074218749999996 0.18654161781946074
1 0.2907734375 0.5645486518171161 0.3402421875 0.11376318874560376
3 0.4733515625 0.6457444314185229 0.1629140625 0.3133528722157093
10 0.632 0.5779601406799532 0.16107812500000002 0.38512309495896835
11 0.7732265625 0.5698827667057444 0.1234140625 0.374630715123095
14 0.9001171875 0.5283235638921454 0.0388359375 0.09492379835873388
13 0.9046796875 0.6538804220398593 0.0601484375 0.14505275498241502
5 0.8505 0.6228253223915592 0.11371093750000001 0.25534583821805396
16 0.662640625 0.7577608440797187 0.28040625 0.09552168815943729