9 0.18814583333333335 0.5944074074074075 0.03409895833333333 0.058527777777777776
8 0.3262552083333333 0.6199351851851852 0.11934375 0.0663611111111111
7 0.27081770833333335 0.7121851851851851 0.24284375 0.18185185185185185
1 0.30293749999999997 0.5425092592592592 0.23069270833333333 0.1090462962962963
3 0.4305 0.6266574074074074 0.12703125 0.2751296296296296
5 0.7194947916666667 0.5443148148148148 0.07681249999999999 0.14129629629629628
13 0.7439635416666667 0.6478055555555555 0.045244791666666666 0.11555555555555555
14 0.7380833333333333 0.5080185185185185 0.028067708333333333 0.07710185185185185
10 0.5637604166666667 0.5532685185185185 0.16205729166666666 0.3342685185185185
16 0.5778072916666667 0.7148611111111111 0.21445833333333333 0.12042592592592592
18 0.5106041666666666 0.5061296296296296 0.05054166666666667 0.06405555555555556