9 0.49245625 0.47694444444444445 0.20958749999999998 0.1532
8 0.8166125 0.4788444444444444 0.06415 0.1292111111111111
1 0.5808875 0.4012111111111111 0.464575 0.1684
7 0.62499375 0.6618333333333333 0.4871625 0.27296666666666664
4 0.35991875 0.49722222222222223 0.1195125 0.40031111111111106
2 0.2533125 0.4022888888888889 0.09691875 0.5094333333333333
12 0.1893875 0.38714444444444446 0.094075 0.47915555555555556
15 0.11864375 0.34556666666666663 0.0338375 0.06266666666666666
6 0.14577500000000002 0.4775222222222222 0.04315625 0.25675555555555557
17 0.23150625000000002 0.6223444444444445 0.16893750000000002 0.15511111111111112
19 0.26595625 0.3247333333333333 0.09720625 0.10433333333333333
18 0.6536124999999999 0.32385555555555556 0.06626875 0.0859111111111111