8 0.27111111111111114 0.5164615384615384 0.17849747474747477 0.11974358974358976
1 0.2611363636363636 0.4327179487179487 0.36511363636363636 0.15051282051282053
3 0.4082449494949495 0.5584358974358974 0.21025252525252527 0.4156410256410256
7 0.21332070707070705 0.691102564102564 0.3187247474747475 0.28097435897435896
10 0.6007449494949495 0.448 0.21140151515151517 0.6426153846153846
11 0.7663005050505051 0.4343076923076923 0.18561868686868685 0.6152564102564102
13 0.9232954545454546 0.5123846153846154 0.060214646464646464 0.23123076923076924
14 0.9297474747474748 0.36956410256410255 0.042815656565656564 0.055
5 0.8751262626262627 0.40620512820512816 0.12212121212121212 0.39494871794871794
16 0.6607323232323232 0.7014615384615385 0.33361111111111114 0.20251282051282052
18 0.5730555555555555 0.3577948717948718 0.07521464646464647 0.12717948717948718