19 0.3597252747252747 0.5257938144329897 0.046126373626373625 0.06148453608247423
18 0.7041895604395604 0.5398556701030928 0.09402472527472527 0.08958762886597939
1 0.3966208791208791 0.6221237113402063 0.46563186813186813 0.17164948453608248
7 0.33376373626373623 0.8101030927835051 0.4498076923076923 0.2108659793814433
9 0.17385989010989011 0.6696082474226804 0.06817307692307693 0.06731958762886597
8 0.4288324175824176 0.6849896907216495 0.16601648351648352 0.07402061855670103
3 0.560673076923077 0.6949690721649484 0.21423076923076925 0.2737319587628866
10 0.7527335164835165 0.6121649484536082 0.18206043956043955 0.4358969072164948
16 0.7587774725274725 0.8038969072164949 0.2512774725274725 0.09531958762886597
5 0.881510989010989 0.6544329896907216 0.08696428571428572 0.22253608247422682
13 0.9537912087912088 0.6820206185567009 0.05065934065934066 0.12991752577319587