9 0.05911411411411411 0.6821411764705883 0.06041291291291291 0.08143529411764706
9 0.2576801801801802 0.6895411764705882 0.05463213213213213 0.08445882352941177
9 0.4893393393393393 0.6763529411764706 0.03496996996996997 0.050258823529411766
8 0.2228078078078078 0.6892705882352941 0.04245495495495495 0.05649411764705883
8 0.44418168168168165 0.6937294117647058 0.07978228228228228 0.0654
8 0.6648648648648648 0.6741294117647059 0.12075825825825826 0.06541176470588235
7 0.12828078078078078 0.7604470588235294 0.20875375375375377 0.1243294117647059
7 0.3600600600600601 0.778435294117647 0.28442192192192195 0.1524705882352941
7 0.6055330330330331 0.7707411764705883 0.2906981981981982 0.1492
3 0.760075075075075 0.6980588235294118 0.09924174174174175 0.2318235294117647
10 0.8426651651651652 0.6546588235294118 0.08596096096096097 0.2931529411764706
11 0.9091516516516517 0.6607411764705883 0.07886636636636636 0.2711764705882353
16 0.8695645645645645 0.8062588235294118 0.15728978978978977 0.0434
14 0.9658033033033033 0.6447294117647059 0.019421921921921922 0.04583529411764706
5 0.9461786786786787 0.6928117647058823 0.04274024024024024 0.2204235294117647
13 0.9717717717717719 0.7595999999999999 0.03119369369369369 0.11265882352941177
19 0.09284534534534535 0.5912705882352941 0.04528528528528528 0.05656470588235294
19 0.29976726726726727 0.5867294117647059 0.03870870870870871 0.051399999999999994
18 0.5747672672672673 0.5894941176470588 0.05067567567567568 0.053
18 0.8182057057057056 0.5959058823529412 0.062072072072072076 0.057988235294117646
1 0.16906906906906907 0.6391058823529412 0.2477777777777778 0.08557647058823528
1 0.39394894894894894 0.6386117647058824 0.2884459459459459 0.08798823529411766
1 0.6314714714714714 0.629964705882353 0.27886636636636636 0.07782352941176471