8 0.4002214285714285 0.4363197969543147 0.17506428571428573 0.11963197969543146
9 0.11392142857142858 0.4504441624365482 0.05604285714285714 0.1259771573604061
7 0.2886785714285714 0.6128426395939086 0.43633571428571427 0.34870558375634514
3 0.5313928571428572 0.5246192893401015 0.1854642857142857 0.43296954314720815
10 0.6618357142857143 0.3927030456852792 0.15187142857142857 0.5181218274111675
11 0.7819642857142857 0.3946192893401015 0.13059285714285715 0.5059644670050761
13 0.9225571428571429 0.5439213197969544 0.048114285714285714 0.2454441624365482
5 0.8681 0.4094796954314721 0.09652857142857142 0.25978426395939086
14 0.9072214285714285 0.3777791878172589 0.06049285714285714 0.13294416243654822
18 0.6362714285714286 0.32085025380710663 0.11859285714285714 0.114251269035533
1 0.3194642857142857 0.354733502538071 0.45997857142857146 0.08684010152284265
16 0.7111 0.6781091370558376 0.23888571428571428 0.11031725888324874