9 0.101279296875 0.734216691068814 0.054755859375 0.04945827232796486
9 0.48890625 0.7560322108345534 0.050947265625 0.05017569546120059
8 0.2466796875 0.7527672035139092 0.11119140625 0.08329428989751098
8 0.663466796875 0.7527818448023426 0.120107421875 0.06260614934114202
7 0.18 0.8333235724743777 0.242587890625 0.14680819912152268
7 0.590654296875 0.8314641288433382 0.27291015625 0.13023426061493412
3 0.32056640625 0.7591068814055637 0.062216796875 0.2131185944363104
3 0.72802734375 0.7697510980966326 0.0958203125 0.2048462664714495
1 0.20017578125 0.7015373352855051 0.22 0.08821376281112737
1 0.60091796875 0.7133235724743777 0.248046875 0.08017569546120058
10 0.3816796875 0.7156515373352855 0.068037109375 0.2503367496339678
10 0.80388671875 0.7122547584187409 0.069970703125 0.2612737920937042
11 0.44333984375 0.7202342606149341 0.059228515625 0.23881405563689606
11 0.8680078125 0.711800878477306 0.06009765625 0.24265007320644216
16 0.4017578125 0.8498389458272329 0.130546875 0.03991215226939971
16 0.8293359375 0.8414202049780382 0.14060546875 0.06149341142020498
14 0.48111328125 0.6899414348462665 0.031015625 0.05525622254758419
14 0.919306640625 0.6945241581259151 0.030654296875 0.05792093704245974
18 0.370673828125 0.6886090775988287 0.048857421875 0.055841874084919474
18 0.795546875 0.6777452415812592 0.043564453125 0.056881405563689605
13 0.92521484375 0.7861346998535871 0.02044921875 0.10374816983894583
5 0.902138671875 0.7611566617862372 0.04544921875 0.16020497803806735