18 0.6040215053763441 0.32969354838709675 0.10173118279569893 0.11964516129032259
1 0.2630752688172043 0.3853870967741935 0.47359139784946236 0.12966129032258064
8 0.2894623655913978 0.44529032258064516 0.19458064516129034 0.10196774193548387
7 0.20141935483870968 0.6195645161290323 0.39021505376344084 0.27249999999999996
3 0.4466989247311828 0.5066129032258065 0.20369892473118278 0.3514032258064516
10 0.6419354838709678 0.4149193548387097 0.20033333333333334 0.4610483870967742
11 0.8248817204301075 0.40549999999999997 0.17238709677419353 0.4338225806451613
16 0.6874731182795699 0.6306935483870967 0.34543010752688175 0.14559677419354838
14 0.9594301075268817 0.36153225806451617 0.04450537634408602 0.0727258064516129
13 0.9648817204301076 0.5171935483870969 0.050376344086021506 0.16746774193548386
5 0.9258494623655914 0.4014032258064516 0.07816129032258064 0.19393548387096773