14 0.5544375 0.4106666666666667 0.12901875000000002 0.15145555555555557
15 0.7141 0.4214 0.0597125 0.14008888888888887
11 0.40833125000000003 0.5077333333333333 0.10869374999999999 0.3484555555555556
10 0.3280375 0.5160666666666667 0.1059125 0.3317888888888889
0 0.63920625 0.47713333333333335 0.2052375 0.30114444444444444
7 0.61374375 0.6893333333333334 0.2945125 0.13665555555555556
5 0.47829374999999996 0.5205666666666666 0.1079875 0.22690000000000002
16 0.3419625 0.6831666666666667 0.14625625 0.09347777777777777
18 0.28865625 0.4841222222222222 0.04120625000000001 0.06511111111111112
3 0.2689125 0.6066444444444444 0.05796875 0.2212777777777778
7 0.23055625 0.5976444444444444 0.043756250000000003 0.1005
8 0.247425 0.5347999999999999 0.02280625 0.04703333333333333