18 0.5900208333333333 0.32994444444444443 0.09288541666666666 0.12825925925925927
1 0.306875 0.38533333333333336 0.38769791666666664 0.14644444444444443
9 0.13293750000000001 0.4689259259259259 0.053697916666666665 0.09140740740740741
8 0.3228958333333333 0.4706111111111111 0.16624999999999998 0.14412962962962964
7 0.24879166666666666 0.6478333333333333 0.3428645833333333 0.28874074074074074
3 0.4789791666666667 0.5063333333333334 0.17434375 0.4263888888888889
10 0.6365104166666666 0.3870925925925926 0.15459375 0.5018148148148148
11 0.7750833333333333 0.3722592592592593 0.14464583333333333 0.47229629629629627
16 0.6707604166666666 0.6238703703703703 0.27865625 0.18525925925925926
14 0.88809375 0.258 0.08075 0.15437037037037038
13 0.9116875 0.5433148148148148 0.08323958333333333 0.19192592592592592
5 0.8594479166666668 0.3690555555555555 0.09701041666666667 0.21264814814814814