18 0.391421875 0.5368194444444444 0.059796875000000006 0.07133333333333333
8 0.14009375 0.6501388888888889 0.10584374999999999 0.09343055555555554
1 0.212640625 0.58325 0.1839765625 0.08663888888888889
7 0.14161718750000002 0.7257638888888889 0.10888281250000001 0.16929166666666667
3 0.27214062499999997 0.6321805555555555 0.2049375 0.22752777777777777
10 0.4503125 0.6017083333333334 0.22440625 0.3648611111111111
11 0.63853125 0.5997361111111111 0.18684375 0.36451388888888886
16 0.5016171875000001 0.7620277777777777 0.3690703125 0.08955555555555555
13 0.8617109375 0.6966388888888889 0.13390625 0.20230555555555554
5 0.7593359375000001 0.6197222222222222 0.192546875 0.21341666666666667
14 0.8692187499999999 0.5672777777777778 0.08642187500000001 0.12216666666666666