19 0.7960056258790437 0.39057499999999995 0.05523206751054853 0.0902
15 0.34810126582278483 0.3958 0.17735583684950773 0.113125
14 0.13461322081575244 0.3937 0.0510267229254571 0.08395
13 0.28607594936708863 0.5829249999999999 0.38735583684950775 0.299875
5 0.45500703234880446 0.449175 0.19954992967651194 0.347975
0 0.24621659634317863 0.416975 0.279521800281294 0.242975
17 0.6854289732770745 0.688925 0.23886075949367092 0.104575
2 0.7073136427566807 0.44170000000000004 0.20135021097046413 0.5268
12 0.5765541490857947 0.45020000000000004 0.20609001406469762 0.5125500000000001
4 0.83112517580872 0.529725 0.1272292545710267 0.33409999999999995
7 0.8842475386779185 0.59405 0.036596343178621656 0.22210000000000002