18 0.6096125 0.426 0.08056250000000001 0.07314
1 0.3687875 0.46918 0.329675 0.13491999999999998
9 0.204875 0.53154 0.0403125 0.09964
8 0.40637500000000004 0.5465800000000001 0.15483750000000002 0.1143
7 0.32695 0.6837799999999999 0.3189125 0.21725999999999998
3 0.5168625 0.55434 0.1395625 0.30094
10 0.6416875000000001 0.4785 0.11297499999999999 0.37845999999999996
11 0.7400375 0.45474000000000003 0.089375 0.33092
16 0.6667875 0.6466799999999999 0.20573750000000002 0.1545
14 0.7978125 0.3449 0.0608125 0.12634
13 0.820375 0.55076 0.041937499999999996 0.12268000000000001
5 0.7908625 0.4413 0.0554875 0.13758