9 0.38995 0.636625 0.050508333333333336 0.082225
8 0.583375 0.6314375 0.12391666666666666 0.08123749999999999
7 0.49833333333333335 0.7405375 0.31104166666666666 0.18382500000000002
1 0.5290166666666667 0.59275 0.29323333333333335 0.08197499999999999
19 0.4668416666666667 0.545475 0.029299999999999996 0.037425
18 0.7319083333333333 0.5516375 0.06359999999999999 0.05915
10 0.7506166666666667 0.5911375 0.09059166666666667 0.303775
11 0.8193666666666667 0.59105 0.088575 0.31205
16 0.776 0.7448125 0.14969166666666667 0.098625
14 0.8735333333333334 0.5397875 0.032266666666666666 0.0573125
13 0.892475 0.6578375 0.028483333333333333 0.1590375
5 0.861225 0.5759875 0.04931666666666667 0.1297
3 0.6702583333333333 0.6620375 0.0972 0.263825