9 0.8031 0.47642 0.062262500000000005 0.0654
0 0.292925 0.45424000000000003 0.2076 0.16119999999999998
14 0.2084375 0.45952 0.055549999999999995 0.07221999999999999
15 0.35365 0.458 0.15045 0.09084
13 0.3171125 0.55526 0.29493749999999996 0.17632
12 0.5526875 0.45286000000000004 0.13335 0.29318
2 0.6775249999999999 0.46088 0.1098375 0.26789999999999997
17 0.6248375 0.60068 0.21877500000000003 0.08548
19 0.6991124999999999 0.40318 0.054787499999999996 0.09668
6 0.4593125 0.49976 0.1835125 0.26633999999999997
4 0.7611125 0.5189400000000001 0.1245875 0.24958000000000002
7 0.80965 0.5423 0.056075 0.14574