1 0.6445624999999999 0.5108333333333334 0.5024765625 0.19416666666666668
9 0.5284609375 0.5927916666666667 0.1713125 0.17290277777777777
8 0.8873749999999999 0.6031666666666666 0.044890625 0.11648611111111112
7 0.6727265625000001 0.7514722222222221 0.5310312500000001 0.3081527777777778
4 0.400796875 0.6155 0.15035937500000002 0.4127638888888889
2 0.285953125 0.4977916666666667 0.167875 0.6619027777777777
12 0.19335156250000002 0.4769583333333334 0.158625 0.6295000000000001
17 0.23981249999999998 0.7403333333333333 0.22075 0.2179722222222222
6 0.10200781249999999 0.4091666666666667 0.10867968750000001 0.2932916666666667
13 0.0684921875 0.5976805555555555 0.04478125 0.2042777777777778
15 0.0790546875 0.37805555555555553 0.022640625 0.06748611111111112
19 0.311328125 0.4235694444444445 0.0808046875 0.07519444444444444