18 0.374225 0.4449375 0.057725 0.07515
10 0.43391666666666673 0.5029875 0.24139166666666667 0.348375
11 0.663675 0.503275 0.21813333333333332 0.3367625
8 0.113175 0.5359 0.09276666666666666 0.07491249999999999
1 0.18243333333333334 0.491675 0.19728333333333334 0.0757625
3 0.23395000000000002 0.5570499999999999 0.23321666666666668 0.239925
7 0.101325 0.6400625 0.1143 0.161825
16 0.5044333333333334 0.6669375 0.4229 0.09185
13 0.902925 0.6014375 0.115125 0.177425
5 0.7833916666666667 0.5386375 0.20700833333333332 0.28745
14 0.8818250000000001 0.4627875 0.09672499999999999 0.1108375