1 0.31097395833333336 0.44354629629629627 0.3938697916666667 0.13674074074074075
8 0.32988541666666665 0.49892592592592594 0.20326562499999998 0.10552777777777778
7 0.2723697916666667 0.6456018518518518 0.350109375 0.2538240740740741
3 0.4845729166666667 0.557212962962963 0.21586979166666667 0.38122222222222224
10 0.6597447916666667 0.48716666666666664 0.19429166666666667 0.5542314814814815
11 0.800234375 0.4870833333333333 0.167984375 0.5571481481481482
16 0.7004791666666667 0.7237870370370371 0.3023645833333333 0.1385925925925926
5 0.8909479166666666 0.5105740740740741 0.11156770833333333 0.4004351851851852
14 0.9414895833333333 0.459574074074074 0.03209375 0.06078703703703704
13 0.9401875000000001 0.5825925925925927 0.04858854166666667 0.19879629629629628
18 0.6354322916666667 0.3861944444444444 0.073140625 0.1115462962962963