1 0.6422583333333334 0.32254444444444447 0.3609833333333333 0.08600000000000001
9 0.608675 0.38135555555555556 0.15280833333333332 0.06712222222222222
8 0.8282666666666666 0.3534 0.039608333333333336 0.07787777777777778
4 0.4904833333333334 0.40268888888888893 0.11402500000000002 0.1796333333333333
7 0.6950666666666667 0.49395555555555554 0.377975 0.22564444444444445
2 0.384975 0.3690888888888889 0.12794166666666668 0.4076666666666666
12 0.29581666666666667 0.36864444444444444 0.10625833333333334 0.42265555555555556
17 0.3515833333333333 0.5327555555555555 0.18861666666666668 0.10007777777777777
19 0.413025 0.32774444444444445 0.0996 0.06147777777777778
6 0.23020000000000002 0.3703222222222222 0.06605833333333333 0.21332222222222222
13 0.21089166666666667 0.4698 0.03818333333333333 0.0821
15 0.21472500000000003 0.3408777777777778 0.016050000000000002 0.04648888888888889