8 0.3939357142857143 0.49337563451776645 0.18019285714285715 0.08539340101522844
9 0.12035714285714286 0.4934644670050762 0.04945 0.08239847715736041
1 0.32824285714285717 0.41838832487309646 0.44728571428571434 0.12258883248730963
19 0.27294285714285715 0.3439213197969543 0.03823571428571429 0.0656725888324873
7 0.2910214285714286 0.6031725888324874 0.4336357142857143 0.3113197969543147
3 0.5340357142857143 0.5462436548223351 0.14287142857142857 0.3687817258883249
10 0.6659928571428572 0.44049492385786804 0.15678571428571428 0.5633629441624366
11 0.77235 0.4418147208121827 0.15521428571428572 0.5691878172588832
16 0.7039285714285715 0.6939467005076143 0.23659285714285716 0.10439086294416244
18 0.6442642857142857 0.35573604060913705 0.08117857142857143 0.09563451776649746
5 0.8565285714285715 0.4522208121827411 0.09322142857142857 0.2663959390862944
13 0.9127857142857143 0.5905710659898478 0.03786428571428571 0.1306725888324873
8 0.9004785714285715 0.41380710659898473 0.02755 0.07535532994923858