8 0.34514 0.43168 0.19468000000000002 0.07242666666666667
1 0.30163999999999996 0.38 0.41948 0.04752
7 0.24359999999999998 0.57736 0.43516000000000005 0.26341333333333333
3 0.50314 0.4809866666666667 0.15662 0.22751999999999997
16 0.71834 0.6986666666666667 0.29522000000000004 0.10445333333333334
10 0.66826 0.4804533333333333 0.17782 0.5157866666666666
11 0.8197000000000001 0.48602666666666666 0.18031999999999998 0.5325066666666667
18 0.6213200000000001 0.4020533333333334 0.09179999999999999 0.07592
5 0.9208200000000001 0.44290666666666667 0.11198000000000001 0.31762666666666667
14 0.97174 0.48048 0.037340000000000005 0.06962666666666667
13 0.9699800000000001 0.6198133333333333 0.03444 0.21477333333333334