1 0.47693681318681314 0.5879800498753117 0.28600274725274727 0.0814713216957606
8 0.5067582417582418 0.6365586034912718 0.09072802197802197 0.050798004987531176
9 0.34773351648351647 0.6339401496259351 0.05483516483516484 0.03937655860349127
7 0.44347527472527476 0.7127431421446384 0.26175824175824175 0.1283790523690773
10 0.6595054945054946 0.5865835411471322 0.0876923076923077 0.3280548628428928
11 0.7167445054945054 0.5934164588528679 0.09228021978021979 0.3448379052369077
16 0.6858653846153846 0.7153366583541148 0.13600274725274725 0.08992518703241896
18 0.6498626373626374 0.5498004987531172 0.05177197802197802 0.058079800498753116
3 0.6003983516483516 0.6564588528678305 0.06392857142857143 0.19660847880299254
5 0.7669642857142858 0.5638154613466334 0.07425824175824176 0.17965087281795514
13 0.792239010989011 0.6757605985037407 0.038969780219780224 0.11366583541147132