9 0.16294791666666666 0.6142962962962963 0.04234375 0.09849999999999999
8 0.3877239583333333 0.60975 0.1648125 0.10422222222222223
1 0.3411822916666667 0.55775 0.36964583333333334 0.10392592592592592
7 0.29894270833333336 0.7357037037037036 0.35183854166666667 0.21906481481481482
3 0.5152291666666666 0.6536666666666667 0.12808854166666667 0.3301574074074074
10 0.65946875 0.5793148148148148 0.16871354166666666 0.4174351851851852
18 0.6090364583333333 0.49632407407407403 0.07827083333333333 0.09219444444444444
19 0.32048437500000004 0.49911111111111106 0.030328124999999997 0.04961111111111111
16 0.6684166666666667 0.777537037037037 0.23036458333333334 0.09164814814814815
14 0.8609895833333333 0.5637314814814816 0.038421875 0.07514814814814814
13 0.865390625 0.6770462962962963 0.04097916666666667 0.20178703703703704
5 0.8190364583333333 0.634962962962963 0.09202083333333334 0.302787037037037