15 0.22616875 0.41608333333333336 0.064575 0.2684166666666667
0 0.12474375 0.4562833333333333 0.22423125 0.3454833333333333
13 0.18685625000000003 0.6713833333333333 0.34094375 0.1756916666666667
6 0.32878124999999997 0.5355916666666667 0.19519999999999998 0.18256666666666668
2 0.71585 0.5519166666666666 0.2239375 0.393425
12 0.5066375 0.5329083333333333 0.2105125 0.4254
19 0.7861374999999999 0.48533333333333334 0.07200625 0.09358333333333334
17 0.6538625 0.7665166666666667 0.37746250000000003 0.07929166666666668
4 0.88898125 0.6322166666666666 0.1527 0.254025
7 0.96909375 0.7100166666666666 0.03793125 0.11962500000000001
9 0.9603437499999999 0.6025666666666667 0.03043125 0.06805