9 0.7249696356275304 0.50365 0.17108299595141702 0.135975
1 0.747004048582996 0.40075000000000005 0.3669736842105263 0.20105
7 0.8120951417004049 0.699225 0.31327935222672065 0.25215
4 0.606508097165992 0.567625 0.21755060728744938 0.593125
2 0.4128744939271255 0.43615000000000004 0.2148987854251012 0.796825
12 0.23965587044534414 0.41625 0.19602226720647772 0.72925
19 0.47453441295546556 0.3613 0.07507085020242915 0.14295
17 0.35753036437246966 0.778525 0.34657894736842104 0.134325
6 0.12408906882591092 0.342075 0.14337044534412957 0.42950000000000005
13 0.05699392712550608 0.5902000000000001 0.059817813765182186 0.325775
18 0.9307388663967612 0.5071249999999999 0.0325 0.117925