7 0.88884765625 0.635070821529745 0.040285156249999995 0.16575779036827196
4 0.8354062499999999 0.5155099150141643 0.06897265625 0.3812747875354108
15 0.3865859375 0.27480169971671387 0.19476953125000002 0.23739376770538242
14 0.15858984375000001 0.288314447592068 0.08253125 0.23609773371104817
0 0.2564765625 0.37019121813031164 0.30502734375 0.506671388101983
13 0.30205078125 0.6925779036827195 0.42221484374999996 0.22072237960339944
6 0.465 0.4553186968838527 0.2296015625 0.35954674220963173
2 0.7302304687500001 0.4069050991501416 0.177515625 0.4921600566572238
12 0.62647265625 0.40422096317280454 0.17194140625 0.5103966005665722
17 0.7151875000000001 0.6662889518413597 0.22094140625 0.15526912181303118
19 0.79521484375 0.3539872521246459 0.06411718749999999 0.12191926345609065