1 0.6341614583333333 0.4880370370370371 0.29784375 0.10536111111111111
9 0.6198541666666666 0.5741111111111111 0.14750520833333333 0.06762962962962964
7 0.677734375 0.6483518518518518 0.29104166666666664 0.22912037037037036
4 0.5055052083333333 0.613361111111111 0.146234375 0.31280555555555556
6 0.19953125000000002 0.5578981481481481 0.07220312499999999 0.2234814814814815
17 0.356046875 0.7363888888888889 0.2275208333333333 0.1298425925925926
19 0.4113072916666667 0.47946296296296304 0.0706875 0.07587037037037037
2 0.38305208333333335 0.554037037037037 0.142640625 0.4534074074074074
12 0.26767708333333334 0.5478611111111111 0.11588541666666667 0.44106481481481485
13 0.17247916666666668 0.6479166666666667 0.03746875 0.15043518518518517
15 0.16880729166666666 0.5429907407407407 0.018479166666666665 0.06403703703703703