18 0.595078125 0.3649027777777778 0.10010156249999999 0.09741666666666667
1 0.336859375 0.41994444444444445 0.3590625 0.1450138888888889
9 0.1567109375 0.4892222222222222 0.033921875000000004 0.08218055555555556
8 0.3679296875 0.49970833333333337 0.1672890625 0.12744444444444444
7 0.2817265625 0.6565833333333333 0.3503515625 0.27105555555555555
3 0.49572656249999997 0.5251944444444444 0.16110156250000002 0.38405555555555554
10 0.63653125 0.4207638888888889 0.137296875 0.4432916666666667
11 0.7545234375 0.41437500000000005 0.11225 0.41475
16 0.6619765625 0.6426388888888889 0.23976562499999998 0.16331944444444446
14 0.8304843749999999 0.28994444444444445 0.0572421875 0.15584722222222222
13 0.8522734375000001 0.48155555555555557 0.037843749999999995 0.2526111111111111
5 0.8130390625 0.3935138888888889 0.0672734375 0.17895833333333333