19 0.1622125 0.25167391304347825 0.0630375 0.11582608695652175
10 0.227375 0.34554347826086956 0.21557500000000002 0.5644130434782608
11 0.3822375 0.37132608695652175 0.20526250000000001 0.6062173913043478
0 0.7873125000000001 0.4310217391304348 0.338225 0.5953043478260869
13 0.7327625000000001 0.7067826086956522 0.4852 0.3158913043478261
5 0.5112875 0.4542391304347826 0.2084 0.34702173913043477
16 0.2436625 0.6451086956521739 0.25370000000000004 0.2505217391304348
3 0.11405 0.40199999999999997 0.08613749999999999 0.27156521739130435
7 0.054575 0.4068478260869565 0.056075 0.16532608695652173
14 0.6052875 0.34358695652173915 0.09362500000000001 0.40593478260869564
15 0.8964 0.3049782608695652 0.10741250000000001 0.24178260869565218