1 0.2870204081632653 0.5317755102040816 0.4539319727891156 0.12130612244897959
8 0.39953741496598644 0.6069591836734695 0.17655782312925172 0.077
9 0.0884625850340136 0.5980612244897959 0.06785034013605441 0.07804081632653062
7 0.2669931972789116 0.7108163265306122 0.47933333333333333 0.21248979591836736
3 0.4968979591836735 0.6301428571428571 0.23165986394557825 0.34314285714285714
10 0.6707619047619048 0.5380408163265306 0.198421768707483 0.5608367346938775
11 0.7933877551020408 0.5276734693877551 0.18205442176870748 0.562061224489796
18 0.64 0.4666326530612245 0.08876190476190475 0.10089795918367346
16 0.7202176870748299 0.7525102040816327 0.2857006802721089 0.1346938775510204
5 0.9031700680272109 0.5581020408163266 0.12997278911564625 0.4063061224489796
13 0.9560272108843537 0.6869183673469387 0.044734693877551024 0.12075510204081633