8 0.3809166666666667 0.4762962962962963 0.188015625 0.10964814814814815
9 0.09270312500000001 0.4637777777777778 0.027234374999999998 0.06610185185185186
7 0.279515625 0.5939074074074073 0.44078124999999996 0.28314814814814815
1 0.330453125 0.3795 0.5007447916666666 0.14137962962962963
3 0.5195260416666667 0.4023055555555556 0.17815625 0.2548796296296296
18 0.656796875 0.306462962962963 0.07207812499999999 0.08172222222222222
10 0.6667708333333333 0.39646296296296296 0.170125 0.4777777777777778
16 0.7086770833333333 0.6293981481481481 0.247765625 0.18747222222222223
11 0.77525 0.39843518518518517 0.14232291666666666 0.4848055555555556
5 0.8613385416666667 0.39947222222222223 0.10442708333333334 0.277
13 0.8951927083333333 0.5076666666666666 0.03671875 0.15387962962962962
19 0.2960364583333333 0.3086111111111111 0.038328125000000005 0.05823148148148148