1 0.5824 0.804625 0.273825 0.062025
8 0.62405 0.8411624999999999 0.117875 0.044487500000000006
9 0.4480875 0.8380375 0.039575 0.050737500000000005
7 0.5521875 0.8961125 0.2759 0.1012375
10 0.8015000000000001 0.8080875000000001 0.1245375 0.24395
11 0.8812875 0.807225 0.112225 0.2484625
18 0.7751125000000001 0.7885625 0.07175 0.058025
16 0.8326625 0.91 0.160025 0.079025
3 0.713125 0.8539249999999999 0.1040375 0.16061250000000002
5 0.9478749999999999 0.8126000000000001 0.07351250000000001 0.16548749999999998
14 0.9685250000000001 0.7856125 0.021087500000000002 0.033375
13 0.9713124999999999 0.8560125 0.026637499999999998 0.0647875