9 0.17262903225806453 0.5295905172413793 0.08153225806451612 0.09967672413793104
8 0.4971774193548387 0.5375862068965517 0.18761290322580645 0.1163146551724138
7 0.35017741935483876 0.7016594827586207 0.5011612903225807 0.23189655172413792
1 0.402 0.4706681034482758 0.47574193548387095 0.09676724137931034
3 0.6336612903225807 0.5829525862068966 0.14156451612903226 0.34316810344827586
10 0.7485967741935484 0.48497844827586206 0.08561290322580645 0.3911853448275862
11 0.8154193548387096 0.4844612068965517 0.11404838709677419 0.3713146551724138
16 0.7703387096774194 0.6864224137931034 0.17896774193548387 0.12534482758620688
14 0.8781129032258064 0.43411637931034486 0.04896774193548387 0.05241379310344828
5 0.8641290322580645 0.47181034482758616 0.050064516129032254 0.12060344827586207
13 0.9013870967741936 0.6107758620689655 0.03906451612903226 0.17224137931034483
13 0.7187096774193549 0.430926724137931 0.07693548387096774 0.07836206896551724