18 0.530010989010989 0.3454497354497355 0.07420879120879122 0.09214285714285714
16 0.6366043956043955 0.7176984126984127 0.31783516483516483 0.23023809523809524
3 0.41672527472527476 0.5454232804232804 0.17867032967032967 0.488015873015873
7 0.22627472527472528 0.6837830687830688 0.3118021978021978 0.30894179894179896
1 0.267978021978022 0.42571428571428566 0.35012087912087914 0.1956878306878307
8 0.27916483516483515 0.5478042328042327 0.16206593406593406 0.14685185185185184
10 0.5862197802197803 0.4324867724867725 0.20052747252747252 0.6487830687830688
11 0.7452637362637363 0.4128042328042328 0.1817912087912088 0.6338624338624338
5 0.854879120879121 0.38637566137566143 0.12038461538461538 0.3612169312169312
14 0.9023516483516484 0.3568783068783069 0.03443956043956044 0.09462962962962963
13 0.9031978021978022 0.5421428571428571 0.06882417582417583 0.28476190476190477