5 0.822875 0.6497833333333334 0.11844270833333333 0.21085
13 0.8677604166666666 0.7392333333333334 0.06655208333333333 0.14016666666666666
16 0.6377343750000001 0.7800583333333334 0.28983854166666667 0.113025
18 0.5553906249999999 0.5870249999999999 0.060557291666666666 0.0903
10 0.5947864583333333 0.6184833333333333 0.15602083333333333 0.33321666666666666
11 0.7355052083333333 0.6177 0.12920833333333334 0.3283583333333333
14 0.888546875 0.6141333333333333 0.026875 0.084525
1 0.30533333333333335 0.6295833333333334 0.291703125 0.10208333333333333
8 0.34647916666666667 0.6764 0.12418229166666667 0.075075
9 0.162140625 0.6757083333333334 0.034484375 0.06433333333333334
7 0.27503124999999995 0.7733083333333334 0.29359375000000004 0.16286666666666666
3 0.4126666666666667 0.6682666666666667 0.216546875 0.22055833333333336