8 0.43608516483516485 0.5490721649484537 0.16778846153846155 0.09224742268041237
9 0.15876373626373627 0.541319587628866 0.03774725274725275 0.07674226804123711
16 0.7189285714285715 0.7297731958762886 0.2205769230769231 0.15653608247422682
18 0.63 0.4443092783505155 0.09907967032967033 0.07622680412371134
10 0.657293956043956 0.530639175257732 0.16494505494505493 0.515340206185567
11 0.7681456043956044 0.5161855670103093 0.15820054945054945 0.4991340206185567
5 0.839945054945055 0.5141855670103093 0.09351648351648352 0.2381443298969072
3 0.5559615384615385 0.5804329896907217 0.13513736263736262 0.3199175257731959
7 0.31288461538461537 0.6843917525773197 0.4374587912087912 0.26138144329896906
1 0.3583791208791208 0.49868041237113403 0.3953021978021978 0.10564948453608247
19 0.2751098901098901 0.43136082474226806 0.037486263736263736 0.05983505154639175