9 0.4917919921875 0.695996336996337 0.0288671875 0.03645054945054945
8 0.59691650390625 0.6897948717948719 0.0572314453125 0.040531135531135534
1 0.56171142578125 0.6687802197802197 0.15649658203125 0.04429304029304029
19 0.523974609375 0.6414908424908425 0.019990234375 0.019014652014652012
18 0.6684423828125 0.6416520146520147 0.0318212890625 0.03032967032967033
7 0.55008544921875 0.7376373626373627 0.1686474609375 0.08127472527472528
9 0.48985107421875 0.6933296703296703 0.02498291015625 0.038446886446886444
10 0.67371337890625 0.6631025641025641 0.04236572265625 0.15381318681318681
11 0.70622802734375 0.6617399267399268 0.04153076171875 0.1346263736263736
16 0.68908447265625 0.7407655677655678 0.06822509765625 0.04174358974358974
13 0.74124267578125 0.7014029304029303 0.01385009765625 0.04726373626373626
5 0.7270361328125 0.6806263736263736 0.024501953125 0.10417948717948719
3 0.63858642578125 0.6958168498168498 0.0449755859375 0.1195860805860806