1 0.33079646017699116 0.4865 0.3018879056047198 0.1173157894736842
9 0.17910029498525074 0.5514473684210527 0.03536873156342183 0.053131578947368426
8 0.3432448377581121 0.5581578947368421 0.14793510324483775 0.09947368421052631
7 0.2899852507374632 0.6763684210526315 0.3013864306784661 0.19773684210526316
3 0.45859882005899705 0.5728947368421052 0.14311209439528025 0.2855526315789474
10 0.5953687315634218 0.5111578947368421 0.13505899705014748 0.39821052631578946
11 0.7157522123893805 0.5038421052631579 0.10427728613569322 0.377578947368421
14 0.8063569321533924 0.47028947368421053 0.038023598820059 0.07502631578947369
13 0.8129351032448376 0.5916315789473684 0.03827433628318584 0.17297368421052634
5 0.7768879056047198 0.5564473684210526 0.07682890855457228 0.25265789473684214
16 0.6293952802359882 0.7026315789473684 0.22933628318584073 0.08544736842105263
18 0.5584955752212389 0.4428684210526316 0.06775811209439528 0.08207894736842106