8 0.14292968749999999 0.5085972222222223 0.0981328125 0.08812500000000001
1 0.18884375 0.4511666666666666 0.17879687500000002 0.08041666666666666
7 0.147796875 0.6262916666666667 0.106421875 0.17250000000000001
3 0.2387578125 0.5564444444444444 0.176734375 0.2923611111111111
10 0.4213046875 0.4757222222222222 0.215140625 0.39540277777777777
11 0.6343203125 0.4746944444444444 0.20480468749999997 0.38840277777777776
16 0.489953125 0.6790833333333334 0.36805468750000003 0.06798611111111111
3 0.7518671875 0.5245 0.1862265625 0.34019444444444447
14 0.843703125 0.45206944444444447 0.0867265625 0.08222222222222222
13 0.8311640625000001 0.58375 0.12361718749999999 0.20997222222222223
18 0.3703125 0.41673611111111114 0.057359375000000004 0.09883333333333333