9 0.21109375 0.5886707746478873 0.32020312500000003 0.07231514084507043
8 0.676484375 0.5590228873239437 0.07129687500000001 0.0636355633802817
7 0.42629687499999996 0.691205985915493 0.813140625 0.1431338028169014
1 0.33799999999999997 0.5291549295774648 0.675984375 0.1105369718309859
18 0.34878125 0.44768485915492956 0.083875 0.03242077464788732
2 0.773875 0.447306338028169 0.26360937500000003 0.20110915492957748
12 0.536296875 0.432262323943662 0.21315625 0.17322183098591548
15 0.356421875 0.4136355633802817 0.07570312500000001 0.05454225352112676
17 0.802359375 0.5460475352112676 0.294125 0.05035211267605634
6 0.41243749999999996 0.4323767605633803 0.10571875 0.08102992957746478
19 0.828296875 0.4234859154929577 0.14056249999999998 0.036839788732394366