9 0.17506875 0.471 0.054087500000000004 0.1193111111111111
8 0.4978125 0.4730111111111111 0.19654375000000002 0.14555555555555555
7 0.36821875 0.6379888888888889 0.46330625 0.28663333333333335
1 0.4089875 0.40467777777777775 0.45942500000000003 0.16445555555555555
3 0.630575 0.4342 0.11823125 0.22094444444444444
10 0.73526875 0.41103333333333336 0.09843125000000001 0.5043222222222222
11 0.800375 0.4020111111111111 0.10363125000000001 0.47619999999999996
16 0.76576875 0.6133666666666666 0.1417375 0.13737777777777777
18 0.72125625 0.32618888888888886 0.09438125 0.09265555555555556
18 0.43663125 0.25033333333333335 0.0352875 0.12572222222222224
19 0.334875 0.31356666666666666 0.050787500000000006 0.06742222222222222
14 0.86875625 0.3538777777777778 0.024787499999999997 0.07765555555555556
5 0.8461687499999999 0.43133333333333335 0.049124999999999995 0.30293333333333333