1 0.6669833333333334 0.620775 0.38998333333333335 0.113075
9 0.62605 0.6734749999999999 0.14771666666666666 0.09657500000000001
7 0.70785 0.78535 0.35086666666666666 0.242225
4 0.49398333333333333 0.721125 0.15441666666666667 0.27625
19 0.4037 0.577975 0.0905 0.093125
2 0.3662 0.654975 0.1655 0.45020000000000004
12 0.2543166666666667 0.664075 0.14784999999999998 0.44032499999999997
17 0.32095 0.84125 0.23748333333333335 0.116525
6 0.17705 0.639775 0.08778333333333334 0.241725
13 0.1375333333333333 0.776575 0.03941666666666666 0.11532500000000001
15 0.14233333333333334 0.6502 0.0239 0.06255