9 0.19012500000000002 0.5161018518518519 0.06753645833333333 0.11321296296296296
8 0.4568541666666667 0.4805833333333333 0.15723958333333332 0.12367592592592593
7 0.346390625 0.6501851851851852 0.42172916666666665 0.3093518518518519
1 0.3756510416666667 0.4258240740740741 0.4010885416666667 0.139
3 0.5713906249999999 0.5381574074074075 0.12865104166666666 0.4019351851851852
10 0.678921875 0.4315555555555555 0.11832291666666667 0.47808333333333336
11 0.7680833333333333 0.42877777777777776 0.12238541666666666 0.47252777777777777
16 0.7166666666666667 0.6734444444444445 0.20394791666666665 0.1316111111111111
14 0.8318697916666667 0.3187129629629629 0.07961979166666668 0.17825
13 0.8725885416666667 0.5349907407407407 0.04363541666666667 0.31766666666666665
5 0.8287447916666667 0.4238611111111111 0.072609375 0.21021296296296296
18 0.6457812500000001 0.36498148148148146 0.09759374999999999 0.0924537037037037
19 0.27403125 0.3915740740740741 0.04367708333333333 0.04936111111111111