14 0.7086718750000001 0.4336036036036036 0.191640625 0.12682432432432433
13 0.7923281249999999 0.6076914414414414 0.4013671875 0.30768018018018023
0 0.8114453125000001 0.432972972972973 0.37710937499999997 0.40547297297297297
15 0.9465312499999999 0.4337837837837838 0.0512890625 0.12074324324324325
16 0.3135234375 0.6969707207207206 0.33971874999999996 0.1548536036036036
11 0.4492890625 0.4900675675675676 0.242078125 0.5486373873873874
10 0.2674765625 0.4998986486486487 0.2445234375 0.49752252252252255
7 0.0290390625 0.6401351351351352 0.0426171875 0.20847972972972972
8 0.0466484375 0.5281531531531531 0.0520390625 0.07783783783783785
18 0.1843125 0.420472972972973 0.053500000000000006 0.08445945945945946
3 0.092171875 0.5421846846846846 0.13077343749999998 0.1298536036036036
5 0.57125 0.5118018018018018 0.1608671875 0.15630630630630632