18 0.18485625 0.48056666666666664 0.04945625 0.060725
8 0.050875000000000004 0.5519833333333334 0.0514875 0.06021666666666667
7 0.03876875 0.63585 0.04021875 0.12871666666666667
3 0.11590624999999999 0.5903499999999999 0.10585000000000001 0.21637499999999998
1 0.12113125 0.49409166666666665 0.08288125 0.04165833333333333
10 0.26144375 0.5447333333333333 0.1801 0.36238333333333334
11 0.45020000000000004 0.5475166666666667 0.23485625 0.38204166666666667
16 0.31123125 0.7253166666666666 0.3522 0.11021666666666666
5 0.58965 0.5696166666666667 0.2840375 0.31117500000000003
14 0.76363125 0.53615 0.177 0.09188333333333333
15 0.9439812499999999 0.5331166666666667 0.052693750000000004 0.085825
13 0.7908562499999999 0.6803916666666667 0.38394375 0.19704166666666667
0 0.8282375000000001 0.5381 0.26371875 0.17579166666666665