9 0.11299999999999999 0.6147010550996483 0.038265625 0.08344665885111373
8 0.344953125 0.6177373974208674 0.14056249999999998 0.08953106682297773
7 0.24095312500000002 0.7384056271981243 0.33435156250000003 0.21028135990621338
3 0.44088281250000005 0.6719929660023447 0.1162421875 0.27760844079718644
1 0.2814375 0.5749003516998827 0.3305 0.08089097303634232
19 0.233796875 0.5289449003516998 0.05440625 0.06935521688159436
18 0.51328125 0.5350293083235639 0.0798984375 0.0815240328253224
10 0.537984375 0.5992731535756155 0.11368750000000001 0.3607502930832357
11 0.6254453125 0.6016060961313012 0.0997890625 0.33463071512309495
16 0.5637109375 0.7799882766705745 0.171828125 0.07236811254396248
14 0.6881015625 0.5755099648300117 0.0366875 0.05532239155920281
13 0.7096640625 0.6958616647127784 0.042960937500000004 0.142778429073857
5 0.67896875 0.5998241500586167 0.0407421875 0.12718640093786635