18 0.68257 0.37765 0.11810999999999999 0.08488
1 0.32142000000000004 0.43133 0.48583 0.12891
9 0.07723999999999999 0.48572000000000004 0.04079 0.07768000000000001
8 0.35157 0.50518 0.25279 0.09326999999999999
7 0.2621 0.62186 0.47719 0.18996000000000002
3 0.54498 0.50312 0.20373 0.28417000000000003
5 0.9040900000000001 0.46794 0.08551 0.20775
10 0.7156699999999999 0.43387 0.161 0.35398
11 0.8437 0.42195 0.11628 0.30651999999999996
16 0.75113 0.59446 0.25676 0.1085
14 0.9422 0.39022 0.047380000000000005 0.0567
13 0.9506 0.4834 0.03914 0.12361
19 0.27626 0.36289 0.04884 0.038689999999999995