14 0.57335339638865 0.365044814340589 0.11105760963026655 0.2623943661971831
15 0.9244883920894239 0.3470934699103713 0.10970765262252795 0.2328809218950064
13 0.7338263112639726 0.7388348271446863 0.5323387790197764 0.2801280409731114
0 0.7913929492691315 0.4507554417413573 0.4045657781599312 0.4978233034571063
16 0.2766122098022356 0.8373495518565941 0.255262252794497 0.18266325224071703
11 0.3709888220120378 0.52898847631242 0.20002579535683576 0.6542893725992317
10 0.2487876182287188 0.5697951344430218 0.22445399828030957 0.7007042253521126
18 0.16286328460877042 0.4881946222791293 0.06789337919174548 0.07015364916773367
3 0.10481513327601032 0.6426248399487836 0.10659501289767842 0.32459667093469907
7 0.05484092863284609 0.7549295774647887 0.04104041272570937 0.19387964148527528
5 0.4966122098022355 0.4567093469910371 0.18500429922613928 0.4745198463508323