9 0.08992499999999999 0.4814333333333334 0.07123750000000001 0.12535
8 0.35938749999999997 0.5845833333333333 0.22681249999999997 0.12426666666666666
7 0.26184999999999997 0.7546833333333334 0.4623 0.34258333333333335
1 0.2980875 0.44554999999999995 0.4403375 0.29805000000000004
18 0.6717125 0.38265 0.0820125 0.12778333333333333
10 0.702075 0.4169833333333333 0.16774999999999998 0.5705333333333333
11 0.84375 0.3731666666666667 0.115575 0.46895000000000003
14 0.9494374999999999 0.3277 0.029137499999999997 0.06606666666666666
13 0.9381375 0.48 0.059312500000000004 0.14841666666666667
5 0.9065000000000001 0.40936666666666666 0.09983750000000001 0.29975
16 0.72595 0.6637666666666666 0.2766 0.25861666666666666
3 0.53375 0.5637333333333333 0.18 0.43965000000000004