18 0.6827222222222222 0.3954861111111111 0.09042592592592592 0.10058333333333333
9 0.14432407407407408 0.5306388888888889 0.0784537037037037 0.11626388888888887
8 0.4412037037037037 0.5416944444444444 0.2030648148148148 0.11520833333333334
1 0.3736481481481482 0.4626944444444444 0.44760185185185186 0.14702777777777779
7 0.32911111111111113 0.6841805555555556 0.46653703703703703 0.23816666666666667
3 0.5781203703703703 0.549875 0.1465462962962963 0.3637916666666667
10 0.7182777777777778 0.4818472222222222 0.13783333333333334 0.46744444444444444
11 0.8335370370370371 0.4786805555555555 0.10176851851851852 0.4274722222222222
16 0.7449444444444444 0.6867361111111111 0.255 0.1321388888888889
14 0.9214351851851852 0.436625 0.03390740740740741 0.08562499999999999
13 0.9290833333333333 0.582875 0.04031481481481482 0.17743055555555556
5 0.8916944444444445 0.539875 0.0793611111111111 0.3143472222222222