8 0.11714611872146119 0.6517570093457944 0.079337899543379 0.08689719626168224
1 0.17176940639269406 0.5888598130841122 0.17349315068493149 0.10678504672897196
7 0.11569634703196346 0.7490467289719627 0.10091324200913243 0.19814953271028038
3 0.21535388127853883 0.6612336448598131 0.1921689497716895 0.2854392523364486
10 0.4195205479452055 0.594392523364486 0.24197488584474885 0.4049158878504673
11 0.6455251141552512 0.5974018691588785 0.22223744292237443 0.39857943925233646
16 0.48977168949771693 0.7846915887850467 0.4251598173515982 0.09742056074766355
14 0.8859817351598174 0.5421121495327103 0.07809360730593606 0.09482242990654205
13 0.8834817351598173 0.6909345794392523 0.12083333333333332 0.2293644859813084
5 0.7838470319634703 0.6234018691588785 0.21630136986301368 0.2591588785046729
18 0.3254109589041096 0.5434953271028037 0.06323059360730594 0.07042990654205608