9 0.3443333333333333 0.613125 0.22531666666666667 0.15335000000000001
8 0.6499 0.6006750000000001 0.05245 0.099325
1 0.43356666666666666 0.5191 0.4408166666666667 0.159725
7 0.44761666666666666 0.762275 0.48295 0.33167499999999994
12 0.1194 0.474275 0.042133333333333335 0.32005
2 0.16561666666666666 0.518075 0.046933333333333334 0.40345
19 0.13835 0.432025 0.09853333333333333 0.09667500000000001
18 0.51925 0.438075 0.06405 0.064375
15 0.09768333333333333 0.46547499999999997 0.06536666666666667 0.08025
17 0.13515 0.6851999999999999 0.08471666666666666 0.1808
4 0.20981666666666668 0.590625 0.09701666666666667 0.3851