7 0.7485625 0.7293433395872421 0.425625 0.27163227016885555
1 0.7048875 0.49123827392120073 0.4595125 0.1602251407129456
4 0.49505000000000005 0.6063414634146341 0.172325 0.39378986866791743
12 0.20763750000000003 0.44138836772983114 0.12793749999999998 0.44225140712945593
2 0.34832500000000005 0.46118198874296434 0.1661125 0.48523452157598496
17 0.30065000000000003 0.7099624765478425 0.2639625 0.19881801125703563
15 0.1061625 0.3620075046904315 0.0545625 0.07440900562851782
9 0.636875 0.5690806754221388 0.190975 0.11705440900562852
8 0.900175 0.5565478424015009 0.0575875 0.08075046904315197
18 0.7421500000000001 0.3892120075046904 0.044050000000000006 0.0575046904315197
19 0.36975 0.4206754221388368 0.10925000000000001 0.08664165103189493
6 0.1351375 0.43752345215759847 0.08752499999999999 0.20290806754221388
13 0.085075 0.5238836772983115 0.0351 0.2697748592870544