9 0.51934375 0.6210833333333333 0.147875 0.14924074074074076
8 0.7560468749999999 0.683324074074074 0.052333333333333336 0.10704629629629629
1 0.587453125 0.5579907407407407 0.3604791666666667 0.19587962962962965
7 0.6086302083333333 0.7430740740740741 0.390671875 0.2975277777777778
19 0.35329166666666667 0.4369444444444444 0.07096875 0.0895925925925926
2 0.34225 0.5163981481481482 0.12701041666666668 0.44912962962962966
12 0.2810833333333333 0.4898240740740741 0.127265625 0.41450000000000004
4 0.394765625 0.5645 0.10531770833333334 0.29532407407407407
18 0.6761822916666667 0.5075000000000001 0.0379375 0.060953703703703704
6 0.22007291666666667 0.47791666666666666 0.080875 0.25178703703703703
17 0.28847395833333334 0.6812685185185186 0.14812499999999998 0.1879722222222222