9 0.055087719298245616 0.5214473684210527 0.053421052631578946 0.11651315789473685
8 0.34907894736842104 0.513421052631579 0.18885964912280703 0.12401315789473685
1 0.2885526315789474 0.4434868421052631 0.4608771929824561 0.14861842105263157
7 0.2405701754385965 0.6386184210526316 0.442938596491228 0.2705921052631579
3 0.5160526315789473 0.537828947368421 0.16499999999999998 0.38164473684210526
10 0.6825877192982456 0.4443421052631579 0.17337719298245616 0.4934210526315789
11 0.8242105263157894 0.4475657894736842 0.16894736842105265 0.48276315789473684
16 0.7232456140350877 0.6845394736842105 0.3121052631578947 0.12322368421052632
18 0.6489035087719298 0.3694736842105263 0.11328947368421052 0.15572368421052632
5 0.9247368421052632 0.49526315789473685 0.07714912280701754 0.22861842105263158
13 0.9682456140350877 0.5797368421052632 0.04710526315789474 0.15789473684210525
14 0.9568859649122806 0.4002631578947369 0.0556578947368421 0.0856578947368421