16 0.6948071428571428 0.6588197969543147 0.2607857142857143 0.115748730964467
19 0.2757857142857143 0.33658629441624366 0.04895 0.07619289340101523
18 0.6344642857142857 0.34302030456852795 0.10439285714285715 0.101751269035533
1 0.3312142857142857 0.4077918781725888 0.45979285714285717 0.1297715736040609
7 0.2777428571428571 0.6189086294416244 0.4195285714285715 0.22629441624365482
9 0.11133571428571429 0.49601522842639595 0.05098571428571428 0.10318527918781727
8 0.38802857142857144 0.49101522842639594 0.19247142857142854 0.1016497461928934
3 0.50615 0.5234010152284264 0.17366428571428572 0.3665989847715736
10 0.6624928571428571 0.4347208121827411 0.14432142857142857 0.48895939086294415
11 0.7892785714285714 0.43846446700507613 0.11216428571428572 0.47724619289340103
14 0.9115285714285715 0.406738578680203 0.03947857142857143 0.08960659898477158
13 0.9108214285714287 0.5595939086294416 0.050028571428571436 0.19690355329949238
5 0.8634785714285713 0.5017766497461928 0.10527857142857142 0.3463959390862944