9 0.5834427083333333 0.6233148148148148 0.13544270833333333 0.09813888888888889
7 0.6571927083333333 0.7488148148148148 0.3089791666666667 0.22568518518518518
1 0.6226614583333333 0.5740185185185186 0.30241666666666667 0.09523148148148147
4 0.47921875 0.6338518518518518 0.123171875 0.23341666666666666
19 0.4060052083333333 0.537074074074074 0.07049479166666667 0.06763888888888889
2 0.38333854166666664 0.5932129629629629 0.11891666666666666 0.4052222222222222
12 0.31392708333333336 0.5922685185185185 0.09108854166666666 0.4125925925925926
17 0.36178125 0.7731666666666667 0.15739583333333332 0.1385833333333333
6 0.26140625 0.5570462962962963 0.0555 0.22794444444444445
13 0.23121875 0.6916388888888889 0.026484375 0.16997222222222222
15 0.24443229166666666 0.5384444444444444 0.0308125 0.048435185185185185
8 0.7710989583333333 0.6268333333333334 0.019432291666666667 0.052703703703703704