8 0.1121 0.44183750000000005 0.07400833333333333 0.052762500000000004
8 0.45084166666666664 0.4785625 0.09861666666666667 0.06509999999999999
8 0.9513499999999999 0.44185 0.03954166666666667 0.061125
9 0.8039916666666667 0.43799999999999994 0.08001666666666667 0.0562125
9 0.2998166666666666 0.4731375 0.032775 0.051475
7 0.08676666666666667 0.5002624999999999 0.14740833333333334 0.1057375
7 0.3842083333333333 0.5585 0.22934166666666664 0.158325
7 0.8680916666666667 0.5016625 0.22673333333333331 0.10575
1 0.8502916666666667 0.4049875 0.2152 0.05685
1 0.4093833333333333 0.443325 0.22967500000000002 0.064075
1 0.10583333333333333 0.41240000000000004 0.16331666666666667 0.0577875
3 0.1730833333333333 0.4608375 0.06884166666666666 0.14255
3 0.519775 0.507675 0.07360833333333333 0.193325
4 0.7528583333333333 0.4503125 0.04810833333333333 0.1429
10 0.583825 0.459525 0.05449166666666667 0.2298
11 0.6266333333333334 0.4582 0.053066666666666665 0.229925
10 0.23882499999999998 0.4200875 0.06634166666666666 0.19537500000000002
11 0.29614999999999997 0.4144 0.066175 0.184025
16 0.23933333333333331 0.513575 0.10068333333333333 0.04625
16 0.5955750000000001 0.5722 0.10206666666666667 0.0829375
17 0.7067333333333333 0.49583750000000004 0.06326666666666667 0.0691
2 0.7156916666666667 0.4197125 0.0386 0.1835125
12 0.693725 0.41485 0.036991666666666666 0.1654625
14 0.6647666666666667 0.4262375 0.02934166666666667 0.0493375
14 0.34854999999999997 0.3924 0.032091666666666664 0.0539125
18 0.21787499999999999 0.4020625 0.04295833333333333 0.0454375
18 0.569525 0.42363750000000006 0.051824999999999996 0.0552625
5 0.662825 0.4683375 0.023608333333333332 0.1002125
18 0.8971416666666666 0.37721249999999995 0.034825 0.04019999999999999
19 0.7151083333333333 0.3850375 0.03556666666666666 0.044725