7 0.40280590717299575 0.7260500000000001 0.5287623066104079 0.30574999999999997
1 0.4436216596343179 0.45581249999999995 0.5259985935302391 0.1611125
9 0.18851617440225035 0.539225 0.0579817158931083 0.115425
8 0.5319479606188466 0.5586249999999999 0.23851617440225037 0.1674625
10 0.7868213783403656 0.4803625 0.1059845288326301 0.543525
11 0.859648382559775 0.47428750000000003 0.09294655414908579 0.4436
16 0.8203867791842475 0.7192624999999999 0.14967651195499296 0.13385
18 0.7785654008438818 0.3620125 0.1011884669479606 0.102675
19 0.35063994374120955 0.35993749999999997 0.04702531645569621 0.0652
14 0.9181012658227848 0.435575 0.0309845288326301 0.053975
13 0.9307805907172996 0.5660125 0.03758790436005626 0.11483750000000001
5 0.8977496483825597 0.5497875 0.041849507735583685 0.33655
3 0.6683825597749649 0.5785125 0.17074542897327707 0.406