8 0.45684765625 0.4895230769230769 0.18335546875 0.12947692307692307
9 0.12701171875 0.49619230769230765 0.06791406250000001 0.09973846153846154
16 0.7518359375 0.7378846153846154 0.22462890624999998 0.17696153846153848
18 0.676625 0.33756923076923073 0.10776171875 0.15172307692307693
10 0.7002265624999999 0.4305384615384616 0.18253515625 0.7068846153846154
11 0.79373828125 0.43463846153846153 0.16386328125 0.6904769230769231
5 0.88271484375 0.46601538461538466 0.08869921875 0.46091538461538467
3 0.57626953125 0.5193461538461538 0.1445546875 0.39526923076923076
1 0.35153124999999996 0.3997846153846154 0.478359375 0.15307692307692308
7 0.32158203125 0.6534384615384615 0.49763671875000004 0.3403846153846154
19 0.23908203125 0.3056076923076923 0.0548203125 0.08164615384615384