19 0.22403125 0.34361111111111114 0.03950520833333333 0.06790740740740742
18 0.6436041666666666 0.3688425925925926 0.08490625 0.11837037037037038
7 0.25869791666666664 0.7195277777777778 0.44937499999999997 0.2715925925925926
1 0.313765625 0.47654629629629625 0.4206875 0.14858333333333335
9 0.09064583333333333 0.5342685185185185 0.05815104166666667 0.1307037037037037
8 0.37541145833333334 0.5387314814814815 0.18185416666666668 0.12850925925925924
10 0.670734375 0.47082407407407406 0.1537552083333333 0.6075092592592592
11 0.7947395833333334 0.45875925925925926 0.13781770833333334 0.5795833333333333
14 0.9143958333333334 0.3877777777777778 0.03481770833333333 0.13030555555555554
13 0.9303020833333334 0.5914722222222222 0.05003125 0.24008333333333334
5 0.8839010416666666 0.4415185185185185 0.08633333333333333 0.2415
16 0.7109791666666666 0.7353796296296297 0.267390625 0.18538888888888888
16 0.51934375 0.5904166666666667 0.18084895833333334 0.4533055555555556