14 0.13027333333333332 0.47016267942583734 0.07626666666666668 0.09773205741626793
15 0.4008933333333334 0.44355023923444975 0.17750666666666667 0.1057511961722488
0 0.24900666666666665 0.4541818181818182 0.28974 0.4600287081339713
13 0.3123266666666667 0.6601626794258373 0.4502866666666666 0.3031291866028708
12 0.6537533333333333 0.5075693779904306 0.1978933333333333 0.4749473684210526
2 0.79502 0.5364306220095695 0.16223333333333334 0.42425837320574167
17 0.7502399999999999 0.7516555023923445 0.2522066666666667 0.09804784688995215
6 0.53016 0.48688038277511964 0.16346666666666665 0.24865071770334926
19 0.8709733333333334 0.4958181818181818 0.06166 0.09162679425837321
9 0.91546 0.5583444976076555 0.0333 0.0674066985645933
4 0.8995799999999999 0.6513684210526315 0.07475333333333332 0.24033492822966507
7 0.9512133333333332 0.6920861244019139 0.032093333333333335 0.1511291866028708