8 0.27051875 0.5463917525773195 0.19878125000000002 0.11462043111527648
16 0.6717 0.6571977507029053 0.33808124999999994 0.2206373008434864
10 0.633625 0.47427366447985003 0.2434 0.5420712277413309
11 0.78984375 0.4308903467666354 0.1794625 0.4428116213683224
5 0.8951187500000001 0.38646672914714153 0.10041874999999999 0.20402061855670103
3 0.43548125 0.528584817244611 0.226975 0.30393626991565137
1 0.2782375 0.4445173383317713 0.42291249999999997 0.17954076850984066
7 0.2091375 0.6668322399250234 0.3555375 0.29300843486410494
18 0.59520625 0.401049671977507 0.09643750000000001 0.08322399250234301
13 0.94146875 0.4948453608247423 0.0589625 0.1677319587628866
14 0.9458125 0.3817900656044986 0.0268125 0.06344892221180881