8 0.30031250000000004 0.42100925925925925 0.20529166666666668 0.11555555555555555
1 0.2732395833333333 0.3607037037037037 0.4226354166666667 0.11270370370370371
7 0.23441145833333332 0.5879166666666668 0.38917708333333334 0.2755462962962963
10 0.644234375 0.3940092592592592 0.20494791666666667 0.5213888888888889
11 0.8066510416666667 0.38881481481481484 0.150953125 0.4885648148148148
16 0.6941875 0.6539351851851852 0.32379687500000004 0.0879537037037037
14 0.9506770833333333 0.38789814814814816 0.053875 0.08299074074074074
13 0.9516249999999999 0.5291481481481481 0.05892708333333333 0.21408333333333335
18 0.6196979166666666 0.3030185185185185 0.096671875 0.14846296296296296
3 0.45870833333333333 0.49733333333333335 0.22608333333333333 0.44955555555555554
5 0.90371875 0.3894814814814815 0.095703125 0.2599722222222222