9 0.6441764705882352 0.6161598746081505 0.25275294117647057 0.1307523510971787
7 0.7263411764705883 0.7460344827586207 0.4494235294117647 0.23766457680250783
1 0.6627058823529411 0.5157366771159875 0.5339176470588235 0.15717868338557994
4 0.4562 0.6139341692789969 0.20621176470588234 0.320423197492163
2 0.28559999999999997 0.5188087774294671 0.1650235294117647 0.41800940438871476
12 0.16401176470588236 0.4980877742946708 0.12476470588235294 0.34912225705329153
17 0.25311764705882356 0.6981504702194358 0.2647529411764706 0.17324451410658306
15 0.05390588235294118 0.4573667711598746 0.042800000000000005 0.06391849529780565
13 0.0622 0.5597805642633229 0.040623529411764704 0.16227272727272726
6 0.10116470588235293 0.5557993730407523 0.08915294117647059 0.26821316614420065
19 0.2927529411764706 0.44863636363636367 0.09990588235294118 0.07780564263322884
18 0.6412941176470589 0.41258620689655173 0.04994117647058824 0.06448275862068965