1 0.54913330078125 0.4645095486111111 0.326611328125 0.09243489583333334
9 0.51258056640625 0.5228168402777778 0.15259521484375 0.10198784722222222
8 0.7084912109375 0.5152647569444445 0.0300927734375 0.07241319444444444
7 0.595966796875 0.6569618055555556 0.329130859375 0.251640625
4 0.40141845703125 0.5424782986111111 0.133720703125 0.28692708333333333
2 0.28048828125 0.5053428819444444 0.11809814453125 0.4181944444444444
12 0.18630615234375 0.50921875 0.10225830078125 0.41043836805555556
15 0.1107666015625 0.4155902777777778 0.05208984375 0.15084635416666667
13 0.09071533203125 0.5922092013888889 0.03152099609375 0.25234375
6 0.12770751953125 0.5016362847222222 0.05667724609375 0.1811545138888889
17 0.25385498046875 0.70359375 0.19504150390625 0.11631944444444445
19 0.308603515625 0.4384809027777778 0.076669921875 0.08666666666666667