9 0.14140287769784174 0.5263024282560707 0.08351798561151079 0.13235099337748343
8 0.46930215827338134 0.5182781456953642 0.17336690647482014 0.10160044150110376
1 0.37403597122302157 0.446401766004415 0.5056187050359712 0.13507726269315673
7 0.32318705035971224 0.6538300220750551 0.5310071942446043 0.25496688741721857
3 0.6018489208633094 0.5486423841059602 0.1418705035971223 0.37020971302428257
10 0.7217122302158273 0.45987858719646796 0.12422302158273381 0.4557174392935982
11 0.8187769784172662 0.4724944812362031 0.1156906474820144 0.4351655629139073
16 0.7583381294964028 0.685055187637969 0.21666906474820144 0.11230684326710817
14 0.8996618705035971 0.41631346578366446 0.036489208633093524 0.08161147902869757
5 0.8708848920863309 0.5088300220750552 0.07005755395683452 0.30730684326710817
13 0.9216258992805755 0.5975717439293597 0.04668345323741007 0.17396247240618104
19 0.2631151079136691 0.38355408388520973 0.05594964028776978 0.060231788079470196
18 0.694021582733813 0.3784437086092715 0.11201438848920862 0.09049668874172184