17 0.23625 0.6236222222222222 0.17228125 0.18752222222222223
9 0.48966875000000004 0.47654444444444444 0.1957875 0.1452222222222222
8 0.8116 0.4789 0.05006875 0.12031111111111112
1 0.5811062499999999 0.4090555555555555 0.4599125 0.1658
7 0.6143 0.6422777777777777 0.48255000000000003 0.2915111111111111
4 0.3586 0.5025333333333333 0.11698125 0.4047222222222222
2 0.2587375 0.41303333333333336 0.102675 0.5144888888888889
12 0.19860624999999998 0.4123555555555556 0.10740625 0.5057444444444444
15 0.12165625000000001 0.3585 0.02643125 0.0684
6 0.1452375 0.4790555555555555 0.04724375 0.25345555555555555
19 0.26603125 0.32720000000000005 0.08809375 0.08726666666666667
18 0.65444375 0.3191222222222222 0.046174999999999994 0.05631111111111111