8 0.49828619909502264 0.6054027149321267 0.1281334841628959 0.07942986425339366
7 0.44058823529411767 0.7168235294117647 0.23095588235294118 0.1938733031674208
1 0.48138291855203624 0.5549592760180996 0.2695220588235294 0.08427149321266969
3 0.5959049773755656 0.6459683257918551 0.13975678733031674 0.269737556561086
10 0.7180147058823529 0.5768687782805431 0.14086538461538461 0.3526742081447964
11 0.8370164027149322 0.5595022624434389 0.09803450226244344 0.3246425339366516
16 0.7473274886877829 0.7422081447963801 0.2112839366515837 0.08502714932126697
14 0.9122539592760182 0.5368054298642534 0.03092760180995475 0.060266968325791856
13 0.9257692307692308 0.6252805429864253 0.029638009049773754 0.16358371040723982
5 0.8936029411764707 0.5449502262443439 0.054256221719457015 0.13556108597285066
18 0.6879807692307692 0.5104389140271492 0.07568721719457014 0.06162443438914027
19 0.49524604072398193 0.493185520361991 0.025234728506787332 0.024656108597285068