19 0.2722926829268293 0.34828282828282825 0.06360975609756098 0.08421717171717172
18 0.6457073170731708 0.35199494949494947 0.0986341463414634 0.0971969696969697
7 0.2794471544715447 0.6452020202020202 0.45009756097560977 0.22446969696969696
9 0.09004878048780489 0.513510101010101 0.056861788617886176 0.1004040404040404
8 0.383739837398374 0.5117171717171717 0.1889430894308943 0.11926767676767676
1 0.326 0.4516666666666667 0.48180487804878047 0.17313131313131314
3 0.5147154471544716 0.5255808080808081 0.18143089430894307 0.34684343434343434
10 0.6815121951219512 0.4327525252525253 0.1485691056910569 0.46075757575757575
11 0.8179186991869919 0.4353282828282828 0.12424390243902439 0.42633838383838385
16 0.7193821138211383 0.6492929292929293 0.2929430894308943 0.11941919191919191
14 0.9526178861788618 0.38055555555555554 0.03673170731707317 0.07575757575757576
13 0.9442439024390245 0.5441161616161616 0.06334959349593496 0.16156565656565655
5 0.8951219512195122 0.48820707070707076 0.1024390243902439 0.2925