19 0.3927375 0.3771333333333334 0.0538875 0.07022222222222223
1 0.4567125 0.42446666666666666 0.39238750000000006 0.10402222222222222
7 0.4222875 0.623688888888889 0.3797875 0.25062222222222225
9 0.26821249999999996 0.4720888888888889 0.038275 0.06595555555555556
8 0.5186999999999999 0.4590444444444444 0.16425 0.09542222222222221
3 0.631425 0.5249333333333334 0.1123625 0.29875555555555555
10 0.7216750000000001 0.4583777777777778 0.0845125 0.39111111111111113
11 0.7831874999999999 0.4559333333333333 0.07872499999999999 0.36266666666666664
18 0.7044499999999999 0.3708666666666666 0.071175 0.09682222222222223
5 0.82045 0.46795555555555557 0.0323625 0.12806666666666666
16 0.739725 0.6495555555555556 0.15215 0.09124444444444445