1 0.4618131868131868 0.5951870324189525 0.2738736263736264 0.09264339152119701
7 0.4478983516483516 0.7151122194513716 0.289217032967033 0.14079800498753117
9 0.3454395604395604 0.6384039900249376 0.05880494505494506 0.05798004987531172
8 0.5037225274725274 0.6358104738154614 0.10262362637362636 0.059925187032418954
3 0.5956868131868133 0.6371571072319202 0.0706043956043956 0.2081296758104738
10 0.6682967032967033 0.5842394014962593 0.0784478021978022 0.29972568578553616
16 0.6805631868131868 0.7222693266832918 0.13965659340659342 0.04885286783042394
13 0.7946153846153846 0.6681047381546136 0.05251373626373626 0.09244389027431421
5 0.7684752747252748 0.6308478802992519 0.051263736263736266 0.19226932668329175
11 0.729271978021978 0.5760598503740648 0.06722527472527472 0.2768827930174564
18 0.6563873626373626 0.5500997506234414 0.04884615384615385 0.06306733167082294
19 0.4257967032967033 0.5464089775561097 0.033928571428571426 0.0758354114713217