8 0.11608750000000001 0.5057333333333334 0.109975 0.11076666666666667
7 0.10706875 0.6187999999999999 0.1138125 0.19246666666666667
3 0.2217 0.545188888888889 0.20068124999999998 0.32142222222222216
1 0.1800125 0.43655555555555553 0.20657499999999998 0.12797777777777777
10 0.4296 0.44470000000000004 0.22449375 0.4498222222222222
11 0.6561625 0.4424777777777778 0.22863125 0.4490777777777778
16 0.50169375 0.6787777777777777 0.4155625 0.06242222222222222
14 0.8919 0.4093 0.089725 0.1068
13 0.8912625 0.5612444444444444 0.11657500000000001 0.2218
5 0.79105 0.5171777777777777 0.20051875 0.3663444444444444
18 0.3435125 0.3843111111111111 0.058575 0.10126666666666667