14 0.7727984718242598 0.4837865748709122 0.17545367717287488 0.16924268502581755
16 0.3369914040114613 0.6568502581755594 0.3368958930276982 0.26814113597246125
18 0.22631327602674306 0.25153184165232356 0.056494746895893025 0.08025817555938038
3 0.12388729703915952 0.39886402753872635 0.1709360076408787 0.3530120481927711
10 0.3029990448901624 0.3714802065404475 0.28678127984718244 0.6080378657487091
11 0.5046322827125119 0.38929432013769366 0.27796561604584524 0.7532013769363167
5 0.6634383954154728 0.40425129087779693 0.19964660936007642 0.44514629948364887
13 0.8237535816618912 0.7279518072289156 0.3205730659025788 0.21771084337349397
0 0.827411652340019 0.4480550774526678 0.2792741165234002 0.48268502581755596
7 0.04515759312320917 0.4274698795180723 0.05053486150907354 0.2568674698795181
1 0.13343839541547278 0.2597934595524957 0.12056351480420249 0.07487091222030981
8 0.07849092645654251 0.2976936316695353 0.05853868194842407 0.06304647160068848