18 0.34881048387096775 0.4041121495327103 0.0492741935483871 0.13983644859813085
10 0.4135483870967742 0.4457476635514019 0.18163306451612904 0.5235280373831775
11 0.5966431451612904 0.4467056074766355 0.1923891129032258 0.5092990654205607
16 0.4892943548387097 0.6944158878504673 0.3417641129032258 0.09292056074766356
1 0.1836491935483871 0.44098130841121497 0.13081653225806453 0.12677570093457943
7 0.15202620967741937 0.6469158878504673 0.10503024193548387 0.21822429906542057
8 0.143125 0.5166822429906541 0.07569556451612904 0.1446728971962617
3 0.2671068548387097 0.529018691588785 0.14868951612903225 0.3646728971962617
14 0.8496572580645162 0.44280373831775705 0.09762096774193549 0.11707943925233645
13 0.845725806451613 0.5945327102803738 0.11185483870967741 0.24703271028037385
5 0.7256754032258065 0.5443457943925233 0.1779939516129032 0.34072429906542057