19 0.2757375 0.32282222222222223 0.07625625 0.08592222222222222
18 0.6845625 0.2967444444444444 0.0522375 0.0708
1 0.58290625 0.4204111111111111 0.44684375000000004 0.20702222222222222
7 0.62296875 0.6756888888888889 0.4728 0.29535555555555554
9 0.50084375 0.5288 0.1848 0.13491111111111112
8 0.8109875 0.5007 0.0550875 0.13055555555555556
4 0.3726625 0.46401111111111115 0.130525 0.32430000000000003
2 0.25935625 0.4233777777777778 0.09765625 0.5611
12 0.18420625000000002 0.40124444444444446 0.08695 0.5279666666666667
17 0.23018750000000002 0.6586333333333333 0.1559875 0.16124444444444444
15 0.11564375 0.32922222222222225 0.028987500000000003 0.0765
13 0.1182 0.5199666666666667 0.025768749999999997 0.13576666666666667
6 0.1432 0.46653333333333336 0.04506875 0.31924444444444444