8 0.3422802197802198 0.641687242798354 0.16225274725274727 0.12139917695473251
9 0.18666208791208788 0.6420987654320988 0.043324175824175824 0.10395061728395062
7 0.2797664835164835 0.7578189300411523 0.28449175824175826 0.1798971193415638
1 0.33111263736263735 0.5967078189300411 0.2955906593406593 0.09088477366255145
3 0.46936813186813187 0.6842592592592592 0.16964285714285715 0.2918724279835391
10 0.6203983516483517 0.5960699588477366 0.16366758241758242 0.38135802469135804
11 0.7514560439560439 0.5890123456790123 0.14270604395604394 0.3713786008230453
16 0.6542032967032967 0.780164609053498 0.2793818681318681 0.1102880658436214
14 0.8760714285714285 0.5441358024691357 0.05767857142857143 0.1503497942386831
13 0.895357142857143 0.7072016460905349 0.060728021978021976 0.20483539094650205
5 0.8495604395604396 0.5907407407407408 0.1023489010989011 0.1588477366255144
18 0.5821153846153846 0.5501851851851851 0.07111263736263737 0.08012345679012345