8 0.2614772727272727 0.5486666666666666 0.18767676767676766 0.17387179487179488
1 0.25859848484848486 0.4143846153846154 0.36886363636363634 0.1993333333333333
7 0.21477272727272725 0.6892820512820512 0.3233080808080808 0.2724102564102564
3 0.4069823232323232 0.5516923076923077 0.2127777777777778 0.3987435897435897
18 0.5712247474747475 0.3605384615384616 0.06988636363636364 0.11558974358974358
16 0.6581060606060607 0.674 0.3253787878787879 0.20574358974358972
10 0.6030681818181818 0.44817948717948713 0.21829545454545451 0.6361538461538462
11 0.764709595959596 0.41305128205128205 0.1858080808080808 0.5727179487179488
13 0.9205303030303029 0.5142820512820513 0.06147727272727273 0.23956410256410257
14 0.9311994949494949 0.3685128205128205 0.0473989898989899 0.06315384615384616
5 0.8713383838383839 0.43612820512820516 0.11622474747474747 0.3077692307692308