14 0.7592625 0.5382666666666667 0.17575624999999997 0.10278333333333334
15 0.93489375 0.5342583333333334 0.04951875 0.07143333333333333
0 0.82989375 0.540525 0.25951875 0.17396666666666666
13 0.785575 0.6672166666666667 0.39588124999999996 0.21734166666666666
5 0.5797687499999999 0.59475 0.28926874999999996 0.26757499999999995
11 0.44078125 0.5414 0.25130625 0.36905
10 0.25645625 0.54095 0.21765 0.366925
16 0.314075 0.718275 0.3478875 0.10613333333333333
8 0.048775000000000006 0.5481166666666667 0.039787499999999996 0.05582499999999999
7 0.043206249999999995 0.6400333333333333 0.04865 0.15965833333333335
3 0.11234999999999999 0.5805833333333333 0.13055624999999998 0.20592500000000002
18 0.1911125 0.4897333333333333 0.06195625 0.07570833333333332