9 0.39141666666666663 0.6330749999999999 0.05135833333333333 0.0666125
8 0.5832833333333334 0.6340625 0.13925833333333335 0.08733750000000001
7 0.49824166666666664 0.74275 0.31501666666666667 0.1453375
1 0.5265083333333332 0.597225 0.29446666666666665 0.073025
19 0.46703333333333336 0.5443375 0.042175 0.045375
18 0.7348 0.5515 0.0673 0.056587500000000006
3 0.67035 0.6604625 0.10118333333333333 0.2379875
10 0.7510833333333333 0.5854375 0.07513333333333333 0.303675
11 0.8127333333333333 0.585625 0.081 0.2785125
14 0.871925 0.5373749999999999 0.03738333333333333 0.0564625
13 0.8890666666666668 0.6613125 0.025833333333333333 0.1605875
16 0.7787916666666667 0.733825 0.15735833333333335 0.078025
5 0.867525 0.5986375 0.034825 0.10710000000000001