18 0.62578125 0.4481759259259259 0.068078125 0.07810185185185185
16 0.6731822916666667 0.6672037037037037 0.19375520833333332 0.16123148148148148
10 0.6472864583333333 0.506287037037037 0.132703125 0.4227222222222222
11 0.72128125 0.49986111111111114 0.10208854166666666 0.41912037037037037
5 0.7796822916666667 0.4900925925925925 0.060911458333333335 0.23292592592592593
14 0.8044739583333332 0.4691759259259259 0.023682291666666667 0.055296296296296295
3 0.5515520833333334 0.5640740740740741 0.11410416666666667 0.28521296296296295
1 0.4143072916666667 0.4919814814814815 0.3023854166666667 0.11941666666666667
7 0.38481770833333334 0.6513425925925926 0.32083854166666664 0.18198148148148147
8 0.44833854166666665 0.5549074074074074 0.14691666666666667 0.07860185185185185
9 0.26271354166666666 0.5512222222222223 0.025234375 0.08049074074074075