19 0.3761510416666667 0.4702037037037037 0.06383854166666666 0.09438888888888888
17 0.3287447916666667 0.696787037037037 0.19722916666666668 0.14322222222222222
2 0.35796875 0.5261759259259259 0.13415104166666666 0.41312037037037036
12 0.2749583333333333 0.5272037037037037 0.11347395833333333 0.4028333333333333
6 0.22205208333333332 0.5102407407407407 0.07865625000000001 0.23926851851851855
13 0.18795833333333334 0.6054814814814814 0.03274479166666667 0.14477777777777778
15 0.19031770833333334 0.5136759259259259 0.02754166666666667 0.06232407407407407
4 0.47883333333333333 0.5836203703703703 0.13629166666666667 0.26257407407407407
7 0.6327395833333332 0.6817777777777778 0.306953125 0.23358333333333334
1 0.6099739583333333 0.5191574074074075 0.3169791666666667 0.13364814814814815
9 0.5912083333333332 0.5653611111111111 0.14923437499999997 0.09335185185185184