19 0.502615933412604 0.3464542483660131 0.05549346016646849 0.08547385620915034
7 0.6911890606420927 0.5763562091503268 0.19482758620689655 0.26050653594771245
9 0.6562187871581451 0.49491830065359477 0.09865041617122473 0.11217320261437909
1 0.664577883472057 0.42529411764705877 0.22992865636147444 0.1311111111111111
4 0.5588228299643282 0.48648692810457517 0.10165279429250891 0.2908660130718954
17 0.45580856123662306 0.5674183006535948 0.14910820451843046 0.1871078431372549
2 0.47935196195005947 0.4123202614379085 0.09900118906064209 0.4599673202614379
12 0.41743757431629014 0.38870915032679737 0.09278834720570749 0.4034313725490196
6 0.36321640903686087 0.3682352941176471 0.05683709869203329 0.241078431372549
13 0.3370273483947681 0.4565359477124183 0.03177764565992866 0.15160130718954248
15 0.3369797859690844 0.35903594771241826 0.020980975029726515 0.06861111111111111