18 0.6421496598639456 0.47081632653061223 0.08259863945578232 0.10928571428571428
7 0.26333333333333336 0.7266122448979593 0.4699047619047619 0.20324489795918368
1 0.30100680272108843 0.5380612244897959 0.46153741496598644 0.13385714285714287
8 0.3984353741496599 0.6076530612244898 0.17247619047619048 0.07838775510204081
9 0.0861360544217687 0.5974489795918367 0.06319727891156462 0.07367346938775511
16 0.7209251700680273 0.7497959183673469 0.28523809523809524 0.14289795918367346
10 0.6768435374149661 0.5339591836734694 0.19337414965986394 0.5243877551020408
11 0.787986394557823 0.536734693877551 0.16495238095238093 0.5299591836734694
3 0.5311836734693878 0.5663061224489796 0.14768707482993196 0.37873469387755104
5 0.8872925170068027 0.539795918367347 0.10402721088435374 0.3006122448979592
13 0.9531700680272109 0.6713061224489796 0.07461224489795919 0.17430612244897958