9 0.6379874999999999 0.5750656660412757 0.191275 0.13641651031894933
8 0.902275 0.5616322701688555 0.060462499999999995 0.09076923076923077
1 0.696875 0.4862288930581614 0.43717500000000004 0.16900562851782364
7 0.75725 0.7443527204502814 0.4329125 0.2545215759849906
4 0.4942375 0.5882926829268292 0.16626249999999998 0.3765290806754221
2 0.33697499999999997 0.4783114446529081 0.1455125 0.4963789868667917
12 0.20217500000000002 0.45707317073170733 0.1196375 0.4492307692307692
17 0.2977 0.6978236397748593 0.2638375 0.1896435272045028
15 0.10323750000000001 0.3676360225140713 0.05613749999999999 0.07332082551594746
13 0.0789375 0.5446904315196998 0.04505 0.23984990619136962
6 0.12205 0.450844277673546 0.0781625 0.1928330206378987
19 0.3658125 0.4173358348968105 0.090675 0.0976735459662289
18 0.7422875000000001 0.37793621013133205 0.048674999999999996 0.04527204502814259