7 0.024406249999999997 0.6549774774774775 0.040734375 0.22465090090090092
3 0.10259375 0.5879617117117117 0.144046875 0.2960247747747748
1 0.10040625 0.47387387387387386 0.10415624999999999 0.0651463963963964
10 0.265 0.49093468468468465 0.2463125 0.4770833333333333
11 0.45535156250000003 0.49239864864864863 0.24582031249999997 0.4834009009009009
16 0.3104140625 0.7407995495495496 0.347109375 0.07346846846846847
0 0.7978828124999999 0.4246846846846847 0.36893750000000003 0.40220720720720726
13 0.7938046875 0.5989414414414415 0.41025 0.2889977477477477
5 0.579125 0.4781081081081081 0.1293203125 0.22376126126126125
18 0.18267968750000002 0.4195382882882883 0.0603984375 0.09537162162162162
14 0.706140625 0.43565315315315317 0.1996484375 0.13135135135135134
15 0.9492265625 0.43121621621621625 0.054421874999999995 0.12998873873873876