1 0.3751197916666667 0.41859259259259257 0.40794270833333335 0.14549074074074073
8 0.45615625000000004 0.48040740740740745 0.14865104166666668 0.11787962962962963
9 0.19119270833333332 0.5231018518518519 0.0540625 0.09832407407407408
7 0.346421875 0.6357407407407407 0.4184635416666667 0.34212037037037035
3 0.575 0.5459814814814814 0.11682291666666668 0.4064351851851852
16 0.7175520833333333 0.6893240740740741 0.20223958333333333 0.17460185185185184
18 0.6425208333333334 0.36450000000000005 0.10371875 0.0890925925925926
10 0.6730989583333333 0.45458333333333334 0.15677083333333333 0.5755
11 0.7560572916666667 0.45278703703703704 0.15601562500000002 0.5873333333333334
5 0.835390625 0.4246759259259259 0.08378125 0.35826851851851854
14 0.8445052083333333 0.3736759259259259 0.03777083333333333 0.06799999999999999
13 0.8811041666666667 0.6367777777777778 0.026177083333333333 0.1343148148148148