8 0.491365234375 0.35094097222222226 0.1756875 0.11816319444444444
7 0.39253125 0.5219305555555556 0.40398632812499996 0.33166666666666667
1 0.43626367187500004 0.31024305555555554 0.40160546874999997 0.11315277777777778
3 0.617029296875 0.34958680555555555 0.13530078125 0.24739930555555556
18 0.71171484375 0.25835416666666666 0.085115234375 0.09965972222222222
10 0.7361796875 0.35044791666666664 0.1391875 0.4678715277777778
11 0.7984765625 0.35903125 0.11822265624999999 0.45378819444444446
16 0.7674296875 0.5773923611111111 0.170435546875 0.16828472222222224
14 0.8791015625 0.3255798611111111 0.033375 0.03619097222222222
5 0.867330078125 0.3633784722222222 0.08991015625 0.25067708333333333
9 0.23684765625 0.38768749999999996 0.038240234375 0.09096180555555557