9 0.17731249999999998 0.4708888888888889 0.069925 0.12997777777777778
8 0.51120625 0.4743 0.20333749999999998 0.15345555555555557
7 0.36758124999999997 0.6385888888888889 0.48391875 0.3013
3 0.6320875 0.5033000000000001 0.15490625 0.3941
10 0.72889375 0.40196666666666664 0.11270625000000001 0.5245333333333333
11 0.8038249999999999 0.39224444444444445 0.086425 0.4495444444444444
14 0.87456875 0.35944444444444446 0.0363125 0.09042222222222222
1 0.41185000000000005 0.40134444444444445 0.47024375 0.1631
18 0.7237874999999999 0.32524444444444445 0.08786875 0.08313333333333332
19 0.339325 0.31035555555555555 0.0555875 0.08262222222222222
6 0.84580625 0.48169999999999996 0.056912500000000005 0.3206222222222222
16 0.76128125 0.6168555555555555 0.1433875 0.13671111111111112