8 0.5073351648351648 0.6336159600997506 0.09491758241758241 0.051147132169576066
9 0.34888736263736264 0.6354114713216958 0.057115384615384616 0.03920199501246883
1 0.47820054945054946 0.5920448877805486 0.2900137362637363 0.09271820448877806
3 0.5988736263736264 0.6436408977556111 0.062760989010989 0.2083790523690773
7 0.4523763736263736 0.6944638403990026 0.26130494505494506 0.15107231920199501
16 0.6832554945054945 0.726932668329177 0.14398351648351648 0.08610972568578554
18 0.6534340659340659 0.5490024937655861 0.04638736263736264 0.054114713216957606
10 0.6618818681318681 0.583715710723192 0.08903846153846152 0.3254613466334164
11 0.7128296703296704 0.5885785536159601 0.08789835164835165 0.3351620947630923
13 0.7938186813186813 0.6681546134663342 0.038873626373626374 0.10119700748129676
5 0.7673901098901098 0.6259850374064838 0.06883241758241758 0.19660847880299254