9 0.5163636363636364 0.5698360655737705 0.17414545454545455 0.08978142076502732
8 0.7966909090909091 0.5731693989071038 0.07298181818181819 0.11289617486338797
2 0.32643636363636364 0.511311475409836 0.1142909090909091 0.3904918032786885
12 0.23865454545454542 0.49551912568306017 0.09145454545454546 0.367431693989071
17 0.29145454545454547 0.700928961748634 0.20072727272727273 0.10060109289617486
19 0.30912727272727275 0.4524043715846995 0.07607272727272728 0.10628415300546448
18 0.6867636363636365 0.4279234972677596 0.07134545454545455 0.09557377049180327
1 0.5972727272727273 0.5202732240437158 0.4486909090909091 0.14918032786885246
7 0.6355272727272727 0.7022404371584698 0.4416 0.20710382513661202
4 0.39429090909090914 0.5945901639344262 0.1009090909090909 0.2923497267759563
13 0.15094545454545455 0.6434426229508197 0.0288 0.11131147540983607
6 0.1754909090909091 0.5872677595628415 0.05665454545454546 0.25781420765027324