8 0.1687214611872146 0.6078798586572438 0.10191780821917808 0.09706713780918727
10 0.4386149162861492 0.5484098939929328 0.19616438356164384 0.4728268551236749
11 0.63220700152207 0.5553003533568904 0.18598173515981734 0.45141342756183744
16 0.5015829528158295 0.786113074204947 0.3470015220700152 0.09664310954063604
18 0.39861491628614915 0.4912720848056537 0.04974124809741248 0.11438162544169611
3 0.28205479452054794 0.6679505300353357 0.1473972602739726 0.30318021201413425
14 0.8181430745814308 0.5251236749116608 0.08625570776255707 0.10501766784452296
14 0.8424200913242009 0.7037455830388692 0.10310502283105022 0.22049469964664312
5 0.7442313546423135 0.6162897526501767 0.14599695585996955 0.3808127208480565
1 0.21715372907153727 0.5430742049469964 0.19878234398782343 0.12166077738515901
7 0.15167427701674277 0.7414134275618375 0.0982648401826484 0.20353356890459365