19 0.24106557377049181 0.3160439560439561 0.04471311475409836 0.05615384615384616
18 0.6862841530054645 0.32065934065934065 0.10306010928961748 0.10136263736263736
1 0.3643169398907104 0.3556043956043956 0.48494535519125687 0.11854945054945054
7 0.33079234972677596 0.6136923076923078 0.5209972677595629 0.33953846153846157
9 0.1430327868852459 0.4363956043956044 0.08676229508196721 0.11305494505494505
8 0.46704918032786885 0.42221978021978024 0.19364754098360656 0.14863736263736263
3 0.6056830601092896 0.48345054945054944 0.14010928961748634 0.3802637362637363
10 0.7113251366120219 0.41703296703296705 0.10516393442622951 0.516
11 0.7798224043715848 0.41523076923076924 0.12467213114754098 0.5196483516483517
16 0.7364890710382513 0.6641318681318682 0.18110655737704917 0.13296703296703297
14 0.8449316939890711 0.3626813186813187 0.047786885245901634 0.0935164835164835
5 0.8499590163934425 0.45171428571428573 0.04 0.16584615384615384