9 0.130589592412202 0.5464332892998679 0.04557805690848501 0.1279788639365918
8 0.4586695719046398 0.5776442095992954 0.186485516534222 0.13756054601497136
1 0.3753012048192771 0.4598767062967856 0.48373493975903614 0.2410876265962131
7 0.3307895411432966 0.7383751651254954 0.48186618815688287 0.29610303830911494
3 0.5943552935144835 0.5171158080140906 0.15480389643681108 0.39740642888595334
10 0.7244552678800308 0.4225715543813298 0.10736734170725454 0.5363188022897402
11 0.7956523968213279 0.38416556583003086 0.0982722378877211 0.4555085865257596
14 0.8565983081261216 0.28443857331572 0.033870802358369645 0.08395420519594891
5 0.8423250448602922 0.41656098634962574 0.04377339143809279 0.3122985468956407
16 0.7371058702896692 0.6181373844121533 0.19128684952576264 0.2405724350506385
19 0.31417328890028196 0.31415235579040074 0.05130479364265573 0.06852928225451344
18 0.7033119712894129 0.34255394099515635 0.11437836452191745 0.10772346983707617