18 0.6001827956989247 0.32075806451612904 0.106 0.12487096774193548
1 0.2553548387096774 0.3878064516129032 0.47549462365591394 0.1299516129032258
7 0.19899999999999998 0.6014193548387097 0.39798924731182794 0.2936290322580645
8 0.2725268817204301 0.4468064516129032 0.2114301075268817 0.11085483870967743
3 0.441752688172043 0.513483870967742 0.21256989247311828 0.3741612903225806
10 0.6345806451612903 0.41824193548387095 0.2096236559139785 0.48035483870967743
11 0.8198817204301075 0.4046774193548387 0.1696451612903226 0.45324193548387093
16 0.682483870967742 0.6376290322580644 0.33732258064516124 0.11748387096774195
5 0.9161182795698924 0.38798387096774195 0.09002150537634408 0.2028709677419355
14 0.9557741935483871 0.3566774193548387 0.03760215053763441 0.06767741935483872
13 0.9591935483870967 0.491483870967742 0.05520430107526882 0.2485967741935484