19 0.2474625 0.3840444444444444 0.08045624999999999 0.08833333333333333
18 0.600925 0.39004444444444447 0.03916875 0.059055555555555556
1 0.5801625 0.45441111111111115 0.4371875 0.1491
9 0.496775 0.5480666666666667 0.20999375 0.14012222222222223
7 0.62296875 0.7270888888888889 0.4595375 0.26655555555555555
4 0.34354375 0.5543888888888889 0.12436875 0.34354444444444443
2 0.2163625 0.47665555555555555 0.1325 0.4713555555555556
15 0.08529375 0.4233777777777778 0.03286875 0.08332222222222221
6 0.11772500000000001 0.5141555555555556 0.058518749999999994 0.28326666666666667
17 0.20646875 0.6907666666666668 0.19396249999999998 0.18107777777777778
8 0.7926625 0.5305 0.03301875 0.06423333333333334