9 0.5224623655913978 0.38617741935483874 0.15845161290322582 0.09412903225806452
8 0.7827849462365591 0.3989354838709677 0.06404301075268817 0.07448387096774194
7 0.6316451612903226 0.5369193548387097 0.38447311827956987 0.2366451612903226
2 0.329 0.40811290322580646 0.11131182795698924 0.33156451612903226
12 0.24874193548387097 0.4147258064516129 0.0841290322580645 0.3125
13 0.18872043010752687 0.4516935483870968 0.06731182795698924 0.11548387096774193
1 0.607516129032258 0.36346774193548387 0.41458064516129034 0.0809516129032258
18 0.6396666666666666 0.3285806451612903 0.0530752688172043 0.06280645161290323
19 0.3234301075268817 0.32153225806451613 0.08726881720430107 0.10033870967741935
17 0.28305376344086025 0.5871612903225807 0.15263440860215052 0.091
4 0.3967096774193548 0.4646935483870968 0.13082795698924732 0.2715967741935484