1 0.6660666666666667 0.6272 0.38813333333333333 0.094675
9 0.6255333333333333 0.673725 0.14876666666666669 0.112725
7 0.7054166666666667 0.7872499999999999 0.35018333333333335 0.2273
4 0.49711666666666665 0.7212000000000001 0.15556666666666666 0.3233
2 0.36555000000000004 0.66235 0.17955000000000002 0.44935
12 0.26005 0.658175 0.14265 0.443775
17 0.32315 0.840125 0.22938333333333333 0.10490000000000001
19 0.40723333333333334 0.58415 0.08715 0.0919
6 0.17833333333333334 0.641875 0.09218333333333334 0.22367499999999998
13 0.14095 0.7522 0.02888333333333333 0.155775
15 0.14041666666666666 0.656375 0.025633333333333334 0.078