8 0.30138 0.4673866666666667 0.18386000000000002 0.10946666666666666
9 0.0621 0.4709066666666667 0.047479999999999994 0.10242666666666665
7 0.21872 0.5918133333333333 0.38476 0.2230666666666667
1 0.26683999999999997 0.40712 0.43148000000000003 0.11546666666666666
3 0.4632 0.5162666666666667 0.21581999999999998 0.34503999999999996
10 0.63502 0.41632 0.20422 0.45384
11 0.79388 0.41064 0.17628 0.41568
16 0.6727799999999999 0.6290133333333333 0.32754 0.09045333333333334
13 0.94504 0.5257066666666667 0.05212 0.20978666666666668
5 0.88298 0.4914666666666667 0.11828 0.27344
14 0.9416599999999999 0.40040000000000003 0.05382 0.10687999999999999
18 0.57536 0.35413333333333336 0.09214 0.11133333333333334