1 0.5733818181818182 0.40399433427762044 0.6414727272727273 0.2788101983002833
9 0.46734545454545456 0.618441926345609 0.30214545454545455 0.18838526912181303
8 0.8939636363636364 0.5533144475920679 0.06076363636363637 0.2123512747875354
7 0.619 0.7565722379603399 0.690309090909091 0.4520679886685553
4 0.2837090909090909 0.5233144475920679 0.1773090909090909 0.45138810198300283
19 0.16867272727272725 0.28195467422096315 0.09669090909090909 0.12286118980169972
2 0.17863636363636365 0.3938243626062323 0.1298 0.6991784702549575
12 0.11085454545454546 0.3075354107648725 0.10378181818181818 0.5864022662889519
17 0.1694 0.6176487252124646 0.18503636363636364 0.31586402266288954
19 0.8168 0.17886685552407933 0.0738 0.07725212464589234
18 0.6762727272727272 0.2245042492917847 0.05132727272727273 0.08668555240793202
2 0.7698363636363637 0.20351274787535412 0.1838909090909091 0.3720396600566573
4 0.9212727272727272 0.33422096317280453 0.15745454545454543 0.28407932011331444