18 0.40238964992389653 0.4350530035335689 0.05727549467275495 0.09837455830388693
10 0.4549771689497717 0.5151236749116608 0.20120243531202434 0.5219081272084806
11 0.6451598173515982 0.5139929328621908 0.17668188736681886 0.5147349823321554
16 0.5258599695585997 0.7836395759717315 0.35127853881278537 0.10162544169611308
14 0.8151293759512938 0.4846996466431095 0.07467275494672755 0.13335689045936397
13 0.8278995433789954 0.6808480565371025 0.09191780821917808 0.24296819787985868
5 0.764490106544901 0.5042402826855124 0.09794520547945204 0.21098939929328622
1 0.24231354642313543 0.4671731448763251 0.1660882800608828 0.09833922261484099
3 0.29211567732115673 0.6281272084805654 0.15494672754946728 0.3636042402826855
7 0.1830593607305936 0.732226148409894 0.1084627092846271 0.2686219081272085
8 0.19727549467275496 0.5604593639575972 0.12028919330289194 0.12773851590106006