9 0.6397733333333333 0.43908545727136433 0.20818666666666666 0.08820089955022489
8 0.9081833333333333 0.3322038980509745 0.042786666666666674 0.09765117441279361
1 0.68296 0.345432283858071 0.42543666666666663 0.23405297351324336
7 0.7531533333333333 0.5168115942028986 0.39393999999999996 0.3502598700649675
19 0.35029333333333335 0.35968515742128937 0.08410333333333334 0.09598200899550224
17 0.32561333333333337 0.6467466266866567 0.27542666666666665 0.09038980509745127
13 0.11756333333333334 0.528015992003998 0.04154666666666667 0.15018990504747626
6 0.13848666666666665 0.40891554222888554 0.06549666666666668 0.23441779110444777
2 0.34573333333333334 0.44008995502248877 0.16011 0.5066666666666667
12 0.21478666666666668 0.417696151924038 0.13512000000000002 0.4951924037981009
4 0.4771033333333333 0.44796601699150423 0.15618333333333334 0.2658770614692654