9 0.30165234375 0.5049625 0.026578125 0.04961875
8 0.46032421875 0.49530625 0.112671875 0.0553
1 0.42641406249999997 0.46486249999999996 0.24016015624999998 0.0594125
7 0.39384765625 0.59173125 0.23284375000000002 0.15315
19 0.39881640625000003 0.43755000000000005 0.02402734375 0.0322875
18 0.59850390625 0.429425 0.059343749999999994 0.0485375
3 0.534578125 0.53380625 0.09549609375 0.21019375
10 0.6232890624999999 0.48338125 0.0910859375 0.2774
11 0.7024140625 0.48150624999999997 0.07033984374999999 0.2623
16 0.64463671875 0.6227625 0.153171875 0.0502125
14 0.75873828125 0.46855625 0.032937499999999995 0.054299999999999994
13 0.770421875 0.5722625 0.0266171875 0.09670625
5 0.74410546875 0.47820625 0.03805078125 0.09859375