15 0.36640104166666665 0.4534444444444445 0.183046875 0.11926851851851852
14 0.13686458333333332 0.40685185185185185 0.0573125 0.08627777777777779
0 0.23683854166666668 0.44752777777777775 0.23382291666666666 0.2741018518518518
13 0.3086979166666667 0.6610185185185184 0.4452447916666667 0.37701851851851853
2 0.7874635416666667 0.48735185185185187 0.12933854166666667 0.4509814814814815
12 0.6434010416666667 0.483037037037037 0.16413020833333333 0.49326851851851855
6 0.5530104166666666 0.5570462962962963 0.20675 0.47907407407407404
4 0.866890625 0.5796296296296296 0.058083333333333334 0.27187962962962964
9 0.9069635416666666 0.48889814814814814 0.032401041666666665 0.06517592592592593
17 0.74384375 0.7113333333333334 0.22131770833333334 0.16283333333333336
19 0.8353437499999999 0.42725 0.07145833333333333 0.10855555555555554