9 0.47240000000000004 0.4568481548699334 0.13682187499999998 0.11779189352692075
8 0.73505 0.4708045977011494 0.043375000000000004 0.07613430127041743
1 0.5564281249999999 0.39719903206291596 0.342378125 0.11343617664851784
7 0.59393125 0.6225710828796127 0.376759375 0.2617059891107078
4 0.388909375 0.49458560193587414 0.080778125 0.31490018148820326
2 0.332265625 0.431016333938294 0.06905312499999999 0.44422867513611614
12 0.292240625 0.40724742891712035 0.04681875 0.3845977011494253
15 0.258396875 0.3682758620689655 0.015065625000000001 0.05862068965517242
13 0.24639375000000002 0.5050211736237145 0.019184375 0.12036902601330914
6 0.261059375 0.4389534180278282 0.01866875 0.12670296430732003
17 0.31486562500000004 0.6247973381730187 0.09675 0.13911070780399273
19 0.3396875 0.33803387779794314 0.069834375 0.08888082274652147
18 0.6457718749999999 0.34229885057471265 0.042940624999999996 0.061113127646702965