9 0.1039453125 0.7395314787701318 0.05140625 0.07633967789165447
9 0.492021484375 0.7614787701317717 0.05064453125 0.06493411420204978
8 0.253837890625 0.7437481698389459 0.09294921875 0.061991215226939976
8 0.665244140625 0.7522401171303075 0.110634765625 0.06272327964860908
7 0.18044921875 0.8181698389458272 0.24564453125 0.12298682284040996
7 0.58662109375 0.8265153733528551 0.2658984375 0.12994143484626647
1 0.19287109375 0.6992386530014641 0.2010546875 0.07710102489019033
1 0.60107421875 0.7128404099560761 0.244892578125 0.09128843338213763
10 0.3801953125 0.7209516837481699 0.07099609375 0.2530307467057101
10 0.805126953125 0.7133235724743777 0.0735546875 0.2646998535871157
11 0.44140625 0.7231771595900439 0.053330078125 0.24267935578330893
11 0.86564453125 0.7109809663250366 0.05931640625 0.250805270863836
14 0.481806640625 0.688814055636896 0.0237109375 0.059516837481698386
14 0.918857421875 0.6877159590043923 0.02759765625 0.04103953147877013
18 0.370283203125 0.6885944363103953 0.0415625 0.06882869692532943
18 0.79693359375 0.6723426061493412 0.048505859375 0.06884333821376282
13 0.928427734375 0.7957686676427526 0.027197265625 0.08796486090775989
5 0.901787109375 0.7579648609077599 0.039033203125 0.14382137628111274
16 0.824453125 0.846705710102489 0.136484375 0.05405563689604685
16 0.397216796875 0.8488579795021962 0.120859375 0.043865300146412885
3 0.3206640625 0.7582723279648609 0.05552734375 0.1887701317715959
3 0.731328125 0.7587115666178624 0.093564453125 0.207393850658858