19 0.6059065934065935 0.46399999999999997 0.04990384615384615 0.059725
1 0.7474038461538461 0.487725 0.187239010989011 0.0638
9 0.7436263736263736 0.5272749999999999 0.09601648351648352 0.0611
7 0.7753021978021978 0.59305 0.16436813186813187 0.11537499999999999
4 0.6712225274725274 0.5421 0.08982142857142857 0.172925
2 0.5802884615384615 0.51295 0.08777472527472527 0.23015
12 0.5075824175824175 0.515275 0.06971153846153846 0.22344999999999998
15 0.44061813186813187 0.50235 0.02197802197802198 0.040775
13 0.4397115384615385 0.577775 0.0226510989010989 0.09845000000000001
6 0.463804945054945 0.5460499999999999 0.05278846153846154 0.13545
17 0.5573351648351649 0.620525 0.1529945054945055 0.05215