1 0.31326666666666664 0.4054014598540146 0.5176222222222222 0.13762773722627739
8 0.3075333333333333 0.5122992700729927 0.22957777777777777 0.1324817518248175
7 0.23573333333333332 0.6307664233576643 0.3881777777777778 0.2678832116788321
10 0.6847777777777777 0.4339416058394161 0.20993333333333333 0.5684671532846715
11 0.8226222222222223 0.416021897810219 0.17644444444444446 0.5365693430656935
16 0.730488888888889 0.6455109489051095 0.30926666666666663 0.17354014598540146
18 0.658688888888889 0.32631386861313866 0.09204444444444444 0.0841970802919708
3 0.4990444444444444 0.5324087591240876 0.18626666666666666 0.3884671532846715
5 0.930088888888889 0.40448905109489053 0.09895555555555556 0.3114598540145985
13 0.9739777777777778 0.521934306569343 0.052066666666666664 0.13583941605839417
14 0.9833555555555555 0.36678832116788324 0.030244444444444442 0.07945255474452555