1 0.2956822916666667 0.40025 0.4018802083333333 0.12732407407407406
8 0.32839583333333333 0.4666018518518519 0.18021354166666667 0.11805555555555555
7 0.23514062500000002 0.6310277777777777 0.365921875 0.32961111111111113
3 0.47202083333333333 0.5246296296296297 0.21588020833333335 0.4162037037037037
16 0.6853802083333334 0.7015 0.28915104166666666 0.1310462962962963
10 0.6394895833333333 0.44275925925925924 0.21628125 0.6073888888888889
11 0.788078125 0.45544444444444443 0.17839583333333334 0.6451111111111112
18 0.585609375 0.3312407407407407 0.10332291666666667 0.1035
5 0.8873802083333333 0.41533333333333333 0.10944791666666666 0.43730555555555556
14 0.9156875 0.3886759259259259 0.03430729166666667 0.1010925925925926
13 0.9330520833333333 0.5840462962962962 0.04125520833333333 0.1739351851851852