15 0.4184907407407408 0.4277467105263158 0.09605555555555555 0.12245065789473684
14 0.2651296296296296 0.3996875 0.021666666666666664 0.07532894736842105
13 0.3469814814814815 0.578733552631579 0.2375462962962963 0.20078947368421052
0 0.3263888888888889 0.4504934210526315 0.15933333333333335 0.1829111842105263
12 0.5880740740740741 0.46180921052631574 0.1456574074074074 0.3341282894736842
2 0.7240092592592592 0.4683223684210526 0.1262222222222222 0.3227138157894737
17 0.6776111111111112 0.6429111842105263 0.24056481481481481 0.08330592105263157
6 0.5026574074074074 0.541266447368421 0.1396388888888889 0.2784703947368421
19 0.7533240740740741 0.42177631578947367 0.04014814814814815 0.07463815789473685
7 0.8761481481481481 0.6045723684210526 0.03407407407407407 0.12796052631578947
4 0.8054444444444444 0.5456085526315789 0.06907407407407407 0.2219407894736842