19 0.35311458333333334 0.30498148148148146 0.11211458333333332 0.12771296296296297
18 0.7108489583333333 0.21607407407407409 0.05327604166666667 0.0980462962962963
9 0.6537916666666667 0.5538981481481482 0.22735937499999997 0.16258333333333333
8 0.946734375 0.49037962962962967 0.04240625 0.1157962962962963
1 0.7082499999999999 0.41167592592592595 0.4751666666666667 0.2732037037037037
7 0.783078125 0.7673148148148149 0.43384375000000003 0.3301574074074074
4 0.4920104166666667 0.5346574074074074 0.203671875 0.4437962962962963
2 0.30442708333333335 0.3867777777777778 0.17793229166666666 0.6987037037037037
12 0.148328125 0.3192037037037037 0.1365625 0.5759074074074074
15 0.03791666666666667 0.21158333333333332 0.051166666666666666 0.10141666666666667
13 0.0275 0.4219259259259259 0.03727604166666666 0.2134537037037037
6 0.06356770833333333 0.2680833333333333 0.050380208333333336 0.1958888888888889
17 0.2626822916666667 0.6817777777777778 0.2993020833333333 0.2601111111111111