1 0.5836860465116279 0.43372093023255814 0.5973488372093023 0.29034108527131786
9 0.45653488372093026 0.560062015503876 0.25001162790697673 0.16165891472868216
7 0.6280116279069767 0.680031007751938 0.6534302325581396 0.3488682170542636
4 0.29986046511627906 0.48978294573643416 0.12504651162790698 0.3931627906976744
2 0.23253488372093023 0.37875968992248066 0.11659302325581394 0.6207286821705427
12 0.1758139534883721 0.3077984496124031 0.10445348837209302 0.5036124031007752
19 0.2337674418604651 0.30057364341085274 0.08355813953488372 0.10466666666666667
16 0.20315116279069767 0.5552403100775194 0.13032558139534883 0.2594883720930233
18 0.7346511627906976 0.25086821705426354 0.05973255813953488 0.08280620155038759
2 0.901813953488372 0.28488372093023256 0.19638372093023254 0.5384031007751938
19 0.9547209302325581 0.20961240310077517 0.09056976744186046 0.09641860465116278
12 0.7782441860465116 0.1757674418604651 0.17632558139534882 0.32947286821705424