19 0.33656989247311825 0.37006451612903224 0.08747311827956988 0.09451612903225806
1 0.6539032258064517 0.37470967741935485 0.4282258064516129 0.11454838709677419
7 0.7114731182795698 0.6267741935483871 0.47167741935483876 0.3104516129032258
4 0.4490430107526882 0.5155000000000001 0.14276344086021506 0.35587096774193544
2 0.3098494623655914 0.43432258064516127 0.13438709677419355 0.5097741935483872
12 0.2001505376344086 0.4231774193548387 0.13003225806451613 0.4767096774193548
15 0.09994623655913978 0.37543548387096776 0.03716129032258065 0.0837741935483871
17 0.27341935483870966 0.661258064516129 0.23116129032258062 0.11775806451612904
13 0.09038709677419356 0.5450483870967742 0.032376344086021504 0.16132258064516128
6 0.1252043010752688 0.43609677419354836 0.05182795698924732 0.18714516129032258
9 0.5976881720430107 0.4549193548387097 0.20826881720430107 0.11367741935483872
8 0.8721612903225806 0.4199838709677419 0.05470967741935484 0.11191935483870968