1 0.6005347222222223 0.26930208333333333 0.49018055555555556 0.0833125
9 0.5013055555555556 0.32467708333333334 0.2130138888888889 0.11766666666666666
8 0.8468055555555556 0.33871875 0.05447222222222222 0.11796875
7 0.6438402777777777 0.5142708333333333 0.5466944444444445 0.34408333333333335
4 0.35062499999999996 0.41098958333333335 0.12924305555555557 0.37984375
2 0.2551875 0.34590624999999997 0.10966666666666666 0.50734375
12 0.19220833333333331 0.35040625 0.11565972222222223 0.49204166666666665
6 0.12213194444444445 0.4075833333333333 0.02642361111111111 0.14111458333333332
15 0.11986805555555556 0.3133229166666667 0.028840277777777777 0.07413541666666666
17 0.2185138888888889 0.5855520833333333 0.16827083333333334 0.12898958333333332
19 0.25786805555555553 0.2565208333333333 0.08956944444444444 0.09941666666666667