1 0.42839904736702833 0.383758231420508 0.46497750727705744 0.16505644402634057
7 0.4031807356443503 0.6421166509877705 0.44805504101614185 0.3462464722483537
9 0.21528182058745698 0.4314346190028222 0.04756284731410426 0.07539510818438382
8 0.5246229161153744 0.4446048918156162 0.1811087589309341 0.11742238946378174
3 0.6406536120666844 0.495277516462841 0.10548557819528975 0.3770319849482597
10 0.7142312781159037 0.39625587958607716 0.09064567345858693 0.4980291627469426
11 0.7639084413866102 0.3804374412041392 0.07772955808414925 0.46924270931326434
13 0.8065731675046308 0.3749200376293509 0.029409896798094734 0.1912793979303857
16 0.7344032812913469 0.6050329256820319 0.12082296903942841 0.16404045155221073
18 0.7186451442180471 0.29820319849482596 0.07695686689600423 0.122516462841016
19 0.34306694892828793 0.27541392285983063 0.043805239481344266 0.07693791157102539