19 0.29291208791208795 0.4401443298969072 0.03843406593406593 0.0482680412371134
18 0.5780494505494506 0.41550515463917526 0.07810439560439561 0.06478350515463918
7 0.3479258241758242 0.6118762886597938 0.3155631868131868 0.1855463917525773
4 0.5229532967032967 0.5309278350515464 0.09902472527472528 0.2581649484536082
10 0.6099038461538462 0.4595670103092783 0.08767857142857143 0.3089896907216495
11 0.6758241758241759 0.459958762886598 0.08631868131868133 0.30977319587628865
16 0.6307142857142858 0.6140206185567011 0.16 0.09701030927835051
8 0.7355631868131868 0.39329896907216494 0.03773351648351648 0.0576701030927835
13 0.7583516483516484 0.5641649484536082 0.026579670329670332 0.10921649484536082
5 0.7361401098901098 0.46199999999999997 0.0365934065934066 0.12630927835051545
1 0.3722252747252747 0.4617731958762887 0.3023489010989011 0.10179381443298968
9 0.2298489010989011 0.5295463917525773 0.0542445054945055 0.07239175257731958
8 0.4331456043956044 0.49962886597938144 0.12429945054945055 0.09162886597938144