8 0.49901612903225806 0.536271551724138 0.19129032258064516 0.10586206896551724
9 0.178 0.5286853448275862 0.0707741935483871 0.10146551724137931
7 0.35682258064516126 0.6770258620689655 0.5043870967741936 0.2735344827586207
3 0.6356774193548387 0.5567456896551723 0.14559677419354838 0.28422413793103446
16 0.7672258064516129 0.6927586206896552 0.15938709677419355 0.10920258620689656
10 0.7325161290322582 0.4799137931034483 0.11530645161290322 0.3882543103448276
11 0.8154193548387096 0.48290948275862067 0.10183870967741936 0.3551508620689655
14 0.8796451612903226 0.43124999999999997 0.038580645161290325 0.06465517241379311
13 0.9000483870967741 0.6140948275862069 0.038887096774193546 0.18030172413793102
19 0.29011290322580646 0.410948275862069 0.06649999999999999 0.05633620689655173
18 0.7210967741935483 0.42717672413793106 0.08438709677419355 0.09239224137931033
1 0.4028548387096774 0.47653017241379314 0.4667096774193549 0.10133620689655173
5 0.8698064516129032 0.5124353448275862 0.07535483870967742 0.14051724137931035