9 0.09635416666666667 0.573138888888889 0.034666666666666665 0.0743888888888889
8 0.3334375 0.5715277777777777 0.19635416666666666 0.11369444444444445
7 0.25166666666666665 0.6969166666666666 0.38695833333333335 0.19094444444444442
3 0.4938125 0.6141666666666666 0.20016666666666666 0.33566666666666667
1 0.3107916666666667 0.5038333333333334 0.40399999999999997 0.10130555555555555
10 0.6655 0.5241388888888889 0.17891666666666667 0.38508333333333333
11 0.8023541666666667 0.5365833333333333 0.1460625 0.37822222222222224
16 0.7135416666666666 0.7213611111111111 0.30475 0.09877777777777778
18 0.6154583333333333 0.4605555555555556 0.0788125 0.08330555555555555
14 0.92525 0.5247499999999999 0.043645833333333335 0.08469444444444443
5 0.8775 0.6096388888888888 0.1148125 0.22569444444444445
13 0.930125 0.6443333333333333 0.041854166666666665 0.1761111111111111