19 0.28596875 0.4590138888888889 0.0648125 0.09047222222222222
1 0.5314453125 0.49722222222222223 0.3283359375 0.12059722222222222
7 0.57196875 0.6926944444444445 0.3104296875 0.23993055555555556
4 0.3897890625 0.5909861111111111 0.1491875 0.3276805555555556
2 0.255234375 0.5503888888888888 0.12313281250000001 0.4151944444444444
12 0.1675546875 0.5526944444444445 0.1075 0.4105694444444445
15 0.08445312499999999 0.5316527777777778 0.021156249999999998 0.06293055555555556
13 0.07964062499999999 0.6502083333333333 0.032359375 0.17348611111111112
6 0.110296875 0.6012638888888889 0.05736718750000001 0.2361111111111111
17 0.2291484375 0.72525 0.21159374999999997 0.10752777777777778
9 0.5177109375 0.574 0.17586718750000002 0.10440277777777777