19 0.307078125 0.41220833333333334 0.08882812500000001 0.09594444444444444
7 0.6769140625000001 0.7643055555555555 0.5253828125 0.3001527777777778
4 0.3950078125 0.6002361111111111 0.1459375 0.4113333333333334
2 0.27440625 0.48204166666666665 0.117234375 0.6022638888888889
12 0.1769609375 0.45933333333333337 0.1160859375 0.5568472222222223
17 0.233 0.7264583333333333 0.231296875 0.20930555555555555
15 0.0796484375 0.37030555555555555 0.0464765625 0.07880555555555556
13 0.0636015625 0.5996111111111111 0.033125 0.22076388888888887
6 0.10393749999999999 0.5145416666666667 0.0674453125 0.42162499999999997
9 0.5389765625 0.6030416666666667 0.162 0.13316666666666666
8 0.882671875 0.5930694444444444 0.07125781249999999 0.10766666666666666
1 0.64871875 0.49486111111111114 0.490859375 0.17791666666666667