18 0.5010375 0.4805949656750572 0.053274999999999996 0.06727688787185354
16 0.5820125 0.7224942791762015 0.2834625 0.12391304347826086
10 0.5392375 0.53441647597254 0.17708749999999998 0.502929061784897
11 0.6866249999999999 0.5274370709382151 0.1552 0.5053089244851259
5 0.7994249999999999 0.4781464530892448 0.1370625 0.2726773455377574
13 0.8500749999999999 0.6126086956521739 0.0732625 0.2506864988558352
14 0.8491374999999999 0.4604347826086957 0.0555 0.06402745995423341
3 0.38892499999999997 0.5890846681922197 0.138425 0.265766590389016
7 0.2440375 0.6565675057208238 0.2021625 0.23727688787185355
1 0.2979625 0.47906178489702517 0.24036249999999998 0.1274141876430206
8 0.28147500000000003 0.5597025171624714 0.128325 0.07947368421052631