8 0.3522 0.504675 0.21587499999999998 0.10230833333333333
16 0.71215625 0.602625 0.2934625 0.21155000000000002
18 0.65314375 0.354775 0.10461875 0.08806666666666667
10 0.672925 0.437625 0.19943124999999998 0.46155
11 0.80128125 0.41244166666666665 0.15728125 0.43784999999999996
5 0.8997562499999999 0.393475 0.08924375 0.19435
3 0.51186875 0.49865 0.20404375000000002 0.28025833333333333
7 0.25708125 0.5964166666666667 0.43888750000000004 0.23580833333333337
1 0.31486875000000003 0.4158833333333333 0.49445625 0.13472499999999998
14 0.9488562500000001 0.36551666666666666 0.0399375 0.06065833333333334
13 0.94573125 0.4835583333333333 0.0427125 0.20675