1 0.65345 0.32286666666666664 0.33448333333333335 0.07998888888888889
9 0.6090833333333333 0.3787888888888889 0.16056666666666666 0.07579999999999999
8 0.82715 0.3459222222222222 0.03928333333333334 0.07425555555555555
7 0.7008833333333333 0.4955 0.37935833333333335 0.21695555555555554
4 0.4920333333333334 0.423 0.11349999999999999 0.24813333333333332
2 0.38201666666666667 0.37397777777777774 0.104575 0.35011111111111115
12 0.2910583333333333 0.36775555555555556 0.09118333333333334 0.34013333333333334
15 0.21226666666666666 0.3452555555555556 0.029891666666666664 0.05315555555555556
13 0.21344166666666667 0.43802222222222226 0.03595 0.13005555555555556
17 0.35314166666666663 0.5327222222222222 0.1875666666666667 0.07747777777777778
19 0.39998333333333336 0.3279777777777778 0.07200000000000001 0.06528888888888888