9 0.62349609375 0.5658246527777778 0.16763427734375 0.11981770833333333
8 0.80272216796875 0.558532986111111 0.03780517578125 0.07919704861111111
1 0.64380859375 0.49768663194444446 0.34009521484375 0.11809461805555554
8 0.65700927734375 0.42522569444444447 0.029580078125 0.038276909722222224
9 0.39044189453125 0.436953125 0.067734375 0.06607638888888889
2 0.35565185546875 0.5087803819444444 0.161728515625 0.3876779513888889
17 0.33978271484375 0.6723177083333334 0.21788330078125 0.11579861111111112
13 0.17852783203125 0.5703559027777777 0.03209228515625 0.14624131944444443
15 0.18979248046875 0.46032118055555554 0.04729736328125 0.08242621527777777
6 0.234345703125 0.5589887152777778 0.10840087890625 0.2410763888888889
4 0.499033203125 0.58109375 0.1346630859375 0.29711805555555554
7 0.6956201171875 0.6868706597222222 0.322880859375 0.18930121527777777