1 0.2849375 0.5762485345838219 0.33215625000000004 0.08028135990621336
8 0.3422421875 0.6222039859320047 0.1371875 0.07171160609613131
9 0.11721875 0.6239742086752638 0.0290859375 0.06818288393903868
7 0.24435156249999998 0.7305978898007035 0.3344375 0.21813599062133646
10 0.5368359375 0.6025674091441969 0.12253906249999999 0.41762016412661196
11 0.6139140624999999 0.6080539273153576 0.10928125 0.4185580304806565
18 0.5097968749999999 0.5374560375146541 0.077390625 0.05963657678780773
16 0.5623125 0.7837162954279016 0.17250000000000001 0.09997655334114888
3 0.438921875 0.6334583821805393 0.0941171875 0.19805392731535756
5 0.668109375 0.6116881594372802 0.068359375 0.23266119577960143
14 0.6901171875000001 0.582672919109027 0.0183828125 0.04957796014067995
19 0.2339765625 0.5262954279015241 0.0278203125 0.03730363423212192