1 0.89596875 0.5160833333333333 0.10917500000000001 0.06841666666666667
9 0.9527875 0.56955 0.0478125 0.055358333333333336
7 0.9573375 0.6582916666666667 0.05690625 0.15949166666666664
4 0.87733125 0.5998249999999999 0.1578125 0.24743333333333334
2 0.6853374999999999 0.5323083333333333 0.25541250000000004 0.38420000000000004
12 0.48004375000000005 0.5305666666666666 0.25233125 0.39071666666666666
15 0.17725000000000002 0.4863166666666667 0.16923125 0.08555833333333333
14 0.03695625 0.48329166666666673 0.03615 0.0795
13 0.15615625 0.6297333333333333 0.30226875 0.23760833333333334
6 0.33400625 0.5840083333333332 0.23975000000000002 0.3157333333333333
0 0.12815625 0.49039166666666667 0.20605 0.18036666666666668
17 0.6242 0.7215416666666666 0.39814374999999996 0.069325
19 0.79193125 0.4872333333333333 0.0536 0.08070833333333333