1 0.42627499999999996 0.5395333333333333 0.3226625 0.12317777777777777
8 0.46447499999999997 0.6107111111111111 0.1355375 0.1068
9 0.2618375 0.5878888888888889 0.0176 0.07064444444444444
7 0.3839875 0.7094666666666667 0.315975 0.17733333333333332
10 0.6507625 0.5428888888888889 0.1031125 0.4060888888888889
11 0.7084 0.5348666666666667 0.08625 0.3995555555555556
18 0.6339374999999999 0.4804 0.0605375 0.06837777777777777
16 0.666725 0.7067333333333333 0.1399625 0.1432888888888889
5 0.7581125 0.5334666666666666 0.053512500000000005 0.2697555555555556
3 0.5752125 0.6294888888888889 0.0954625 0.2582888888888889
19 0.36729999999999996 0.47042222222222224 0.031675 0.05162222222222222