9 0.47125833333333333 0.43697777777777774 0.22083333333333333 0.11801111111111111
8 0.8166166666666667 0.44376666666666664 0.07345 0.08714444444444445
1 0.5784083333333334 0.3722888888888889 0.5065666666666666 0.1060888888888889
7 0.61245 0.5835111111111111 0.5185833333333333 0.23446666666666668
4 0.3312 0.48764444444444444 0.12644166666666665 0.3368
2 0.23660833333333334 0.4106 0.122975 0.4303222222222223
12 0.15809166666666669 0.41204444444444444 0.08735833333333333 0.40147777777777777
15 0.09775 0.4025222222222222 0.0262 0.042744444444444446
13 0.09071666666666667 0.5249444444444444 0.03549166666666667 0.1155888888888889
6 0.12107499999999999 0.48487777777777774 0.04858333333333333 0.27192222222222223
19 0.22935833333333336 0.33528888888888886 0.09418333333333333 0.1051111111111111
17 0.20830833333333335 0.6191000000000001 0.16875 0.08542222222222222
19 0.6891166666666667 0.3252777777777778 0.04703333333333333 0.05015555555555556