9 0.5075677083333333 0.6089074074074075 0.131578125 0.1395648148148148
8 0.75653125 0.6621666666666667 0.057921875 0.12387962962962962
1 0.5902916666666667 0.5563055555555555 0.36578125 0.20102777777777778
4 0.405859375 0.5770092592592592 0.11149479166666666 0.29459259259259263
7 0.608 0.743925925925926 0.40233854166666666 0.28335185185185185
2 0.3349270833333333 0.5146111111111111 0.09046354166666666 0.43246296296296294
12 0.28260416666666666 0.5090555555555555 0.10040625 0.4166574074074074
13 0.194578125 0.5568148148148149 0.0264375 0.14280555555555555
15 0.22076041666666668 0.40074074074074073 0.030890625 0.07139814814814814
6 0.22758333333333333 0.5178425925925926 0.03619270833333333 0.2241111111111111
19 0.35552083333333334 0.44357407407407407 0.079578125 0.08667592592592592
18 0.680203125 0.4983518518518519 0.0476875 0.08141666666666668
17 0.2919322916666667 0.6804166666666667 0.14614583333333334 0.17149074074074075