8 0.29874603174603176 0.5891450777202073 0.26 0.11580310880829016
7 0.2505714285714286 0.7797150259067358 0.37633333333333335 0.295880829015544
3 0.49031746031746026 0.5692227979274611 0.24304761904761907 0.41642487046632126
1 0.322 0.4387305699481865 0.45326984126984127 0.2392487046632124
10 0.6991746031746032 0.4712694300518135 0.17453968253968252 0.5246632124352332
11 0.8358253968253969 0.4362176165803109 0.1014920634920635 0.44730569948186527
14 0.923031746031746 0.4044300518134715 0.046031746031746035 0.08696891191709845
13 0.9146507936507937 0.5250518134715025 0.04282539682539683 0.17520725388601036
5 0.8812380952380952 0.4963212435233161 0.06746031746031746 0.30318652849740935
16 0.7262698412698413 0.684300518134715 0.27746031746031746 0.20790155440414507
18 0.6688888888888889 0.3923834196891192 0.09696825396825397 0.11468911917098447