1 0.3463333333333333 0.41946666666666665 0.3766333333333333 0.09248888888888888
8 0.37939999999999996 0.4802666666666667 0.16763333333333333 0.10626666666666666
7 0.2870333333333333 0.6026666666666667 0.3642666666666667 0.21133333333333332
10 0.6561666666666667 0.45462222222222226 0.1573 0.44537777777777776
11 0.7658333333333334 0.4568 0.12426666666666666 0.4466222222222222
16 0.694 0.6313333333333334 0.23373333333333335 0.12582222222222222
18 0.6237 0.39195555555555556 0.08893333333333334 0.07133333333333333
3 0.5282333333333333 0.4988 0.1422 0.2639111111111111
5 0.8350333333333333 0.4376 0.11289999999999999 0.2932
14 0.8647000000000001 0.4076444444444444 0.0387 0.06253333333333333
13 0.8812333333333333 0.604 0.028233333333333336 0.09017777777777777