9 0.7255870445344129 0.502825 0.1638663967611336 0.13019999999999998
8 0.932004048582996 0.506525 0.02847165991902834 0.104275
1 0.7484615384615385 0.3997 0.3715688259109312 0.203125
19 0.4727530364372469 0.361175 0.08032388663967611 0.146875
17 0.36212550607287447 0.76265 0.3613765182186235 0.195675
2 0.40911943319838057 0.44402500000000006 0.22089068825910932 0.7625749999999999
12 0.23866396761133604 0.43245 0.1925506072874494 0.7561
6 0.11603238866396762 0.37065 0.125748987854251 0.42417499999999997
4 0.5823684210526315 0.49829999999999997 0.17434210526315788 0.516975
13 0.05478744939271255 0.5976 0.06722672064777328 0.30725
15 0.06448380566801619 0.363475 0.04664979757085021 0.168175
7 0.800334008097166 0.681875 0.33530364372469634 0.342425