9 0.7093440860215054 0.5267419354838709 0.1603763440860215 0.09183870967741935
7 0.7765591397849463 0.6536129032258065 0.3528817204301075 0.21654838709677418
1 0.7373655913978494 0.4815 0.3433118279569892 0.08198387096774193
19 0.48613978494623655 0.4601774193548387 0.07526881720430108 0.0845
17 0.39109677419354844 0.6926774193548387 0.2615376344086021 0.10112903225806452
4 0.5796451612903226 0.5440322580645162 0.14829032258064515 0.22641935483870967
2 0.44050537634408604 0.5024516129032258 0.16463440860215056 0.4787258064516129
12 0.3112688172043011 0.49330645161290326 0.18105376344086022 0.4482741935483871
6 0.21753763440860216 0.49922580645161285 0.08345161290322581 0.23574193548387096
13 0.1813440860215054 0.6018225806451613 0.06351612903225806 0.17103225806451613
15 0.18533333333333335 0.4668870967741936 0.030516129032258064 0.06819354838709678