14 0.7182708333333333 0.5634629629629629 0.11856249999999999 0.1263425925925926
15 0.8996822916666667 0.5814444444444444 0.07773958333333333 0.11138888888888888
13 0.8020729166666667 0.7250833333333334 0.30237499999999995 0.2263425925925926
0 0.8040989583333332 0.5768055555555556 0.23813020833333332 0.16692592592592592
5 0.6146927083333333 0.6534722222222222 0.1363125 0.23229629629629628
7 0.2793333333333334 0.7173240740740741 0.037557291666666666 0.1887037037037037
3 0.34213020833333335 0.6888055555555556 0.073828125 0.27575
18 0.3794791666666667 0.5391666666666666 0.05034895833333333 0.08238888888888889
10 0.43434895833333337 0.5838148148148148 0.141859375 0.38001851851851853
11 0.5438385416666667 0.5854259259259259 0.13394791666666667 0.37601851851851853
16 0.45796354166666664 0.7828703703703703 0.21773958333333335 0.07442592592592592