1 0.7244221105527638 0.4631481481481482 0.37954773869346736 0.16611111111111113
9 0.6394974874371859 0.5537962962962963 0.17502512562814068 0.14944444444444446
7 0.7612060301507537 0.7219444444444444 0.43231155778894476 0.2813888888888889
4 0.5 0.605 0.16291457286432162 0.4528703703703703
19 0.38834170854271355 0.4000925925925926 0.07663316582914573 0.13898148148148148
2 0.3489447236180904 0.4756481481481481 0.23854271356783918 0.7370370370370369
12 0.21633165829145728 0.46324074074074073 0.1878894472361809 0.725
6 0.0921608040201005 0.3598148148148148 0.13984924623115577 0.46074074074074073
13 0.040854271356783926 0.6274074074074074 0.05371859296482412 0.20083333333333334
15 0.0692462311557789 0.3389814814814815 0.03849246231155779 0.17324074074074075
17 0.29170854271356783 0.7643518518518518 0.314572864321608 0.16824074074074075