15 0.10432258064516128 0.4601612903225807 0.06648387096774193 0.07153225806451613
13 0.11213978494623657 0.5801774193548387 0.10363440860215054 0.22124193548387094
6 0.1703010752688172 0.47545161290322574 0.12413978494623656 0.18175806451612903
12 0.32978494623655913 0.48735483870967744 0.21435483870967742 0.3579516129032258
2 0.547494623655914 0.4896290322580645 0.24503225806451612 0.3566290322580645
17 0.4856774193548387 0.6622903225806451 0.3947741935483871 0.06288709677419355
1 0.7880752688172042 0.45459677419354844 0.21033333333333334 0.07974193548387097
9 0.8511290322580645 0.494758064516129 0.09988172043010753 0.06974193548387098
7 0.861 0.5972580645161291 0.1153225806451613 0.18120967741935484
4 0.747505376344086 0.5395161290322581 0.19372043010752688 0.22783870967741934
19 0.6021935483870967 0.4195483870967742 0.0600752688172043 0.1