19 0.27800824175824174 0.42818556701030924 0.05023351648351648 0.05997938144329897
18 0.6338598901098901 0.4424123711340206 0.10534340659340659 0.08020618556701031
1 0.36 0.48917525773195875 0.398282967032967 0.09534020618556702
9 0.15706043956043955 0.5343298969072164 0.047348901098901094 0.0949278350515464
8 0.4356043956043956 0.5469690721649484 0.16214285714285714 0.09960824742268042
7 0.31567307692307695 0.7058350515463917 0.44697802197802194 0.24263917525773196
3 0.5519368131868132 0.6036288659793815 0.13543956043956043 0.33962886597938147
10 0.6651923076923076 0.5132371134020618 0.1396703296703297 0.44729896907216493
11 0.7928846153846154 0.5167216494845361 0.11781593406593406 0.4392577319587629
14 0.8631318681318682 0.4631340206185567 0.03642857142857143 0.07624742268041236
13 0.9050274725274725 0.6604742268041237 0.04736263736263736 0.17235051546391753
5 0.8495192307692309 0.500680412371134 0.05865384615384616 0.1884536082474227
16 0.7159752747252748 0.7382680412371134 0.22835164835164837 0.10284536082474227