18 0.5912125 0.4000937207122774 0.0988625 0.06569821930646673
16 0.68229375 0.6604967197750703 0.33148125 0.2584723523898782
10 0.63616875 0.4855482661668229 0.22997499999999998 0.508406747891284
11 0.794475 0.44373008434864103 0.15538125 0.4559981255857545
5 0.8963875 0.4227366447985005 0.10343125 0.25087160262417996
13 0.94285625 0.4989315838800375 0.05618125 0.15402061855670104
14 0.944075 0.38334582942830364 0.0358375 0.060318650421743204
3 0.44361874999999995 0.5279943767572634 0.233825 0.31523898781630744
1 0.28176875 0.4452108716026242 0.41955624999999996 0.18092783505154642
7 0.20996874999999998 0.6642268041237114 0.35365625 0.26211808809746956
8 0.27213750000000003 0.5409278350515464 0.203875 0.10056232427366447