9 0.4955375 0.44356666666666666 0.1783625 0.1237
2 0.24254375 0.37307777777777773 0.13695625 0.4530888888888889
12 0.1278125 0.35036666666666666 0.10124375000000001 0.37064444444444444
13 0.046393750000000004 0.3911444444444444 0.042562499999999996 0.14107777777777777
15 0.0433375 0.30844444444444447 0.02595 0.060866666666666666
6 0.07993750000000001 0.41074444444444447 0.07376875 0.3086111111111111
7 0.5471374999999999 0.586011111111111 0.3206125 0.2654888888888889
1 0.5169874999999999 0.35782222222222226 0.3476875 0.13368888888888888
4 0.355375 0.4792444444444444 0.1500375 0.3345777777777778
19 0.265975 0.31187777777777775 0.09206875 0.10107777777777778
17 0.202425 0.5755555555555556 0.19753125000000002 0.1705777777777778