9 0.25538 0.6854422788605697 0.07397 0.04385307346326837
9 0.48907999999999996 0.6925487256371814 0.049030000000000004 0.07200899550224887
8 0.3971 0.6867316341829086 0.045090000000000005 0.05035982008995503
8 0.69 0.6960269865067467 0.12198 0.09229385307346327
1 0.62682 0.6519790104947526 0.28673000000000004 0.07749625187406296
1 0.29943000000000003 0.6538680659670165 0.21418 0.06461769115442278
7 0.31357 0.7583208395802099 0.22225999999999999 0.11298350824587707
7 0.6080800000000001 0.7919940029985008 0.31815 0.1667016491754123
4 0.19684000000000001 0.68095952023988 0.05568 0.12545727136431786
3 0.77207 0.6922938530734633 0.05832 0.18170914542728636
2 0.14947 0.6615742128935532 0.04537 0.20661169415292355
12 0.12113 0.6674062968515743 0.05759 0.19494752623688155
17 0.1376 0.7686206896551724 0.07719 0.04091454272863568
19 0.15366 0.6287406296851574 0.04709000000000001 0.05434782608695652
19 0.5479700000000001 0.6122488755622189 0.04237 0.048005997001499254
18 0.35614 0.6212593703148426 0.032049999999999995 0.03602698650674663
18 0.82288 0.6251874062968515 0.05219 0.07053973013493253
10 0.82965 0.6702548725637182 0.05684 0.27397301349325337
11 0.8680800000000001 0.6704347826086957 0.06852 0.27115442278860574
16 0.84839 0.8062368815592204 0.09209999999999999 0.05950524737631184