9 0.06936170212765957 0.42928 0.059617021276595746 0.1764
8 0.3292340425531915 0.48392 0.21910638297872342 0.19088
7 0.22089361702127658 0.71512 0.40995744680851065 0.31536000000000003
1 0.2903404255319149 0.38176 0.4258723404255319 0.1584
19 0.22999999999999998 0.28887999999999997 0.05936170212765957 0.09112
18 0.6202127659574468 0.33696 0.09276595744680852 0.14576
3 0.5031489361702127 0.56312 0.19178723404255318 0.46272
10 0.6693191489361702 0.40992 0.17514893617021274 0.6888
11 0.8258297872340425 0.37664 0.17514893617021274 0.6281599999999999
16 0.7221702127659575 0.7403200000000001 0.3187234042553192 0.20576
14 0.9642127659574469 0.29008 0.07153191489361702 0.09944
13 0.9737021276595744 0.5576 0.05263829787234042 0.17815999999999999
5 0.9334468085106383 0.37248000000000003 0.08246808510638297 0.19312