10 0.5908709677419355 0.44582258064516134 0.2137741935483871 0.5461129032258064
11 0.7598817204301076 0.4435806451612903 0.21416129032258063 0.5448709677419354
16 0.6525698924731183 0.6695645161290322 0.33596774193548384 0.1387741935483871
18 0.5285483870967742 0.40891935483870967 0.09366666666666666 0.09812903225806452
5 0.8720752688172043 0.34216129032258064 0.15036559139784947 0.3291129032258065
14 0.9386236559139784 0.3719193548387097 0.0383010752688172 0.0660483870967742
13 0.9437634408602151 0.5089032258064515 0.07008602150537635 0.23358064516129032
3 0.41278494623655915 0.4935806451612903 0.1780215053763441 0.23841935483870966
8 0.2717204301075269 0.4809516129032258 0.17077419354838708 0.10025806451612902
7 0.19873118279569893 0.6264677419354839 0.3499247311827957 0.262241935483871
1 0.2441720430107527 0.42396774193548387 0.352752688172043 0.10241935483870968