9 0.10462151394422312 0.5437234042553192 0.06665338645418327 0.17138297872340424
8 0.428804780876494 0.5572872340425532 0.19705179282868526 0.17186170212765958
7 0.28573705179282866 0.7233510638297873 0.5142231075697211 0.26085106382978723
3 0.5922709163346613 0.5985106382978723 0.15322709163346615 0.37643617021276593
19 0.2492430278884462 0.4017553191489362 0.05422310756972111 0.05840425531914894
18 0.6979282868525897 0.4218617021276596 0.10641434262948207 0.08718085106382979
1 0.31159362549800795 0.49611702127659574 0.4211155378486056 0.1630851063829787
10 0.7352191235059761 0.47792553191489356 0.13266932270916335 0.5031914893617021
11 0.8429880478087649 0.4546808510638298 0.10872509960159363 0.4512765957446809
16 0.7587649402390437 0.7061170212765957 0.2537450199203187 0.18143617021276595
13 0.9474501992031873 0.5778191489361701 0.043386454183266934 0.11765957446808512
5 0.9072908366533864 0.5054255319148936 0.0498804780876494 0.18590425531914895