9 0.5544061810154526 0.432774607703281 0.24905077262693157 0.14693295292439373
8 0.912233995584989 0.4250071326676177 0.05521412803532009 0.11495007132667617
1 0.6520176600441501 0.3420256776034237 0.535514348785872 0.155641940085592
7 0.7061368653421634 0.6249144079885878 0.528962472406181 0.39331669044222534
4 0.40194701986754966 0.4715549215406562 0.17665783664459161 0.4317118402282454
2 0.25296688741721857 0.37629814550641943 0.16419867549668876 0.6141012838801712
4 0.14426048565121413 0.3568544935805991 0.13810154525386314 0.5752211126961484
17 0.21865342163355408 0.6519686162624821 0.2515673289183223 0.16211126961483596
19 0.2817350993377483 0.2600356633380884 0.11470198675496689 0.12955777460770326
15 0.05628697571743929 0.29709700427960056 0.035743929359823394 0.09430813124108417
6 0.0666578366445916 0.3550927246790299 0.04176158940397351 0.177018544935806
6 0.7141545253863134 0.26554921540656207 0.07406181015452538 0.08828815977175464