9 0.06947395833333332 0.6825092592592593 0.04816145833333333 0.12967592592592594
8 0.31474479166666663 0.6651666666666667 0.18352083333333333 0.12723148148148147
1 0.26519270833333336 0.5948518518518519 0.40488541666666666 0.1704074074074074
7 0.207015625 0.8212777777777778 0.38161458333333337 0.2656203703703704
10 0.6382239583333333 0.5817962962962964 0.19280729166666666 0.5100277777777779
11 0.799375 0.564675925925926 0.15522916666666667 0.4701851851851852
16 0.6944114583333333 0.8314907407407407 0.33043229166666666 0.14025925925925925
18 0.6199166666666667 0.501787037037037 0.08358854166666667 0.11449074074074074
14 0.9509010416666667 0.528425925925926 0.060515624999999997 0.12292592592592591
13 0.9475104166666667 0.6947685185185185 0.05688541666666667 0.1976574074074074
5 0.9038020833333333 0.5291944444444444 0.10932291666666667 0.2848981481481481
3 0.43440625 0.7071388888888889 0.23996875 0.4000370370370371