9 0.24490234375 0.43490885416666664 0.03064453125 0.07526041666666666
8 0.445546875 0.43776041666666665 0.148740234375 0.08532552083333333
1 0.40470703125 0.39674479166666665 0.31771484375 0.072734375
7 0.37205078125 0.5521223958333333 0.33865234375 0.18384114583333333
3 0.552861328125 0.4633072916666667 0.122109375 0.20430989583333334
10 0.643154296875 0.41889322916666666 0.071865234375 0.2909375
11 0.696279296875 0.417265625 0.0626953125 0.28768229166666665
5 0.73146484375 0.429765625 0.02232421875 0.09537760416666667
13 0.7394921875 0.500078125 0.026982421875 0.07108072916666668
16 0.656552734375 0.5463802083333333 0.108505859375 0.0790234375
18 0.633427734375 0.3650911458333333 0.070400390625 0.06308593750000001