9 0.7050686813186813 0.5415432098765433 0.1356043956043956 0.06969135802469135
1 0.7111675824175825 0.5125514403292181 0.2809478021978022 0.05290123456790124
7 0.7737499999999999 0.6509876543209876 0.25184065934065936 0.15563786008230454
4 0.5966071428571428 0.6045267489711934 0.16229395604395605 0.26333333333333336
2 0.43315934065934064 0.5645061728395062 0.16449175824175824 0.3372222222222222
12 0.28550824175824174 0.5786625514403293 0.13125 0.343395061728395
15 0.1549175824175824 0.5758230452674897 0.05813186813186813 0.1794238683127572
13 0.13925824175824175 0.7476337448559671 0.049093406593406594 0.14923868312757202
6 0.17960164835164835 0.6304115226337449 0.07792582417582417 0.1651440329218107
17 0.4094368131868132 0.7424691358024691 0.29456043956043954 0.11069958847736625
19 0.47086538461538463 0.4987448559670782 0.0814010989010989 0.06325102880658436