9 0.62065625 0.5660833333333334 0.15085416666666665 0.07312962962962963
8 0.7893020833333334 0.5229537037037036 0.029807291666666666 0.0640462962962963
1 0.6326979166666666 0.48837962962962966 0.305140625 0.12760185185185186
7 0.6844635416666667 0.6806296296296297 0.2836770833333333 0.20851851851851852
4 0.509421875 0.6000833333333334 0.13498437500000002 0.3032962962962963
2 0.37688020833333336 0.5452685185185185 0.12857812500000002 0.38952777777777775
12 0.26394791666666667 0.5475833333333333 0.09716145833333334 0.38489814814814816
15 0.16968229166666668 0.5376111111111112 0.028416666666666666 0.06557407407407406
13 0.17208854166666668 0.6429814814814815 0.048854166666666664 0.17446296296296296
6 0.21047916666666666 0.6150092592592593 0.08790625 0.2518425925925926
17 0.35561458333333335 0.7384351851851851 0.2231979166666667 0.053648148148148146
19 0.40986458333333337 0.4771666666666667 0.062609375 0.07431481481481482
18 0.6556145833333333 0.4172962962962963 0.041479166666666664 0.04546296296296296