1 0.37097499999999994 0.47184 0.33403750000000004 0.14637999999999998
7 0.32451250000000004 0.68084 0.3238125 0.22591999999999998
8 0.409475 0.55084 0.159125 0.11976
9 0.210075 0.52652 0.0334 0.06495999999999999
10 0.6375875 0.46356 0.11727499999999999 0.3698
11 0.7396375000000001 0.44592000000000004 0.09207499999999999 0.33008
16 0.6629375000000001 0.6424 0.1872125 0.14904
14 0.801275 0.35294 0.0504125 0.12702
13 0.820325 0.5459400000000001 0.038525000000000004 0.10995999999999999
5 0.8 0.45282 0.04595 0.14526
18 0.6144124999999999 0.4218 0.0709375 0.06476000000000001
3 0.52 0.55916 0.1371125 0.31898000000000004