7 0.7363647058823529 0.7266986899563319 0.4724235294117647 0.281353711790393
8 0.9125176470588235 0.5859388646288209 0.053023529411764705 0.09451528384279476
9 0.6132588235294117 0.5581572052401746 0.1745 0.10882096069868995
1 0.7019823529411764 0.5180873362445415 0.42489411764705887 0.08107423580786026
19 0.39982352941176474 0.5023755458515284 0.0794 0.07758951965065503
15 0.2284764705882353 0.5743580786026201 0.028470588235294116 0.05737991266375546
13 0.21558823529411764 0.7095720524017468 0.028576470588235293 0.20903056768558953
6 0.24692941176470587 0.5994934497816593 0.05361176470588235 0.188
4 0.4849058823529412 0.6134410480349345 0.12101176470588235 0.2997379912663755
2 0.3949058823529412 0.5730218340611354 0.1213235294117647 0.4599301310043668
12 0.30410000000000004 0.5880262008733624 0.12324117647058823 0.4235720524017467
17 0.3459176470588235 0.8039650655021834 0.1786470588235294 0.08689082969432314