8 0.4033791208791209 0.5677525773195876 0.155 0.09152577319587629
16 0.6746016483516484 0.7248453608247423 0.22962912087912085 0.18049484536082475
18 0.5981318681318681 0.4680206185567011 0.08866758241758241 0.0823917525773196
10 0.6353296703296704 0.5331958762886598 0.16236263736263737 0.45383505154639175
11 0.7417857142857143 0.5355876288659793 0.15831043956043955 0.4744536082474227
3 0.5118818681318681 0.5782268041237113 0.12398351648351649 0.2679175257731959
1 0.344793956043956 0.5221030927835052 0.36094780219780215 0.12078350515463918
9 0.17267857142857143 0.5721649484536082 0.030233516483516486 0.06861855670103092
7 0.2990796703296703 0.6845773195876288 0.3316620879120879 0.22439175257731958
5 0.8341208791208792 0.5064329896907217 0.07883241758241759 0.19727835051546394
14 0.8558516483516483 0.4746185567010309 0.033516483516483515 0.060701030927835055
13 0.8678846153846155 0.5937319587628865 0.030123626373626373 0.19744329896907217