8 0.753279569892473 0.6453709677419355 0.05350537634408602 0.17558064516129032
9 0.5280107526881721 0.7634516129032257 0.14776344086021503 0.12501612903225806
2 0.34260215053763443 0.48335483870967744 0.09713978494623657 0.4572903225806451
12 0.26265591397849464 0.3591935483870968 0.08539784946236559 0.3572258064516129
17 0.3162043010752688 0.5869516129032258 0.16295698924731183 0.32496774193548383
15 0.18776344086021507 0.20900000000000002 0.028806451612903225 0.05196774193548387
0 0.2950322580645161 0.12470967741935483 0.20748387096774196 0.11637096774193549
6 0.2125806451612903 0.33599999999999997 0.06172043010752688 0.2342741935483871
19 0.35417204301075267 0.5146935483870968 0.06531182795698925 0.07553225806451612
18 0.6687204301075268 0.3799193548387097 0.04448387096774193 0.07480645161290322
1 0.5884086021505377 0.6006290322580645 0.33546236559139786 0.3334354838709677
7 0.6141505376344085 0.8139354838709677 0.353494623655914 0.23893548387096772
4 0.44133333333333336 0.6649516129032258 0.10822580645161291 0.2666612903225807