9 0.5408241758241759 0.5035164835164835 0.19399725274725274 0.13578021978021979
8 0.7933928571428572 0.5007252747252747 0.08100274725274725 0.1214065934065934
7 0.6467857142857143 0.6796703296703297 0.44164835164835164 0.2506813186813187
1 0.6032005494505495 0.4516043956043956 0.4039285714285714 0.11982417582417583
4 0.4038324175824176 0.5030109890109891 0.15076923076923077 0.26457142857142857
2 0.3026785714285714 0.4441538461538462 0.1132967032967033 0.43021978021978025
12 0.2304945054945055 0.4321758241758241 0.09531593406593407 0.40626373626373624
13 0.14945054945054945 0.5570549450549451 0.03760989010989011 0.12854945054945055
6 0.17510989010989012 0.448 0.05872252747252747 0.13901098901098902
17 0.2627747252747253 0.6893626373626374 0.1406456043956044 0.1514065934065934
19 0.3064835164835165 0.384 0.09070054945054945 0.10329670329670329
18 0.6813736263736264 0.3818021978021978 0.03278846153846154 0.06375824175824177