8 0.47097527472527473 0.6473608247422681 0.0923489010989011 0.07090721649484537
1 0.46890109890109893 0.6180824742268041 0.20266483516483516 0.06389690721649484
7 0.42342032967032966 0.7399381443298969 0.1895467032967033 0.13235051546391752
3 0.5663461538461538 0.6782474226804124 0.11296703296703296 0.19377319587628866
10 0.6791620879120879 0.6141443298969073 0.11723901098901097 0.2622061855670103
11 0.7897252747252747 0.6072783505154639 0.10806318681318682 0.23604123711340208
16 0.7073626373626374 0.7431546391752577 0.2148489010989011 0.07911340206185566
18 0.6441895604395604 0.583958762886598 0.05188186813186814 0.05408247422680412
5 0.8742307692307693 0.6211134020618557 0.0746978021978022 0.10777319587628867
14 0.8851648351648351 0.5518556701030928 0.05075549450549451 0.09643298969072166
13 0.8987362637362637 0.7017731958762887 0.052733516483516485 0.08694845360824742