1 0.6505450236966824 0.4652421052631579 0.3366232227488152 0.13010526315789472
9 0.6134123222748815 0.5428842105263157 0.1523341232227488 0.10722105263157895
8 0.8253317535545024 0.5271368421052631 0.031800947867298576 0.08869473684210527
7 0.6915165876777251 0.6564000000000001 0.32925355450236965 0.22736842105263158
4 0.4981635071090047 0.5434736842105262 0.12432464454976304 0.3353052631578948
2 0.37528436018957345 0.4827157894736842 0.12149289099526067 0.4305894736842105
12 0.28139810426540285 0.4708631578947368 0.10873222748815166 0.4101473684210526
17 0.34545023696682464 0.6810736842105263 0.2076658767772512 0.09858947368421052
15 0.18689573459715642 0.44267368421052633 0.030912322274881516 0.07522105263157894
13 0.18420616113744076 0.5642947368421053 0.034644549763033175 0.17917894736842105
6 0.22265402843601895 0.5378105263157895 0.0671090047393365 0.25922105263157896
19 0.406978672985782 0.4069052631578947 0.06639810426540284 0.08789473684210526