7 0.4302890625 0.6176458333333333 0.373734375 0.24384375
3 0.64178125 0.5416666666666666 0.138546875 0.25036458333333333
10 0.7411171875 0.4802916666666667 0.113984375 0.34931249999999997
11 0.8084921875 0.46669791666666666 0.10870312499999998 0.3140104166666667
14 0.8822578125 0.4478958333333333 0.029906250000000002 0.05613541666666667
9 0.2853359375 0.4838020833333333 0.032492187500000005 0.0654375
8 0.506734375 0.4838645833333333 0.1761875 0.09235416666666667
1 0.46595312499999997 0.4428229166666667 0.349078125 0.060875
16 0.772671875 0.6482708333333334 0.1669453125 0.08776041666666666
13 0.8902187500000001 0.5879583333333334 0.024578125 0.08339583333333334
13 0.871453125 0.5050104166666667 0.0596328125 0.09870833333333334
18 0.72478125 0.4259791666666667 0.08103125 0.07292708333333334