19 0.1971153846153846 0.47621951219512193 0.05745879120879121 0.0698048780487805
9 0.32949175824175825 0.6095609756097561 0.12990384615384615 0.07634146341463414
8 0.5136401098901099 0.5971951219512195 0.06550824175824176 0.06785365853658537
1 0.39255494505494504 0.5445609756097561 0.28858516483516483 0.10987804878048779
7 0.4085851648351648 0.691439024390244 0.31148351648351646 0.18246341463414634
2 0.1795879120879121 0.5246585365853659 0.07510989010989011 0.3594634146341463
14 0.1089010989010989 0.4740243902439024 0.021648351648351646 0.05007317073170732
13 0.09758241758241759 0.5854146341463415 0.020975274725274724 0.14929268292682926
6 0.12376373626373625 0.5922926829268292 0.03471153846153846 0.20121951219512196
17 0.17142857142857143 0.697219512195122 0.10640109890109889 0.10295121951219513
4 0.2415247252747253 0.6058780487804878 0.05612637362637363 0.2520487804878049
14 0.7038736263736263 0.5118536585365854 0.11451923076923078 0.06395121951219512
15 0.871043956043956 0.5058780487804878 0.03494505494505495 0.05521951219512195
13 0.7886263736263737 0.647390243902439 0.2730357142857143 0.22121951219512195
18 0.4753021978021978 0.47609756097560973 0.043818681318681316 0.07046341463414635
10 0.5239972527472528 0.5384878048780488 0.11519230769230769 0.3408780487804878
16 0.5728296703296704 0.7024146341463415 0.07798076923076923 0.072
5 0.6239010989010989 0.6008780487804878 0.08021978021978021 0.2913414634146341
0 0.789629120879121 0.5404878048780488 0.212760989010989 0.19278048780487805