9 0.10190298507462686 0.5875531914893617 0.1453358208955224 0.15776595744680852
8 0.5298134328358209 0.6022872340425532 0.25074626865671645 0.18734042553191488
1 0.37791044776119403 0.5003723404255319 0.6185820895522388 0.21398936170212765
7 0.3430597014925373 0.7898404255319149 0.6317910447761194 0.2846808510638298
3 0.678134328358209 0.6294148936170213 0.13257462686567165 0.4736170212765958
14 0.9500746268656717 0.421063829787234 0.054776119402985074 0.12031914893617021
13 0.9672388059701493 0.6742021276595744 0.04361940298507463 0.17122340425531915
5 0.9355597014925373 0.575531914893617 0.07626865671641792 0.4234042553191489
10 0.7727238805970149 0.5070212765957447 0.12298507462686567 0.6409574468085106
11 0.8732835820895523 0.49313829787234037 0.11955223880597014 0.5983510638297872
16 0.8248507462686567 0.7870744680851064 0.21477611940298508 0.16138297872340426
19 0.1744776119402985 0.39324468085106384 0.08317164179104478 0.10611702127659574
18 0.7575746268656717 0.4070744680851064 0.09679104477611941 0.11601063829787234