19 0.41356 0.42149425287356324 0.07194 0.10191570881226054
2 0.36486 0.4574712643678161 0.1812 0.6400383141762452
12 0.23612 0.42440613026819923 0.16291999999999998 0.5642911877394636
17 0.31982 0.7097318007662835 0.27277999999999997 0.18666666666666668
13 0.09178 0.492375478927203 0.05318 0.22693486590038314
6 0.12863999999999998 0.3616475095785441 0.10392 0.26988505747126434
15 0.09724 0.33130268199233714 0.02596 0.07796934865900383
1 0.67962 0.4820689655172414 0.36092 0.23900383141762452
4 0.51588 0.5459003831417624 0.19326 0.34114942528735637
9 0.649 0.6200766283524904 0.16113999999999998 0.11908045977011493
7 0.7166 0.7178927203065134 0.3697 0.30938697318007663