8 0.346390625 0.6289331770222744 0.18455468749999998 0.1023915592028136
9 0.1291328125 0.6205509964830013 0.050828125 0.10320046893317703
1 0.2903671875 0.5654161781946073 0.349859375 0.1336107854630715
7 0.252625 0.7368698710433763 0.3311015625 0.20929660023446658
3 0.47493749999999996 0.6515240328253223 0.1755390625 0.3155099648300117
10 0.6263203125000001 0.5677608440797186 0.1858203125 0.38450175849941387
11 0.7736875000000001 0.5605744431418523 0.1444375 0.3625791324736225
16 0.6659921875 0.7650762016412661 0.309046875 0.105978898007034
14 0.897546875 0.5286635404454865 0.044679687499999995 0.09527549824150058
13 0.90003125 0.6516178194607269 0.05973437499999999 0.14532239155920282
5 0.8516484375 0.6186166471277842 0.1364765625 0.2816647127784291
18 0.6064296875 0.4993669402110199 0.08353906250000001 0.0952989449003517