18 0.6655714285714285 0.3885858585858586 0.07668131868131868 0.0801010101010101
19 0.34800000000000003 0.38693602693602697 0.03645054945054945 0.03885521885521885
1 0.420978021978022 0.4266329966329966 0.3882087912087912 0.0845959595959596
9 0.24118681318681318 0.46648148148148144 0.0466043956043956 0.06328282828282829
8 0.4889560439560439 0.46265993265993266 0.13054945054945055 0.07092592592592593
7 0.38234065934065936 0.5987205387205387 0.3528681318681319 0.20755892255892258
3 0.5853626373626373 0.5111784511784512 0.10221978021978022 0.2513468013468014
10 0.667098901098901 0.4578619528619529 0.07860439560439561 0.3337710437710438
11 0.7435714285714285 0.4621717171717171 0.07350549450549451 0.3257239057239057
16 0.6966263736263736 0.6185521885521886 0.16026373626373627 0.10114478114478115
5 0.7879340659340659 0.4701346801346801 0.03871428571428571 0.1497979797979798
14 0.8072417582417583 0.4302525252525252 0.02985714285714286 0.055101010101010095