9 0.453046511627907 0.5590387596899224 0.23838372093023255 0.17198449612403102
8 0.8822674418604651 0.49736434108527133 0.08456976744186047 0.16027906976744186
19 0.23629069767441863 0.304015503875969 0.07231395348837209 0.08675968992248062
1 0.5986744186046512 0.42001550387596903 0.5901162790697675 0.3094573643410853
7 0.6335 0.7008837209302325 0.6341860465116279 0.30993798449612403
2 0.23725581395348835 0.37049612403100773 0.1137906976744186 0.5793953488372092
12 0.17884883720930234 0.33372093023255817 0.09605813953488372 0.5151472868217054
18 0.7318720930232557 0.25319379844961243 0.04461627906976744 0.07815503875968992
19 0.9528139534883721 0.19584496124031006 0.08301162790697675 0.06885271317829457
2 0.9023953488372093 0.27032558139534885 0.19522093023255813 0.4875968992248062
12 0.7821860465116278 0.17894573643410852 0.1614651162790698 0.3203565891472868
4 0.3080697674418605 0.4766046511627907 0.12517441860465117 0.27069767441860465