9 0.17098901098901098 0.6790721649484537 0.06696428571428571 0.07515463917525773
8 0.4244368131868132 0.6857319587628866 0.16451923076923075 0.0843298969072165
7 0.34589285714285717 0.8070309278350516 0.46896978021978025 0.22383505154639174
1 0.3921565934065934 0.631278350515464 0.47633241758241757 0.1857319587628866
3 0.5609203296703297 0.7047216494845361 0.2108653846153846 0.2982886597938144
10 0.750989010989011 0.6128453608247423 0.17138736263736262 0.4367010309278351
5 0.8929807692307693 0.6642474226804124 0.10160714285714285 0.24342268041237114
16 0.7615521978021977 0.8072371134020618 0.23958791208791208 0.09230927835051547
13 0.9467445054945055 0.6859999999999999 0.0415521978021978 0.11375257731958763
18 0.7036675824175824 0.5482886597938145 0.08561813186813187 0.08575257731958763
18 0.3555631868131868 0.5422886597938145 0.03501373626373626 0.04903092783505155