16 0.80971875 0.6025454545454545 0.13218749999999999 0.1957433155080214
18 0.7772265625 0.3686524064171123 0.0906328125 0.11297326203208556
19 0.29578906250000003 0.33472727272727276 0.0496328125 0.07719786096256685
1 0.4564921875 0.43497326203208553 0.46218750000000003 0.17788235294117646
9 0.20434375 0.5017219251336899 0.08809375 0.11886631016042781
8 0.6103125 0.5172727272727272 0.17347656250000001 0.10719786096256685
7 0.4266015625 0.6526737967914439 0.5716796875 0.2509304812834225
3 0.6504921875 0.5093368983957219 0.2123046875 0.33032085561497326
10 0.780421875 0.4223743315508022 0.086609375 0.4557005347593583
11 0.8254609374999999 0.41547593582887704 0.0863359375 0.44055614973262036
5 0.8686093749999999 0.4683422459893048 0.028609375 0.2580534759358289