1 0.3372375 0.4781777777777778 0.35195 0.09151111111111111
7 0.293025 0.6738888888888889 0.347575 0.2775111111111111
8 0.38628749999999995 0.5246222222222222 0.15282500000000002 0.11526666666666666
9 0.1703 0.5359555555555555 0.056975 0.08362222222222222
10 0.631875 0.49520000000000003 0.1313875 0.4225555555555556
11 0.7350875000000001 0.48713333333333336 0.1356625 0.4288222222222222
3 0.511725 0.5644 0.14351250000000002 0.31871111111111106
16 0.6725249999999999 0.7281777777777778 0.23024999999999998 0.13933333333333334
18 0.6082 0.42779999999999996 0.08276249999999999 0.0846
13 0.8647125 0.6380888888888888 0.0514375 0.2059111111111111
5 0.8337125000000001 0.5318888888888889 0.11157500000000001 0.16353333333333334
14 0.8458374999999999 0.44384444444444443 0.046925 0.10186666666666667