7 0.6528375 0.6427888888888889 0.2865875 0.18993333333333334
1 0.6276062499999999 0.46790000000000004 0.2794875 0.07095555555555555
9 0.57370625 0.5102777777777778 0.1408375 0.09157777777777779
8 0.75616875 0.5247 0.0536125 0.06847777777777778
13 0.22269375 0.5966666666666667 0.0549375 0.20232222222222224
15 0.2195 0.46307777777777775 0.048049999999999995 0.07495555555555555
2 0.38847499999999996 0.4929444444444444 0.10786875 0.31802222222222226
12 0.29983125 0.49067777777777777 0.08058749999999999 0.30237777777777775
17 0.34848125 0.6794444444444444 0.18149374999999998 0.12563333333333332
19 0.40537500000000004 0.44754444444444447 0.085425 0.11611111111111111
18 0.64870625 0.4305333333333334 0.0404125 0.05678888888888889
4 0.47403125 0.5755888888888888 0.13071249999999998 0.2808777777777778