16 0.8639264264264265 0.7917176470588235 0.1449774774774775 0.08052941176470589
7 0.6016666666666667 0.7467058823529412 0.28981981981981986 0.15858823529411767
8 0.6620420420420421 0.6804235294117648 0.12832582582582583 0.07308235294117647
8 0.4419219219219219 0.6964823529411764 0.07521021021021021 0.06485882352941177
8 0.21757507507507506 0.6888235294117647 0.04986486486486487 0.056270588235294114
9 0.05788288288288288 0.6838823529411764 0.042590090090090085 0.06318823529411764
9 0.25780030030030027 0.6864 0.05084834834834835 0.061129411764705884
9 0.4872072072072072 0.6789294117647059 0.036111111111111115 0.043199999999999995
7 0.1298123123123123 0.7722 0.20575825825825825 0.11656470588235295
7 0.35702702702702704 0.7745294117647059 0.2890990990990991 0.15372941176470586
1 0.1826051051051051 0.6434470588235294 0.26416666666666666 0.09324705882352942
1 0.399451951951952 0.6468117647058823 0.3053153153153153 0.1134235294117647
1 0.623536036036036 0.6275764705882354 0.27825825825825823 0.09511764705882353
3 0.7616816816816816 0.6556823529411765 0.08811561561561562 0.16141176470588234
18 0.8200075075075075 0.5895764705882353 0.05906156156156156 0.04265882352941176
10 0.843963963963964 0.6639882352941177 0.10124624624624626 0.3091058823529412
11 0.9043318318318317 0.6622117647058824 0.11173423423423424 0.31564705882352945
13 0.9705330330330331 0.7319647058823529 0.04036036036036036 0.12236470588235294
8 0.9651126126126126 0.6491529411764706 0.018783783783783783 0.034058823529411766
5 0.9338288288288288 0.6511058823529412 0.06990990990990992 0.18250588235294118
19 0.3009984984984985 0.5936 0.037454954954954954 0.0406