9 0.7279765625 0.4591388888888889 0.2556328125 0.1787083333333333
2 0.30771875 0.3784166666666666 0.186984375 0.5672638888888889
12 0.154515625 0.3586111111111111 0.121203125 0.5109861111111111
15 0.057351562499999995 0.3104722222222222 0.045625 0.09248611111111112
13 0.0576328125 0.4853888888888889 0.033687499999999995 0.1867638888888889
6 0.06985156249999999 0.3797638888888889 0.051875000000000004 0.1255
19 0.3293125 0.29494444444444445 0.1239140625 0.1336388888888889
17 0.2881875 0.6599444444444444 0.319796875 0.24141666666666667
1 0.692328125 0.328 0.44057812500000004 0.1886527777777778
4 0.5413203125 0.5164444444444444 0.2823203125 0.5011388888888889
7 0.788 0.7586250000000001 0.3287890625 0.37209722222222225