8 0.3823076923076923 0.5943589743589743 0.152239010989011 0.07611721611721613
1 0.3255769230769231 0.5584615384615385 0.4385989010989011 0.07093406593406593
7 0.2635851648351648 0.7175457875457875 0.41215659340659344 0.22926739926739928
16 0.7051373626373627 0.7752747252747253 0.25833791208791207 0.1315750915750916
10 0.6480357142857143 0.6062637362637362 0.19521978021978023 0.46957875457875453
11 0.7696016483516483 0.5998901098901099 0.1678021978021978 0.47346153846153843
18 0.6167582417582418 0.521007326007326 0.10936813186813188 0.06595238095238094
3 0.5011538461538462 0.6187545787545787 0.19675824175824178 0.2847802197802198
5 0.8832554945054945 0.6097802197802198 0.1403434065934066 0.32344322344322346
14 0.9214010989010989 0.558003663003663 0.04184065934065934 0.060018315018315026
13 0.9292445054945055 0.7663919413919413 0.05501373626373626 0.14045787545787544