8 0.4617058823529412 0.43397363465160077 0.15721176470588236 0.07664783427495292
9 0.17607058823529412 0.45167608286252353 0.047988235294117644 0.0775141242937853
1 0.38483529411764705 0.39928436911487764 0.44624705882352944 0.10141242937853108
7 0.33715294117647054 0.598135593220339 0.40741176470588236 0.2699811676082863
10 0.6884705882352942 0.4421468926553672 0.14928235294117648 0.5010357815442561
11 0.7764470588235294 0.4517514124293785 0.12325882352941175 0.47627118644067795
18 0.6789999999999999 0.34591337099811675 0.07410588235294117 0.10768361581920904
16 0.7238117647058824 0.6501883239171374 0.18984705882352942 0.10730696798493408
3 0.5858 0.5190583804143126 0.12628235294117648 0.3221280602636535
5 0.8332 0.4766854990583804 0.07424705882352942 0.37619585687382295
19 0.30924705882352943 0.3393032015065913 0.04055294117647059 0.05677966101694915