9 0.48934326171875 0.6946886446886447 0.021572265625 0.037575091575091576
8 0.59630859375 0.6904468864468865 0.0540234375 0.03275091575091575
7 0.549404296875 0.7396227106227107 0.17668701171875 0.07526739926739927
3 0.63923583984375 0.6985457875457876 0.0481103515625 0.11099999999999999
10 0.67306884765625 0.6636813186813186 0.04478271484375 0.15504761904761905
11 0.7085791015625 0.6631245421245421 0.0373388671875 0.13666300366300366
13 0.7419287109375 0.7031941391941392 0.01525146484375 0.050421245421245424
5 0.7267626953125 0.6838644688644688 0.019521484375 0.09273626373626373
16 0.6909912109375 0.7392124542124542 0.07330322265625 0.03504761904761905
19 0.52565185546875 0.6422087912087913 0.01850341796875 0.020527472527472525
18 0.66827880859375 0.6397106227106227 0.03438720703125 0.027739926739926743
1 0.5638134765625 0.6686666666666666 0.15748779296875 0.04414285714285714