9 0.5174875 0.56302 0.054712500000000004 0.08552
8 0.706075 0.5714600000000001 0.10938750000000001 0.09042
7 0.620225 0.67532 0.2901875 0.16613999999999998
1 0.6497750000000001 0.53012 0.274275 0.06774
19 0.5672 0.49078 0.04165 0.04104
18 0.8251125 0.49886 0.0599625 0.06122
19 0.4172 0.50086 0.0416375 0.05722
2 0.3837375 0.52618 0.0631125 0.23186
12 0.32872500000000004 0.51364 0.08220000000000001 0.23878
15 0.2368 0.4605 0.09332499999999999 0.1125
14 0.09895 0.4634 0.057625 0.11031999999999999
13 0.18462499999999998 0.63048 0.2410125 0.14754
0 0.170825 0.5178200000000001 0.16388750000000002 0.26312
6 0.2871375 0.54444 0.06417500000000001 0.17164
4 0.442875 0.58 0.047087500000000004 0.1315
17 0.387825 0.65834 0.1003875 0.08018
16 0.8467625 0.68878 0.1007625 0.08106000000000001
14 0.9030750000000001 0.50586 0.035875 0.04722
5 0.89205 0.5688 0.046625 0.1041
13 0.915575 0.61536 0.035875 0.08622
10 0.8209624999999999 0.52616 0.0591625 0.31183999999999995
11 0.8665375000000001 0.53518 0.0547 0.26214