9 0.2553666666666667 0.2261624203821656 0.10055833333333333 0.06977707006369427
9 0.2853333333333333 0.717515923566879 0.07548333333333333 0.09386942675159236
8 0.40552499999999997 0.22544585987261148 0.027541666666666666 0.068328025477707
8 0.39900833333333335 0.7124522292993631 0.03450833333333333 0.08374203821656051
1 0.29378333333333334 0.17726114649681526 0.22071666666666667 0.0865923566878981
1 0.3184416666666667 0.6835828025477707 0.168375 0.08651273885350318
7 0.3177583333333333 0.31030254777070065 0.2303416666666667 0.16477707006369427
7 0.3350666666666667 0.8135828025477707 0.18663333333333335 0.165
4 0.18839166666666665 0.2385987261146497 0.06328333333333333 0.22429936305732487
4 0.22294166666666665 0.7415923566878981 0.07904166666666666 0.21466560509554142
2 0.13725833333333334 0.20681528662420381 0.044333333333333336 0.27945859872611467
2 0.14979166666666666 0.6976592356687898 0.06774999999999999 0.295875796178344
12 0.10275 0.203343949044586 0.04365 0.26902866242038215
12 0.09225 0.6847929936305732 0.051000000000000004 0.26375796178343947
15 0.06815833333333333 0.18095541401273885 0.012816666666666667 0.06501592356687898
6 0.06244166666666667 0.7047611464968152 0.01970833333333333 0.09063694267515923
6 0.0782 0.23671974522292993 0.02455833333333333 0.16412420382165605
17 0.12202500000000001 0.3215127388535032 0.08388333333333332 0.07576433121019108
17 0.13483333333333333 0.8200796178343949 0.12949166666666664 0.08878980891719745
19 0.16422499999999998 0.6454936305732484 0.044941666666666664 0.06764331210191082
19 0.14206666666666665 0.1438375796178344 0.042291666666666665 0.054792993630573245
9 0.6332416666666667 0.694092356687898 0.04630833333333333 0.07568471337579619
9 0.5927083333333333 0.20788216560509556 0.03190833333333333 0.05867834394904459
8 0.7309749999999999 0.20512738853503185 0.091775 0.07864649681528663
8 0.8090416666666667 0.7306369426751592 0.09625 0.06914012738853503
7 0.677225 0.3093789808917197 0.21594166666666667 0.16813694267515925
7 0.7293833333333333 0.8285031847133757 0.26768333333333333 0.1800796178343949
1 0.695025 0.1731528662420382 0.20155 0.08159235668789809
1 0.7407833333333333 0.6652070063694268 0.22973333333333334 0.11343949044585987
3 0.7919583333333333 0.23434713375796176 0.06959166666666668 0.22595541401273886
3 0.84885 0.7453343949044586 0.05913333333333333 0.19125796178343948
10 0.8521500000000001 0.19445859872611465 0.052458333333333336 0.29936305732484075
11 0.8965416666666666 0.1830573248407643 0.04541666666666667 0.2796019108280255
10 0.8866583333333333 0.698328025477707 0.03648333333333333 0.27840764331210194
11 0.9075666666666666 0.6945541401273886 0.024966666666666668 0.27726114649681527
16 0.8634 0.32546178343949045 0.09663333333333333 0.08364649681528663
16 0.8963166666666667 0.8292356687898089 0.047466666666666664 0.06890127388535032
18 0.8953333333333334 0.6705573248407644 0.038825000000000005 0.07957006369426751
18 0.8405583333333333 0.13503184713375796 0.039275000000000004 0.05947452229299363
19 0.662525 0.13229299363057326 0.0332 0.04761146496815286
14 0.9327583333333332 0.1572452229299363 0.01701666666666667 0.04976114649681529
5 0.9264 0.19963375796178345 0.025191666666666668 0.08675159235668789
13 0.9352999999999999 0.2619267515923567 0.027091666666666667 0.08078025477707006