15 0.35814999999999997 0.46254 0.122325 0.06806
14 0.20767499999999997 0.45496 0.0380375 0.059539999999999996
13 0.3111625 0.57614 0.25335 0.12526
0 0.2891625 0.45292 0.16768750000000002 0.1288
17 0.6337375000000001 0.6153200000000001 0.214 0.10026
12 0.534675 0.47078 0.1378625 0.35378
2 0.633925 0.4666 0.130125 0.3473
19 0.6961375 0.40876 0.0316375 0.05714
4 0.7451625 0.51096 0.0817625 0.20822
9 0.804025 0.47338 0.036275 0.046380000000000005
6 0.45075000000000004 0.44680000000000003 0.1408625 0.17656