9 0.21119270833333334 0.5351666666666667 0.03852083333333333 0.08665833333333332
8 0.408015625 0.5363083333333334 0.12313541666666666 0.09448333333333334
7 0.32992708333333337 0.6623166666666667 0.312453125 0.188175
1 0.359046875 0.488725 0.28735937500000003 0.09376666666666666
19 0.30467187500000004 0.41931666666666667 0.03623958333333333 0.03828333333333333
18 0.5609531249999999 0.43149166666666666 0.054015625 0.054299999999999994
3 0.498765625 0.5406583333333334 0.09466666666666666 0.22459166666666666
10 0.5622968749999999 0.47468333333333335 0.05291666666666666 0.2783
11 0.5934270833333334 0.468525 0.04565104166666667 0.24939999999999998
13 0.6403072916666667 0.5539833333333333 0.020010416666666666 0.074275
5 0.6265729166666667 0.48997500000000005 0.023796875 0.11060833333333332
16 0.5783177083333333 0.6117166666666666 0.08874479166666666 0.09253333333333334