18 0.8221458333333334 0.19162037037037036 0.12308854166666668 0.1355648148148148
16 0.804546875 0.5654074074074074 0.13303125 0.30741666666666667
9 0.20624479166666668 0.37672222222222224 0.04754166666666667 0.13537962962962963
8 0.5510364583333334 0.4595648148148148 0.2674166666666667 0.23878703703703702
7 0.428328125 0.7186296296296296 0.5854635416666666 0.5167314814814815
1 0.461 0.31722222222222224 0.53275 0.24315740740740743
3 0.7134322916666667 0.44233333333333336 0.13947395833333334 0.5116111111111111
19 0.39694270833333334 0.16597222222222222 0.06088020833333333 0.10277777777777777
10 0.8085625000000001 0.324037037037037 0.06815104166666666 0.5547037037037037
14 0.8789635416666666 0.18898148148148147 0.028395833333333335 0.06237037037037037
11 0.8577343749999999 0.2871851851851852 0.032963541666666665 0.43778703703703703