19 0.28621633554083886 0.2590656205420827 0.1217924944812362 0.1228601997146933
18 0.7143532008830022 0.25971469329529245 0.06563355408388521 0.09563480741797434
17 0.22306843267108167 0.6506704707560628 0.24273730684326708 0.1690228245363766
2 0.2537041942604856 0.3796433666191155 0.16272847682119204 0.6160413694721827
12 0.14258719646799117 0.3596718972895863 0.12003973509933774 0.552318116975749
15 0.0440485651214128 0.28586305278174035 0.04952317880794702 0.09086305278174037
6 0.07334657836644591 0.36805278174037087 0.05514348785871965 0.20293865905848787
13 0.04083443708609271 0.4861340941512125 0.03721412803532009 0.1870756062767475
1 0.650075055187638 0.3475320970042796 0.5286887417218543 0.16190442225392299
7 0.7115540838852098 0.6284807417974322 0.5368565121412804 0.38618402282453634
4 0.40475938189845473 0.45459343794579177 0.17638852097130242 0.43234664764621966
9 0.5538057395143487 0.4294222539229672 0.24490507726269317 0.14498573466476464
8 0.9190596026490067 0.42100570613409416 0.06297571743929359 0.1186376604850214