10 0.6311935483870967 0.41003225806451615 0.2205806451612903 0.4738709677419355
11 0.8150967741935483 0.40811290322580646 0.19193548387096773 0.4516290322580645
8 0.2713118279569892 0.44475806451612904 0.21970967741935485 0.12396774193548386
7 0.19516129032258064 0.6151774193548387 0.3903333333333333 0.30479032258064515
1 0.2564408602150538 0.3850806451612903 0.4756881720430107 0.1428548387096774
3 0.4462150537634409 0.5195 0.21389247311827955 0.3855483870967742
14 0.9602043010752688 0.35295161290322585 0.042967741935483875 0.0647741935483871
13 0.962989247311828 0.5509677419354839 0.04361290322580645 0.14288709677419356
5 0.8993870967741935 0.4866129032258064 0.13946236559139782 0.3407096774193549
16 0.692989247311828 0.6342741935483871 0.35953763440860215 0.134258064516129
18 0.6029784946236559 0.3228870967741935 0.08427956989247311 0.12908064516129034
19 0.2787096774193548 0.285 0.06246236559139785 0.06251612903225806