9 0.6306847826086956 0.4990425531914894 0.21269565217391306 0.1335531914893617
1 0.6711086956521739 0.39348936170212767 0.45742391304347824 0.1875744680851064
19 0.3561847826086956 0.33293617021276595 0.1001304347826087 0.12540425531914892
17 0.2585434782608696 0.7238936170212766 0.26270652173913045 0.16097872340425531
2 0.30341304347826087 0.4349148936170213 0.1818804347826087 0.7156382978723405
12 0.18558695652173915 0.4197446808510638 0.15632608695652173 0.7081914893617022
7 0.7267608695652173 0.688595744680851 0.45167391304347826 0.31300000000000006
4 0.4505326086956522 0.4642127659574468 0.1968695652173913 0.3486808510638298
6 0.09007608695652175 0.4420212765957447 0.08423913043478261 0.4483404255319149
15 0.056999999999999995 0.36948936170212765 0.02998913043478261 0.08721276595744681
13 0.051847826086956525 0.5731276595744681 0.05167391304347826 0.20646808510638298