1 0.25785416666666666 0.5880833333333333 0.3853125 0.1603888888888889
8 0.31325000000000003 0.6682407407407408 0.165359375 0.10156481481481482
7 0.21763541666666666 0.8058240740740741 0.4055625 0.28174074074074074
10 0.6409322916666667 0.5878888888888889 0.20876041666666667 0.6353148148148148
11 0.7964739583333333 0.5932037037037037 0.170875 0.6274351851851852
16 0.6881302083333334 0.8438888888888889 0.32706250000000003 0.1781851851851852
18 0.6056718750000001 0.5194166666666666 0.087890625 0.12490740740740741
3 0.46513541666666663 0.6762870370370371 0.18529166666666666 0.4448148148148148
5 0.9006458333333334 0.5615833333333333 0.11533333333333333 0.3203611111111111
14 0.94240625 0.5360462962962963 0.02871875 0.10261111111111111
9 0.06892708333333333 0.6648981481481482 0.025536458333333335 0.09179629629629629