7 0.26707638888888885 0.6322804054054054 0.3926597222222222 0.0775
1 0.31197916666666664 0.5775472972972973 0.3736666666666667 0.0454695945945946
8 0.35307638888888887 0.6020202702702703 0.14752083333333335 0.030898648648648646
9 0.1228888888888889 0.6061655405405405 0.06492361111111111 0.03242905405405405
3 0.48899305555555556 0.6118682432432433 0.14452083333333335 0.09805405405405405
18 0.27762499999999996 0.5488479729729729 0.06607638888888889 0.021851351351351352
10 0.6264444444444445 0.5745236486486486 0.13870833333333335 0.1313108108108108
11 0.7487916666666666 0.5664054054054054 0.13881944444444444 0.12006418918918918
14 0.8526527777777777 0.5419966216216217 0.08279166666666667 0.03923310810810811
13 0.8804305555555555 0.5935945945945946 0.05610416666666667 0.06027702702702702
5 0.8345972222222222 0.5652027027027027 0.09111805555555556 0.06402027027027027
19 0.5960138888888888 0.5574121621621622 0.11118055555555555 0.026817567567567566
19 0.6706944444444444 0.6315033783783783 0.27557638888888886 0.04402364864864865