18 0.6006875 0.41571639586410636 0.06686805555555556 0.04579025110782865
9 0.21714583333333334 0.46353028064992613 0.04053472222222222 0.055265878877400296
8 0.4035486111111111 0.46202363367799115 0.15177083333333335 0.06947562776957164
7 0.32343055555555555 0.5500443131462334 0.29938888888888887 0.13719350073855244
1 0.37882638888888887 0.429135893648449 0.3106527777777778 0.04802067946824224
3 0.5193958333333333 0.5082644017725259 0.13043055555555555 0.19745937961595275
10 0.6279930555555555 0.450354505169867 0.11117361111111111 0.26277695716395866
11 0.7305833333333334 0.44686853766617424 0.11084027777777779 0.25132939438700147
16 0.6664513888888889 0.5770753323485968 0.22155555555555556 0.06523633677991138
14 0.8255486111111111 0.42947562776957166 0.044368055555555556 0.03392909896602658
13 0.8275486111111111 0.5175553914327917 0.053 0.07468980797636632
5 0.797875 0.49103397341211225 0.08919444444444444 0.12997045790251108