9 0.1760483870967742 0.5372629310344827 0.07224193548387096 0.10064655172413793
8 0.49656451612903224 0.531875 0.1864032258064516 0.11142241379310346
1 0.3985161290322581 0.4729525862068965 0.4607096774193548 0.10851293103448276
7 0.35396774193548386 0.6741594827586207 0.5058064516129033 0.2738793103448276
3 0.6270645161290322 0.5722629310344827 0.13325806451612904 0.32504310344827586
10 0.738758064516129 0.4895258620689655 0.09267741935483871 0.4042887931034483
11 0.8087741935483871 0.4887068965517241 0.1031774193548387 0.405926724137931
14 0.8783548387096775 0.4267672413793104 0.03869354838709677 0.0736206896551724
5 0.8768870967741935 0.5141379310344828 0.04896774193548387 0.17295258620689655
16 0.7680161290322581 0.6904310344827587 0.1567258064516129 0.13038793103448276
18 0.7124193548387097 0.4323060344827586 0.09929032258064517 0.09189655172413794
19 0.292258064516129 0.4133836206896552 0.05733870967741935 0.06122844827586207