19 0.23991406249999997 0.5327315357561547 0.052468749999999995 0.05676436107854631
18 0.5140156250000001 0.5324618991793669 0.077234375 0.06794841735052755
1 0.287859375 0.5732942555685815 0.33065625 0.07147713950762016
9 0.111296875 0.6222157092614302 0.037421875 0.08723329425556858
8 0.3423671875 0.6182180539273154 0.150609375 0.09878077373974209
7 0.237015625 0.7547479484173505 0.33053125 0.18426729191090271
3 0.44038281250000005 0.6736811254396248 0.11170312499999999 0.274841735052755
10 0.542125 0.5951699882766706 0.0943984375 0.3614067995310668
11 0.628421875 0.6062250879249708 0.092390625 0.3316178194607268
16 0.5613671874999999 0.7845134818288395 0.17193750000000002 0.067936694021102
14 0.6881406250000001 0.568862837045721 0.029656250000000002 0.06259085580304806
14 0.45903124999999995 0.5840328253223915 0.32925 0.08903868698710433
13 0.7040625 0.7149003516998828 0.0380625 0.10066822977725674
5 0.6789140625 0.6212309495896834 0.052859375 0.12825322391559205