9 0.507138671875 0.7127352618088613 0.10580322265625 0.05194434273160015
7 0.57361083984375 0.7692823141706334 0.25068359375 0.13736726473819114
1 0.53486328125 0.6557817649212743 0.29041015625 0.084496521420725
19 0.33649169921875 0.6337129256682534 0.04994384765625 0.04402050530941047
2 0.3277490234375 0.675302087147565 0.11079345703125 0.27000732332478944
12 0.24791259765625 0.6700109849871841 0.105029296875 0.2740754302453314
17 0.30008056640625 0.8056938850238008 0.17264404296875 0.08406810692054192
6 0.1703955078125 0.6728670816550714 0.067197265625 0.11866715488831929
13 0.150390625 0.7486378615891615 0.0466064453125 0.09730135481508606
15 0.14855712890625 0.6603588429146833 0.02786376953125 0.04605272793848407
18 0.5605126953125 0.6062504577077994 0.029443359375 0.040362504577078
4 0.414833984375 0.6981911387770048 0.1189453125 0.13636030757964115
8 0.66766845703125 0.6960563896008788 0.019912109375 0.06252288538996705