9 0.15213125 0.3516111111111111 0.099 0.07155555555555557
9 0.7608499999999999 0.2576111111111111 0.1089375 0.06577777777777778
8 0.35975 0.3103111111111111 0.05424375000000001 0.07341111111111111
8 0.919775 0.2239888888888889 0.0342875 0.05631111111111111
1 0.23719374999999998 0.28274444444444446 0.27663125 0.12047777777777778
1 0.79659375 0.19853333333333334 0.257925 0.10317777777777777
7 0.25555 0.4332888888888889 0.3058375 0.17871111111111113
7 0.831825 0.33968888888888893 0.25338125 0.1277111111111111
4 0.09711249999999999 0.3755111111111111 0.03348125 0.1999111111111111
2 0.06775625 0.3095 0.035368750000000004 0.2977111111111111
12 0.04654375 0.30535555555555555 0.0373875 0.2746
17 0.07098125 0.4539888888888889 0.0668125 0.0805111111111111
19 0.062043749999999995 0.26006666666666667 0.0531125 0.05563333333333333
18 0.33026874999999994 0.2204111111111111 0.03816875 0.04298888888888889
19 0.61255625 0.18545555555555554 0.047181249999999994 0.06196666666666667
18 0.8208312499999999 0.13979999999999998 0.0359625 0.0546
4 0.6872437499999999 0.2753222222222222 0.0771125 0.20522222222222222
2 0.60740625 0.23024444444444445 0.082725 0.27745555555555557
12 0.5372 0.22216666666666665 0.058981250000000006 0.2465
15 0.46990000000000004 0.21788888888888888 0.02438125 0.05767777777777777
13 0.47605625 0.30235555555555554 0.029743750000000003 0.11304444444444443
6 0.49865625 0.2713333333333333 0.044500000000000005 0.16135555555555556
17 0.589325 0.35694444444444445 0.14794375 0.06666666666666667