9 0.7005687500000001 0.5962803608605135 0.150915625 0.11866065232477446
1 0.6936093750000001 0.5070367800138792 0.276584375 0.16686328938237335
7 0.73878125 0.7387855655794586 0.23359375 0.23711311589174186
4 0.5853625 0.5902775850104095 0.15592499999999998 0.3652463566967384
2 0.43748750000000003 0.5169673837612769 0.14104375 0.4874323386537127
12 0.31162812500000003 0.4948993754337266 0.110540625 0.4433032616238723
15 0.21815937500000002 0.44808466342817493 0.036096875 0.09984732824427481
13 0.21195624999999998 0.5928036086051354 0.046609375 0.17184594031922276
6 0.25546875 0.5418112421929215 0.072615625 0.3187578070784178
17 0.398615625 0.7227272727272728 0.24909375 0.14735600277585012
19 0.48289375 0.43053435114503813 0.0634875 0.09712699514226232