19 0.40074479166666666 0.5366481481481482 0.05477083333333333 0.05751851851851852
1 0.6190416666666666 0.5729907407407407 0.31428124999999996 0.10551851851851851
7 0.658203125 0.728675925925926 0.31621875 0.24951851851851853
4 0.4817239583333333 0.6344537037037037 0.12124479166666666 0.23770370370370372
2 0.38271354166666666 0.5985277777777778 0.12634375 0.3726481481481481
12 0.31696875 0.5907314814814815 0.09716145833333334 0.36630555555555555
17 0.36057812499999997 0.7719722222222223 0.17061458333333332 0.13000925925925927
6 0.25591145833333334 0.5756481481481482 0.06302604166666667 0.16330555555555556
13 0.22947916666666668 0.6854629629629629 0.025604166666666664 0.15762962962962965
9 0.5824270833333334 0.6277777777777778 0.14209895833333333 0.09471296296296297
8 0.7696979166666666 0.634462962962963 0.039203125 0.06487962962962962
15 0.241828125 0.537675925925926 0.028687499999999998 0.04723148148148148