14 0.65671875 0.5899722222222222 0.1382239583333333 0.15725
15 0.8619375 0.6000648148148149 0.06115104166666666 0.14041666666666666
1 0.7643489583333333 0.6012314814814815 0.22222916666666667 0.20200925925925925
13 0.7463697916666666 0.7579907407407407 0.31335416666666666 0.24513888888888888
18 0.24950520833333334 0.5494814814814816 0.04878645833333333 0.07628703703703704
10 0.33686979166666664 0.6243055555555556 0.2130989583333333 0.44814814814814813
16 0.34065625 0.850212962962963 0.28317708333333336 0.10737037037037037
7 0.11914583333333333 0.7548611111111111 0.04432291666666666 0.18703703703703703
3 0.21019791666666665 0.734074074074074 0.07148958333333333 0.2693425925925926
1 0.17573437500000003 0.5948333333333333 0.10541145833333333 0.09662037037037037
5 0.5369218750000001 0.705574074074074 0.16529166666666667 0.40412037037037035