7 0.29471337579617835 0.6905841325196164 0.3089287782281413 0.2093286835222319
1 0.3386682107701216 0.5137663469921534 0.31577880718008106 0.10993025283347864
10 0.6001389693109439 0.5156320836965997 0.1276548928778228 0.3438099389712293
11 0.7037348002316155 0.5145684394071491 0.11322524609148812 0.33835222319093283
14 0.7869658367110596 0.4377855274629468 0.06355529820497974 0.1288404533565824
13 0.8092414591777649 0.6323975588491718 0.04309206716850029 0.14249346120313863
5 0.7790619571511291 0.5183260680034874 0.07537348002316155 0.23115082824760244
18 0.5709206716850029 0.48335658238884044 0.08080486392588304 0.06305143853530949
8 0.3747249565720903 0.5731124673060157 0.1510133178922988 0.09261551874455101
9 0.19237405906195718 0.553077593722755 0.044030110017371164 0.06299912816041849
16 0.6279386218876665 0.695483870967742 0.21104226983207877 0.11727986050566697
3 0.4806369426751592 0.6067829119442023 0.1345107122177186 0.3073583260680035