1 0.41060392156862746 0.6425941176470589 0.23979411764705882 0.08780294117647058
10 0.5918411764705882 0.6430764705882352 0.0932686274509804 0.3064147058823529
11 0.6459843137254901 0.6192235294117647 0.07214313725490196 0.27047058823529413
16 0.6106803921568628 0.7519 0.11524313725490196 0.11490882352941176
5 0.6783392156862745 0.613835294117647 0.05624313725490196 0.19498529411764706
3 0.529035294117647 0.7049205882352941 0.07942352941176471 0.20363529411764705
8 0.44792156862745097 0.68965 0.09652941176470589 0.06426764705882353
9 0.2917588235294118 0.6729852941176471 0.02055686274509804 0.04792941176470589
7 0.3785392156862745 0.761864705882353 0.23921568627450981 0.1498735294117647
19 0.3785294117647059 0.5798558823529412 0.027472549019607845 0.032911764705882356
14 0.6910843137254903 0.57675 0.01332156862745098 0.04435