9 0.7286133603238867 0.4991 0.1729352226720648 0.133
8 0.9329453441295547 0.501375 0.03506072874493927 0.109
1 0.7512854251012145 0.40722499999999995 0.3773481781376518 0.20642499999999997
7 0.813663967611336 0.6977 0.3130769230769231 0.28735
2 0.41279352226720645 0.440725 0.1919736842105263 0.723425
12 0.2329655870445344 0.43245 0.16776315789473684 0.7140000000000001
17 0.3540991902834008 0.785025 0.3724493927125506 0.119175
15 0.06700404858299595 0.3553 0.05273279352226721 0.174
13 0.04926113360323887 0.60275 0.07508097165991903 0.27605
6 0.13364372469635627 0.536525 0.11473684210526315 0.435
19 0.4779251012145749 0.35692500000000005 0.08799595141700405 0.17725000000000002
4 0.5807287449392713 0.5404249999999999 0.13742914979757084 0.5271750000000001