9 0.11130624092888243 0.5109 0.054571843251088534 0.11555
8 0.30711175616835995 0.504475 0.15267053701015965 0.10825
7 0.22428156748911465 0.6410250000000001 0.3417851959361393 0.20355
1 0.3494194484760523 0.423825 0.3759506531204644 0.10805
3 0.4640493468795356 0.557825 0.18174165457184324 0.351725
14 0.9129027576197387 0.405125 0.05537010159651669 0.170675
10 0.6595645863570392 0.421225 0.21896952104499276 0.49174999999999996
16 0.6778229317851959 0.672475 0.3232075471698113 0.10535
13 0.9238896952104498 0.5716749999999999 0.045791001451378814 0.15737500000000001
5 0.8743396226415093 0.49479999999999996 0.10316400580551524 0.311475
18 0.5995936139332366 0.356425 0.06033381712626996 0.106575
19 0.32748911465892594 0.36247500000000005 0.07085631349782293 0.07427500000000001