19 0.4069235294117647 0.5073973799126638 0.0879470588235294 0.0883056768558952
1 0.6966058823529412 0.5140087336244541 0.4712352941176471 0.10152838427947598
7 0.7428647058823529 0.7330305676855896 0.4678529411764706 0.2611703056768559
2 0.3948058823529412 0.5706899563318778 0.1264529411764706 0.45361572052401744
12 0.30558823529411766 0.5822096069868996 0.10880000000000001 0.4358777292576419
15 0.21841176470588236 0.5619039301310044 0.04425882352941176 0.06922270742358079
13 0.21788235294117644 0.7059301310043667 0.027505882352941175 0.18842794759825326
6 0.2449764705882353 0.6695545851528384 0.026794117647058822 0.20300436681222708
17 0.3467647058823529 0.8082008733624454 0.18331176470588234 0.08438427947598254
4 0.4826 0.6506113537117905 0.12557058823529413 0.39382532751091703
9 0.6168294117647058 0.5511790393013101 0.1744235294117647 0.11182532751091702
8 0.9237058823529412 0.5886113537117904 0.07052352941176471 0.11099563318777293