7 0.38435546875000004 0.5407708333333333 0.379833984375 0.3102743055555556
1 0.43616015625 0.2993402777777778 0.391646484375 0.10866319444444444
8 0.4879609375 0.3552673611111111 0.18860546875 0.11982291666666665
9 0.24109765625000001 0.36553125000000003 0.028865234375 0.07090972222222222
3 0.625033203125 0.4143645833333333 0.15834375 0.38003472222222223
10 0.736365234375 0.34305902777777775 0.12708203125 0.40459375000000003
11 0.8188457031249999 0.3408472222222222 0.11446875000000001 0.38124305555555554
14 0.878509765625 0.31283680555555554 0.036111328124999995 0.06274305555555555
13 0.898130859375 0.5043368055555556 0.032382812500000004 0.1688472222222222
5 0.8674570312500001 0.45008333333333334 0.070646484375 0.2842951388888889
16 0.770109375 0.5623090277777778 0.174779296875 0.1397013888888889
18 0.719767578125 0.24988194444444442 0.081908203125 0.10349305555555556