1 0.27899479166666663 0.3656203703703704 0.44567187500000005 0.14447222222222222
8 0.29458333333333336 0.42442592592592593 0.21137499999999998 0.12011111111111111
7 0.22332291666666665 0.5918518518518519 0.35096875 0.25434259259259256
3 0.457421875 0.500287037037037 0.21152604166666666 0.4045462962962963
10 0.6436354166666667 0.41575 0.22805208333333335 0.5873333333333334
11 0.8021614583333334 0.4154074074074074 0.17184375 0.5989907407407407
16 0.691890625 0.6435462962962962 0.329953125 0.15094444444444446
5 0.8853541666666668 0.4107037037037037 0.11967187500000001 0.3615277777777778
14 0.9459791666666667 0.39313888888888887 0.032385416666666667 0.07297222222222223
13 0.9443333333333332 0.5402407407407408 0.05076041666666666 0.18199074074074076
18 0.6190833333333334 0.30749074074074073 0.07651041666666666 0.1208148148148148