1 0.211390625 0.5831944444444445 0.1885234375 0.079625
3 0.26653125 0.6795416666666666 0.1750390625 0.28468055555555555
8 0.16214843750000002 0.6369444444444444 0.069984375 0.07911111111111112
7 0.1403125 0.7332222222222222 0.117234375 0.13893055555555556
10 0.44859375 0.602388888888889 0.2338046875 0.4143055555555556
11 0.6363984375 0.5978472222222222 0.19621875 0.44534722222222217
18 0.3889296875 0.5351944444444444 0.0537109375 0.057694444444444444
16 0.5024765625 0.7899722222222222 0.36065625 0.08577777777777777
5 0.7564453125 0.6053888888888889 0.21234375 0.4110555555555555
14 0.8741562500000001 0.5698194444444444 0.081734375 0.11461111111111111
13 0.855890625 0.6972083333333333 0.1369296875 0.20272222222222222