1 0.59875 0.2709479166666667 0.4958680555555555 0.08659375
9 0.5039374999999999 0.32891666666666663 0.21827777777777777 0.12520833333333334
8 0.8460138888888888 0.33736458333333336 0.06447222222222222 0.10832291666666666
7 0.6470972222222222 0.5145000000000001 0.5338541666666666 0.3375833333333333
4 0.3494652777777778 0.40987500000000004 0.1315625 0.3994375
2 0.2499236111111111 0.34029166666666666 0.09914583333333334 0.5030625
12 0.18631944444444445 0.3455729166666667 0.10850000000000001 0.48933333333333334
15 0.11570833333333333 0.3233333333333333 0.041368055555555554 0.07330208333333334
6 0.1282361111111111 0.37923958333333335 0.024743055555555556 0.18859375
17 0.22672222222222224 0.5949166666666666 0.1707986111111111 0.15467708333333335
19 0.2555 0.25587499999999996 0.09640972222222223 0.09465625000000001