8 0.40131249999999996 0.5793611111111111 0.18409375 0.13044444444444445
1 0.3647890625 0.49677777777777776 0.356578125 0.14781944444444445
7 0.311875 0.7421527777777778 0.346734375 0.29154166666666664
3 0.5254531250000001 0.6057777777777779 0.1636171875 0.3513472222222222
10 0.667296875 0.5179027777777777 0.1388515625 0.49643055555555554
11 0.7768359375 0.48426388888888894 0.1143828125 0.43276388888888884
16 0.6983046875000001 0.7328888888888888 0.241546875 0.14783333333333332
14 0.863484375 0.4301666666666667 0.0370078125 0.08998611111111111
13 0.8785000000000001 0.5813472222222222 0.0333515625 0.1481111111111111
5 0.8511562500000001 0.47973611111111114 0.0413671875 0.189125
18 0.6302734375 0.43556944444444445 0.09959375000000001 0.10080555555555555