8 0.4693203125 0.5184722222222222 0.151828125 0.10758333333333332
9 0.2053671875 0.5123055555555556 0.0442265625 0.0952361111111111
1 0.39680468750000003 0.4547777777777778 0.39758593750000004 0.14994444444444444
7 0.3495390625 0.7611666666666667 0.36555468750000003 0.12693055555555555
3 0.5724843749999999 0.47405555555555556 0.11737500000000001 0.2595
18 0.6468125 0.3737638888888889 0.07353125 0.08977777777777778
10 0.6663828125 0.4681388888888889 0.1292265625 0.5346944444444445
11 0.7410546874999999 0.4370972222222222 0.12428125000000001 0.4788055555555556
18 0.6994687500000001 0.6702916666666667 0.1722421875 0.16877777777777778
5 0.7978203125000001 0.40625 0.0693984375 0.194875
14 0.8111796874999999 0.37205555555555553 0.0318828125 0.049305555555555554
19 0.32396875 0.35833333333333334 0.0401015625 0.04656944444444445