8 0.26188172043010755 0.4908225806451613 0.18549462365591396 0.12391935483870968
9 0.06538709677419355 0.4798387096774194 0.05058064516129032 0.07891935483870968
1 0.24533333333333332 0.4228709677419355 0.358247311827957 0.12167741935483871
7 0.19394623655913978 0.6469032258064515 0.3660537634408602 0.24714516129032257
3 0.4116451612903226 0.547241935483871 0.17549462365591398 0.35311290322580646
10 0.5946021505376344 0.4481451612903226 0.19040860215053765 0.48558064516129035
11 0.7773225806451612 0.43554838709677424 0.172247311827957 0.4520645161290322
16 0.6601720430107527 0.6709999999999999 0.3553440860215054 0.10266129032258065
14 0.9393225806451614 0.36906451612903224 0.059591397849462366 0.07858064516129032
13 0.9490322580645162 0.5366290322580645 0.0715483870967742 0.23141935483870965
5 0.8886989247311828 0.4270483870967742 0.09659139784946236 0.17611290322580644
18 0.5331505376344086 0.39293548387096777 0.09823655913978495 0.08945161290322581