13 0.12625 0.8068421052631578 0.0896625 0.13697940503432493
6 0.18739999999999998 0.6974599542334097 0.1036625 0.24194508009153318
12 0.2911625 0.6440503432494279 0.1320125 0.3949656750572082
2 0.42298749999999996 0.6322425629290618 0.1553125 0.3874141876430206
9 0.6803874999999999 0.648283752860412 0.16045 0.10590389016018308
8 0.8595125 0.6781693363844394 0.0437 0.10846681922196796
7 0.74445 0.7777803203661326 0.28018750000000003 0.18430205949656753
1 0.7101500000000001 0.6104576659038902 0.33390000000000003 0.09318077803203662
17 0.38618749999999996 0.8501601830663615 0.2967 0.07958810068649885
15 0.123475 0.6525629290617849 0.049749999999999996 0.09732265446224257
19 0.4546 0.5775743707093821 0.0807375 0.10178489702517161
4 0.5632625 0.7391990846681922 0.1418375 0.33581235697940504