17 0.40754150390625 0.7539726840855108 0.38521484375 0.12586698337292163
13 0.06710693359375 0.6286104513064132 0.08357666015625 0.2710332541567696
15 0.0693212890625 0.3894536817102138 0.0603369140625 0.13713776722090262
2 0.4730517578125 0.4150534441805226 0.215126953125 0.6911104513064132
12 0.2799658203125 0.41241686460807603 0.2263818359375 0.6858313539192399
19 0.54344482421875 0.3396437054631829 0.0743408203125 0.12064726840855106
4 0.64938720703125 0.4657600950118765 0.15764404296875 0.297666270783848
1 0.7712939453125 0.4165023752969121 0.3103076171875 0.19915083135391926
7 0.8071484375 0.638396674584323 0.2892431640625 0.33239311163895485
9 0.77137451171875 0.4779691211401425 0.1249267578125 0.16769002375296913
6 0.14216552734375 0.5013836104513064 0.14906005859375 0.35308194774346796