16 0.5035159817351598 0.7080565371024735 0.3456012176560122 0.19462897526501766
14 0.8484018264840182 0.46681978798586576 0.0663013698630137 0.1362190812720848
13 0.8332724505327246 0.6508127208480565 0.12060882800608827 0.22540636042402826
5 0.7588127853881279 0.469434628975265 0.14925418569254187 0.4869257950530036
11 0.6029680365296803 0.5008480565371025 0.17074581430745817 0.6439575971731449
10 0.426544901065449 0.49222614840989404 0.2176255707762557 0.6542049469964664
18 0.36881278538812784 0.4096819787985866 0.058706240487062404 0.08996466431095407
3 0.28427701674277017 0.5559363957597173 0.15713850837138507 0.436113074204947
1 0.21424657534246574 0.418303886925795 0.16786910197869104 0.09021201413427563
8 0.16649923896499239 0.5098939929328622 0.07643835616438356 0.0849469964664311
7 0.1593759512937595 0.6815547703180211 0.08817351598173516 0.24413427561837456