9 0.10404255319148936 0.334969450101833 0.0625177304964539 0.1629531568228106
8 0.35573286052009456 0.3623217922606925 0.16400709219858156 0.1769450101832994
7 0.2458983451536643 0.5297963340122199 0.420531914893617 0.2965987780040733
1 0.29433806146572106 0.29187372708757636 0.3789243498817967 0.16985743380855398
18 0.5819385342789598 0.21981670061099798 0.08619385342789598 0.1130549898167006
3 0.492210401891253 0.41281059063136455 0.13042553191489362 0.42621181262729124
10 0.6141843971631206 0.2791038696537678 0.11690307328605201 0.5283910386965377
11 0.7117375886524823 0.25971486761710794 0.09049645390070922 0.4530549898167006
16 0.6359101654846336 0.5275763747454175 0.2177659574468085 0.15830957230142567
13 0.7849645390070923 0.4008553971486762 0.031229314420803785 0.15914460285132384
13 0.7600236406619385 0.34971486761710796 0.04628841607565012 0.2788798370672098