9 0.6441882352941176 0.5140564373897708 0.12327058823529412 0.12201058201058203
8 0.8838588235294117 0.4917460317460317 0.05750588235294118 0.11855379188712521
7 0.7493764705882353 0.648395061728395 0.3728352941176471 0.20578483245149912
1 0.6843058823529411 0.4384479717813051 0.39957647058823526 0.12366843033509702
2 0.3920470588235294 0.4218342151675485 0.16407058823529413 0.4079012345679012
12 0.24105882352941177 0.4191710758377425 0.15228235294117648 0.4025573192239859
15 0.0811529411764706 0.4691887125220458 0.04424705882352941 0.06754850088183421
13 0.08391764705882353 0.5780070546737214 0.08507058823529412 0.19703703703703704
6 0.1464 0.4885008818342152 0.12768235294117647 0.31195767195767193
17 0.3482823529411765 0.6704409171075838 0.27654117647058823 0.13499118165784835
19 0.4078117647058823 0.40813051146384477 0.08972941176470588 0.10419753086419753
18 0.7431294117647058 0.35285714285714287 0.04662352941176471 0.07592592592592592