9 0.6429466666666667 0.4407546226886557 0.21554 0.09628185907046477
8 0.9071966666666668 0.3289205397301349 0.05070666666666667 0.09749625187406297
1 0.6821166666666666 0.31869065467266366 0.43722000000000005 0.1769815092453773
7 0.76159 0.5639130434782609 0.43283 0.2676311844077961
4 0.4918 0.49316841579210396 0.15113 0.3410294852573713
2 0.34717333333333333 0.4107146426786607 0.17066333333333333 0.45599200399800105
12 0.21019666666666667 0.4095802098950525 0.12337666666666666 0.4537231384307846
15 0.10746333333333333 0.4165817091454273 0.03791 0.06291854072963518
13 0.11670666666666667 0.5286256871564218 0.049729999999999996 0.15207896051974013
6 0.16292 0.5106096951524238 0.10027333333333333 0.2931134432783608
17 0.32581 0.6352273863068465 0.26794 0.07543228385807096
19 0.3465666666666667 0.35219390304847575 0.09611666666666667 0.11905547226386806