9 0.5158750000000001 0.5728194444444444 0.1687109375 0.08666666666666667
7 0.5709609375 0.6852916666666667 0.310125 0.23752777777777778
1 0.5280859375 0.5000416666666666 0.3372265625 0.11701388888888889
4 0.382953125 0.5957083333333334 0.145921875 0.32069444444444445
2 0.271203125 0.5542083333333333 0.15332812499999998 0.44758333333333333
19 0.301296875 0.47045833333333337 0.088515625 0.11033333333333332
17 0.22669531250000002 0.7302222222222222 0.20840625 0.1175
12 0.165765625 0.5458888888888889 0.10963281250000001 0.43404166666666666
6 0.1073671875 0.5483055555555555 0.062281249999999996 0.22075
13 0.0828203125 0.6472361111111111 0.036203125 0.124375
15 0.08464843749999999 0.5366527777777778 0.018390625 0.057513888888888885