8 0.4946875 0.44902777777777775 0.19484895833333335 0.12302777777777778
9 0.11556770833333332 0.46317592592592594 0.05559375 0.11119444444444444
1 0.36001041666666667 0.3814722222222222 0.4819791666666667 0.12372222222222222
18 0.6909895833333334 0.3045833333333333 0.10401041666666666 0.09647222222222222
7 0.321765625 0.6371111111111112 0.5183385416666667 0.3695555555555556
19 0.22219791666666666 0.30389814814814814 0.055796874999999996 0.07040740740740742
10 0.717265625 0.4465277777777778 0.16461979166666665 0.7013518518518519
11 0.8096875 0.44369444444444445 0.15216666666666667 0.6987777777777777
16 0.7632760416666666 0.738361111111111 0.21496354166666667 0.18625925925925926
3 0.609140625 0.4257037037037037 0.12431770833333333 0.2986111111111111
5 0.8770104166666666 0.42553703703703705 0.12709895833333335 0.32912037037037034