19 0.7040617283950616 0.4689254385964913 0.03227160493827161 0.06657894736842106
9 0.8882839506172839 0.5609868421052632 0.04797530864197531 0.06899122807017544
7 0.8871111111111111 0.6661842105263157 0.07385185185185185 0.17600877192982456
2 0.6398888888888888 0.5255701754385965 0.2249135802469136 0.42107456140350874
12 0.4845308641975309 0.5133771929824561 0.18754320987654322 0.4092324561403509
15 0.20235802469135802 0.4927631578947368 0.11528395061728394 0.08293859649122808
13 0.1501358024691358 0.624671052631579 0.19779012345679015 0.20890350877192984
0 0.16091358024691357 0.4189692982456141 0.16996296296296295 0.060657894736842105
17 0.5906049382716049 0.7166666666666667 0.3485679012345679 0.11405701754385965
4 0.7932345679012346 0.5739473684210527 0.1330246913580247 0.22962719298245612
6 0.33592592592592596 0.5561842105263158 0.16018518518518518 0.3069078947368421