16 0.50039375 0.6743222222222222 0.40938125 0.0680888888888889
7 0.11008749999999999 0.6066444444444444 0.11490625 0.19941111111111112
8 0.10684374999999999 0.5182111111111111 0.10093125 0.09365555555555556
1 0.19247499999999998 0.43935555555555555 0.22969375 0.11814444444444444
3 0.21315 0.5293 0.18896249999999998 0.3241777777777778
10 0.42554375 0.46015555555555554 0.234175 0.44025555555555557
11 0.6502125 0.46116666666666667 0.21983750000000002 0.43823333333333336
14 0.88886875 0.4090666666666667 0.08246875 0.10201111111111111
13 0.8859125 0.5719111111111111 0.1065625 0.19216666666666665
5 0.784375 0.5145555555555555 0.19598749999999998 0.327
18 0.33480625 0.38382222222222223 0.05185625 0.09596666666666667