1 0.35259999999999997 0.3935222222222222 0.4182125 0.1359
8 0.42731875 0.4575333333333333 0.143775 0.1179
9 0.15855625 0.4791444444444445 0.03655625 0.09444444444444444
7 0.32673749999999996 0.5980888888888889 0.4050625 0.29105555555555557
3 0.55363125 0.5033777777777778 0.13385 0.4127555555555556
10 0.6587000000000001 0.4318666666666667 0.14755625 0.5840111111111111
11 0.74754375 0.4121111111111111 0.12703125 0.5699
16 0.69673125 0.6532 0.21744375000000002 0.16954444444444444
18 0.6282375 0.3337333333333333 0.0830625 0.11156666666666666
5 0.81684375 0.4461555555555556 0.0709875 0.37766666666666665
14 0.84373125 0.3766777777777778 0.02833125 0.07364444444444444
13 0.8498812499999999 0.5104444444444444 0.04143125 0.16726666666666665
19 0.28901875 0.33655555555555555 0.04180625 0.06642222222222223