4 0.39093518518518516 0.47820723684210525 0.1198425925925926 0.38707236842105264
2 0.2937037037037037 0.3962171052631579 0.09542592592592593 0.554391447368421
12 0.22444444444444445 0.39703947368421055 0.12357407407407409 0.5560526315789474
15 0.13694444444444445 0.30355263157894735 0.032935185185185185 0.06570723684210526
13 0.12955555555555553 0.4547532894736842 0.03461111111111111 0.14514802631578946
6 0.15069444444444444 0.34820723684210525 0.03162037037037037 0.16233552631578949
17 0.25999074074074074 0.6233059210526316 0.1740833333333333 0.18986842105263158
19 0.3126481481481482 0.30745065789473686 0.0818611111111111 0.09444078947368421
18 0.6875185185185185 0.30088815789473683 0.05795370370370371 0.06769736842105263
1 0.6126111111111111 0.4008552631578947 0.4266481481481481 0.15
9 0.5183703703703704 0.47758223684210527 0.1661574074074074 0.1360032894736842
8 0.8187407407407408 0.47700657894736836 0.046175925925925926 0.09730263157894736
7 0.6286018518518518 0.6432894736842105 0.4545185185185185 0.3358223684210526