18 0.8637813620071685 0.38858054226475275 0.04815412186379928 0.059106858054226476
16 0.8982258064516129 0.6748484848484848 0.09084229390681003 0.12446570972886763
3 0.819668458781362 0.538755980861244 0.07233870967741936 0.13298245614035087
5 0.9565770609318996 0.5516905901116428 0.05299283154121864 0.12695374800637957
10 0.8645250896057347 0.4978947368421053 0.09194444444444444 0.47551834130781495
11 0.9192921146953406 0.49143540669856456 0.06777777777777778 0.4657735247208932
14 0.9652867383512544 0.47355661881977673 0.019444444444444445 0.05360446570972887
8 0.7184498207885305 0.4879904306220096 0.12960573476702508 0.09843700159489634
9 0.456836917562724 0.49543859649122807 0.0478853046594982 0.10055821371610844
7 0.6035394265232974 0.6208931419457735 0.3761559139784946 0.2493939393939394
1 0.6292114695340503 0.44121212121212117 0.38505376344086023 0.10693779904306219
19 0.5408243727598566 0.39567783094098885 0.04042114695340502 0.04776714513556619