9 0.25995879120879123 0.43860975609756103 0.0442032967032967 0.09217073170731707
8 0.4247115384615385 0.4710975609756098 0.12010989010989011 0.07834146341463415
7 0.35516483516483516 0.5802682926829268 0.2726510989010989 0.20085365853658535
1 0.3791758241758242 0.4248048780487805 0.23615384615384613 0.07204878048780487
3 0.5053434065934066 0.5285121951219512 0.0757554945054945 0.23082926829268294
10 0.5660576923076923 0.46082926829268295 0.05835164835164835 0.28295121951219515
11 0.6131318681318682 0.4632195121951219 0.039629120879120884 0.2638536585365854
16 0.5751923076923077 0.6143170731707317 0.09774725274725274 0.06458536585365854
13 0.6508791208791208 0.5682195121951219 0.017142857142857144 0.09887804878048781
5 0.6361401098901099 0.5050975609756098 0.03156593406593407 0.11258536585365853
18 0.5560714285714285 0.42436585365853663 0.055274725274725274 0.08995121951219513