9 0.540470588235294 0.5405648535564853 0.20328235294117647 0.13002092050209205
8 0.8851058823529412 0.5437029288702928 0.08245882352941176 0.118326359832636
1 0.6441529411764706 0.45447698744769877 0.5551764705882353 0.16104602510460253
7 0.6951058823529412 0.7097489539748953 0.5327294117647059 0.2532008368200837
4 0.39883529411764707 0.564581589958159 0.11374117647058825 0.45556485355648535
2 0.28843529411764707 0.47014644351464435 0.1328235294117647 0.5749372384937238
12 0.17177647058823528 0.44543933054393303 0.12471764705882353 0.537468619246862
15 0.06772941176470589 0.42297071129707114 0.05778823529411765 0.11
13 0.06849411764705882 0.6046652719665271 0.05931764705882353 0.1864644351464435
6 0.11127058823529412 0.5868410041841003 0.09042352941176471 0.37518828451882846
17 0.24305882352941177 0.7410041841004184 0.2235764705882353 0.13638075313807532
19 0.29378823529411763 0.36282426778242677 0.10990588235294117 0.12715481171548118
18 0.7509411764705882 0.3508786610878661 0.06961176470588236 0.09131799163179916