8 0.33157291666666666 0.49879629629629635 0.21833854166666666 0.1326111111111111
1 0.3139791666666667 0.44887037037037036 0.4019010416666667 0.15396296296296297
7 0.26804687499999996 0.6610185185185184 0.351703125 0.25675925925925924
3 0.48221875000000003 0.5584907407407407 0.20606770833333332 0.3961296296296296
10 0.6638958333333334 0.4678703703703704 0.1850625 0.5028703703703704
11 0.8174583333333333 0.46902777777777777 0.15363541666666666 0.46394444444444444
14 0.9416822916666666 0.4505648148148148 0.04619270833333333 0.06085185185185185
13 0.950125 0.5846851851851852 0.06539583333333333 0.20177777777777778
5 0.8930677083333334 0.5244074074074074 0.10869270833333333 0.3840462962962963
16 0.7088802083333333 0.7050925925925926 0.30975520833333337 0.10694444444444444
18 0.6324062500000001 0.3865925925925926 0.083890625 0.1551388888888889