9 0.13595628415300545 0.4208571428571429 0.07730874316939891 0.1427032967032967
8 0.4715710382513661 0.4228571428571429 0.18994535519125683 0.15646153846153846
1 0.3641530054644809 0.36039560439560436 0.48207650273224045 0.12610989010989013
7 0.3175 0.6446373626373626 0.5284426229508197 0.3606813186813187
19 0.23531420765027322 0.31657142857142856 0.06351092896174863 0.08065934065934066
18 0.6854644808743169 0.3162417582417582 0.1016393442622951 0.09463736263736264
10 0.7020901639344261 0.39551648351648355 0.11254098360655737 0.47294505494505495
11 0.7764754098360656 0.39268131868131867 0.10796448087431694 0.4753186813186813
16 0.7372814207650275 0.6311428571428572 0.17188524590163934 0.11259340659340658
3 0.6081830601092896 0.46 0.14400273224043716 0.326
14 0.8466530054644809 0.3607472527472527 0.04148907103825137 0.08105494505494507
5 0.84948087431694 0.4756703296703297 0.0441120218579235 0.18395604395604395