19 0.2886625 0.50018 0.09300000000000001 0.0799
18 0.6912125 0.4878 0.050374999999999996 0.05514
1 0.5897249999999999 0.5506599999999999 0.4496625 0.10448
7 0.6251625 0.7381599999999999 0.4841625 0.2382
9 0.48743749999999997 0.6170800000000001 0.1769125 0.11370000000000001
8 0.8010375000000001 0.6326799999999999 0.07455 0.11220000000000001
4 0.3766875 0.64946 0.1008625 0.33426
2 0.282775 0.5962799999999999 0.0903125 0.43938
12 0.21423749999999997 0.59488 0.082775 0.42566000000000004
17 0.2635125 0.80652 0.1722375 0.09487999999999999
13 0.1461 0.72778 0.0351375 0.11692
6 0.16495 0.67092 0.0614875 0.25046