9 0.208875 0.5254800000000001 0.0300375 0.07386
8 0.40950000000000003 0.5516 0.145875 0.10944
7 0.3250875 0.6934199999999999 0.31661249999999996 0.22854
3 0.520625 0.57394 0.142675 0.32588
10 0.6370750000000001 0.46446 0.1093375 0.40182
11 0.7356999999999999 0.45058 0.0954875 0.37592000000000003
13 0.8210250000000001 0.53892 0.033174999999999996 0.1559
5 0.7992 0.43698000000000004 0.05783750000000001 0.14582
14 0.798675 0.3475 0.0513 0.11792
16 0.663775 0.6449600000000001 0.199875 0.15284
18 0.614625 0.42324 0.07277499999999999 0.0694
1 0.34615 0.47556 0.28583749999999997 0.13736