14 0.52163125 0.3966111111111111 0.207625 0.1335
15 0.78536875 0.3905666666666667 0.09685 0.11838888888888889
0 0.64853125 0.4126666666666666 0.33643124999999996 0.2693222222222222
13 0.61818125 0.5937444444444444 0.46531875 0.29073333333333334
5 0.37929375 0.49625555555555556 0.12295 0.45608888888888893
11 0.317075 0.40023333333333333 0.1110125 0.5333444444444444
10 0.2328375 0.39384444444444444 0.0862875 0.5057555555555555
16 0.25400625 0.6480222222222223 0.15570625 0.16225555555555557
3 0.17615625000000001 0.4852111111111111 0.033325 0.28931111111111113
7 0.15091875 0.4218555555555556 0.026618750000000004 0.10992222222222223
18 0.1805625 0.31474444444444444 0.052575000000000004 0.0919888888888889