8 0.38986428571428566 0.4915228426395939 0.17047142857142858 0.0975507614213198
9 0.10974285714285713 0.495761421319797 0.03892857142857143 0.08063451776649747
1 0.33363571428571426 0.41001269035532995 0.45635714285714285 0.12805837563451777
7 0.28199285714285716 0.6126903553299492 0.412 0.2415228426395939
16 0.7024357142857143 0.6479441624365482 0.25425714285714285 0.1851269035532995
18 0.6367714285714285 0.34859137055837564 0.0929857142857143 0.08453045685279188
10 0.6580571428571428 0.4372335025380711 0.1552 0.5219543147208122
11 0.7762714285714285 0.4465736040609137 0.15055000000000002 0.5342893401015228
5 0.873642857142857 0.4303680203045685 0.09709285714285715 0.2480710659898477
13 0.909557142857143 0.5599111675126903 0.052514285714285715 0.20893401015228424
14 0.9106 0.40482233502538073 0.026357142857142857 0.07640862944162437
3 0.5308 0.5072081218274112 0.14752857142857143 0.32560913705583755