9 0.569865671641791 0.5058532695374801 0.21702985074626865 0.1751993620414673
8 0.8809328358208955 0.48939393939393944 0.07128358208955224 0.15119617224880383
1 0.6479626865671642 0.38352472089314193 0.45979104477611943 0.2112280701754386
7 0.6882462686567165 0.6991387559808613 0.4865149253731343 0.2867145135566188
2 0.3027537313432836 0.41673046251993623 0.11719402985074626 0.6665390749601277
12 0.22541044776119404 0.39055821371610844 0.1161865671641791 0.6144338118022329
17 0.27181343283582093 0.7286921850079745 0.19101492537313433 0.18934609250398723
15 0.14168656716417913 0.36213716108452954 0.03932089552238806 0.09950558213716108
19 0.3292835820895522 0.28444976076555023 0.0969776119402985 0.1527751196172249
18 0.7376417910447761 0.26602870813397134 0.05338805970149254 0.08116427432216906
4 0.4173507462686567 0.5479425837320574 0.1746865671641791 0.539250398724083
13 0.13578358208955224 0.5518022328548645 0.03023134328358209 0.2572089314194578
6 0.17378358208955225 0.3980542264752791 0.045761194029850745 0.3284529505582137