9 0.06769375 0.48905 0.045125 0.07101666666666667
8 0.356175 0.4992666666666667 0.20458749999999998 0.10811666666666668
1 0.31572500000000003 0.4127 0.5036875 0.14498333333333333
7 0.2551 0.615725 0.42493125 0.18103333333333335
3 0.5199812500000001 0.5141083333333333 0.1753 0.3122
10 0.67874375 0.41795000000000004 0.14359375 0.42214999999999997
11 0.817325 0.40613333333333335 0.1381125 0.374825
14 0.948075 0.36462500000000003 0.04588125 0.06549999999999999
13 0.9477312499999999 0.5058583333333333 0.0602 0.09795833333333333
5 0.9122750000000001 0.4142166666666667 0.09929375 0.14800833333333335
16 0.7154 0.6027916666666667 0.29303125 0.12514166666666665
18 0.65988125 0.3500083333333333 0.09949999999999999 0.07959999999999999
19 0.29708124999999996 0.3106333333333333 0.061399999999999996 0.06750833333333334