9 0.5434225844004656 0.40531055900621116 0.18616414435389989 0.13391304347826088
8 0.9225145518044238 0.3687888198757764 0.07337019790454016 0.13333333333333333
7 0.7023166472642607 0.6284265010351966 0.5953667054714785 0.44211180124223604
1 0.6516938300349243 0.2957556935817805 0.5924447031431898 0.13219461697722568
4 0.3781839348079162 0.4926190476190476 0.18572176949941793 0.42239130434782607
2 0.23852735739231665 0.48454451345755695 0.1838649592549476 0.8740165631469979
12 0.13745634458672876 0.4870393374741201 0.10559371362048894 0.8874327122153209
19 0.25630966239813735 0.2930745341614907 0.10689755529685681 0.11303312629399585
17 0.22261350407450523 0.8378571428571429 0.19139115250291036 0.16739130434782606
6 0.05983701979045401 0.6044720496894409 0.07456344586728754 0.3734989648033126
13 0.037369033760186264 0.835175983436853 0.037654249126891734 0.12062111801242235