9 0.17938186813186813 0.695979381443299 0.06776098901098901 0.09253608247422682
8 0.4746153846153846 0.6877731958762886 0.16832417582417583 0.09334020618556702
1 0.4011538461538462 0.6157938144329898 0.48384615384615387 0.11554639175257732
7 0.35063186813186814 0.7896288659793815 0.45376373626373623 0.21115463917525773
3 0.5977197802197802 0.6994845360824742 0.10287087912087912 0.2921855670103093
16 0.7241758241758243 0.8217525773195876 0.20206043956043956 0.09072164948453608
10 0.6975824175824176 0.6342268041237114 0.09913461538461539 0.4158144329896907
11 0.7793681318681318 0.6335257731958762 0.10815934065934066 0.40690721649484535
14 0.882293956043956 0.6008041237113402 0.033585164835164834 0.0705979381443299
13 0.885 0.7470927835051546 0.034423076923076924 0.1432577319587629
5 0.8492582417582417 0.6943092783505155 0.07052197802197803 0.2475257731958763
19 0.28796703296703297 0.5636494845360824 0.06288461538461539 0.08560824742268042
18 0.6809752747252747 0.5604329896907216 0.08653846153846154 0.082659793814433