1 0.5922999999999999 0.38811111111111113 0.5287416666666667 0.1202111111111111
9 0.46899166666666664 0.428 0.23490833333333333 0.11108888888888889
8 0.8219666666666666 0.4418 0.076975 0.08684444444444445
2 0.243975 0.41784444444444446 0.12933333333333333 0.4241111111111111
12 0.1703 0.4076666666666666 0.11253333333333333 0.4074666666666667
15 0.10912499999999999 0.4098333333333334 0.04295 0.059944444444444446
7 0.6090083333333333 0.5912222222222222 0.5350583333333334 0.22543333333333332
19 0.234 0.32972222222222225 0.103825 0.09231111111111111
17 0.20704166666666665 0.6102111111111111 0.18065833333333334 0.09856666666666666
4 0.3302833333333333 0.4907666666666667 0.11582500000000001 0.33744444444444444
18 0.6924833333333333 0.3237555555555556 0.043000000000000003 0.04705555555555556