8 0.27115625 0.5529896907216495 0.20375625 0.1402999062792877
18 0.60834375 0.39497656982193063 0.06645625 0.06483598875351454
10 0.6392375 0.4797375820056232 0.2175875 0.5061480787253982
11 0.7952875 0.4308903467666354 0.16116875 0.41781630740393627
16 0.67778125 0.637066541705717 0.32800624999999994 0.20537019681349578
7 0.20921875 0.6788940955951265 0.34845624999999997 0.25777881911902534
1 0.277625 0.4579662605435801 0.4408125 0.19706654170571697
14 0.9459875 0.38690721649484533 0.037575 0.06431115276476101
13 0.9405437499999999 0.4961480787253983 0.044143749999999995 0.17345829428303655
3 0.43164375 0.5204404873477038 0.20986875000000002 0.27203373945641984
5 0.88828125 0.442174320524836 0.10075625 0.22865042174320524