8 0.14791330645161288 0.5138084112149532 0.07127016129032258 0.11565420560747663
3 0.24952620967741937 0.575981308411215 0.16631048387096772 0.3324065420560748
1 0.20285282258064516 0.4398831775700935 0.15845766129032257 0.1255373831775701
7 0.14671370967741934 0.6537383177570094 0.07982862903225806 0.2119626168224299
18 0.3526310483870968 0.4055140186915888 0.04219758064516129 0.10936915887850468
10 0.4087600806451613 0.4626869158878505 0.17317540322580643 0.4772196261682243
11 0.5924495967741936 0.4532710280373832 0.2014516129032258 0.4902336448598131
14 0.8472883064516129 0.4344392523364486 0.08393145161290323 0.12049065420560748
13 0.8353729838709678 0.6178971962616822 0.1213508064516129 0.22521028037383178
5 0.7522076612903227 0.5461448598130841 0.14578629032258064 0.33219626168224303
16 0.48728830645161286 0.6940420560747664 0.3462600806451613 0.09626168224299066