9 0.0941904761904762 0.530880829015544 0.04519047619047619 0.11810880829015545
8 0.29947619047619045 0.5878497409326425 0.24941269841269842 0.10772020725388601
7 0.24023809523809522 0.7538082901554405 0.3880793650793651 0.33595854922279794
3 0.5001904761904762 0.5964248704663212 0.2443968253968254 0.40365284974093263
1 0.321047619047619 0.4368134715025907 0.45446031746031745 0.23567357512953369
10 0.7057619047619047 0.4698186528497409 0.16992063492063492 0.5555958549222798
11 0.8365079365079365 0.4366839378238342 0.11463492063492063 0.4277720207253886
16 0.7243174603174604 0.6973056994818654 0.280031746031746 0.22300518134715025
14 0.9112539682539683 0.38598445595854924 0.04757142857142857 0.09256476683937823
13 0.9168095238095239 0.5578497409326425 0.047999999999999994 0.12538860103626942
5 0.888015873015873 0.4684715025906736 0.07095238095238096 0.2005699481865285
18 0.6651428571428571 0.3832642487046632 0.0982063492063492 0.10269430051813472