15 0.41399074074074077 0.4290953947368421 0.10553703703703704 0.12672697368421051
14 0.2598888888888889 0.4344078947368421 0.03397222222222222 0.12274671052631578
0 0.31755555555555554 0.46661184210526313 0.1637037037037037 0.2310032894736842
13 0.35767592592592595 0.5747203947368421 0.2663518518518519 0.21432565789473684
6 0.5048518518518519 0.5200986842105264 0.13043518518518518 0.2943256578947368
2 0.7047314814814815 0.48376644736842106 0.15073148148148147 0.34939144736842104
12 0.5871666666666666 0.4802796052631579 0.13707407407407407 0.3497368421052631
17 0.675037037037037 0.6453289473684211 0.23257407407407407 0.0694407894736842
19 0.7501851851851852 0.42429276315789477 0.03925 0.07325657894736842
7 0.8749537037037037 0.5774506578947368 0.036314814814814814 0.1467269736842105
4 0.8107037037037037 0.5299671052631579 0.09219444444444444 0.23439144736842105