1 0.7458387096774194 0.4818870967741935 0.3490967741935484 0.07266129032258065
7 0.7921612903225806 0.6727903225806452 0.3301075268817204 0.20362903225806453
4 0.5767204301075269 0.6080161290322581 0.14378494623655913 0.32025806451612904
13 0.18100000000000002 0.618258064516129 0.03846236559139785 0.17075806451612904
6 0.22674193548387098 0.5886612903225807 0.11040860215053765 0.2815483870967742
15 0.18148387096774193 0.47119354838709676 0.07005376344086021 0.07061290322580645
2 0.4508064516129032 0.4923870967741935 0.15707526881720432 0.4033225806451613
12 0.31746236559139784 0.48535483870967744 0.13541935483870968 0.3914032258064516
9 0.7072150537634408 0.5262903225806452 0.1838817204301075 0.14209677419354838
19 0.4871720430107527 0.44083870967741934 0.09217204301075269 0.1195967741935484
17 0.39038709677419353 0.7016612903225806 0.2617096774193548 0.12658064516129033