1 0.42953906249999996 0.4770902777777778 0.50534765625 0.16212500000000002
8 0.53981640625 0.5912777777777778 0.18230078125 0.14050694444444445
9 0.19366406249999998 0.5793194444444445 0.070703125 0.10270138888888888
7 0.39144921875 0.718486111111111 0.5033867187500001 0.2595
3 0.649484375 0.5686111111111111 0.129703125 0.32780555555555557
10 0.7528476562499999 0.5034027777777778 0.12266406249999999 0.6279444444444444
11 0.81708984375 0.5008958333333333 0.1261484375 0.629875
16 0.78783203125 0.7607291666666667 0.1608828125 0.18427083333333336
19 0.305265625 0.38334722222222223 0.05179296875 0.07186805555555555
18 0.74579296875 0.405625 0.0968359375 0.09211805555555556
5 0.8793203125 0.4960833333333333 0.0885 0.3216388888888889