9 0.11744444444444443 0.5216521739130435 0.09028571428571429 0.13095652173913044
8 0.44895238095238094 0.5177101449275363 0.19342857142857142 0.13884057971014493
1 0.3487301587301587 0.4260579710144928 0.47782539682539676 0.19269565217391305
7 0.3123968253968254 0.6853913043478261 0.5032698412698413 0.2686376811594203
19 0.2052063492063492 0.3305217391304348 0.06955555555555555 0.0912463768115942
18 0.6734761904761906 0.3512753623188406 0.08547619047619048 0.11689855072463767
3 0.5737142857142857 0.565768115942029 0.14004761904761906 0.4607246376811594
10 0.7046349206349206 0.4459130434782609 0.1263968253968254 0.6142028985507246
11 0.8218412698412698 0.45475362318840573 0.11417460317460318 0.5983768115942029
16 0.7467460317460317 0.7473043478260869 0.24066666666666667 0.09208695652173914
14 0.9164444444444445 0.3892463768115942 0.04036507936507937 0.10327536231884059
13 0.9247619047619048 0.6474202898550725 0.049761904761904764 0.17330434782608695
5 0.8874444444444445 0.5299710144927536 0.07211111111111111 0.36365217391304344