15 0.35247395833333334 0.39579629629629626 0.1821875 0.10605555555555556
14 0.13365104166666666 0.3953611111111111 0.05183333333333333 0.09594444444444444
0 0.253390625 0.4117314814814815 0.28333854166666667 0.2058425925925926
13 0.2882395833333333 0.5846481481481481 0.38010937499999997 0.3016666666666667
17 0.6858385416666667 0.6928425925925926 0.2516875 0.12916666666666668
2 0.7108177083333334 0.46325 0.19401041666666666 0.5773796296296296
12 0.5805 0.45973148148148146 0.19379687499999998 0.5734444444444445
19 0.7931875 0.3886759259259259 0.060140624999999996 0.1010925925925926
4 0.8389114583333334 0.5296111111111111 0.10297395833333334 0.2965277777777778
7 0.8870885416666667 0.6031666666666666 0.03659375 0.20152777777777778
6 0.47338541666666667 0.4686574074074074 0.20429166666666668 0.39924074074074073