1 0.69413125 0.49254444444444445 0.42913125 0.14664444444444444
4 0.50953125 0.6038111111111111 0.17600625 0.4009333333333333
9 0.65458125 0.5705777777777777 0.17325625 0.10906666666666666
7 0.7558374999999999 0.6890888888888889 0.40255625 0.24448888888888887
2 0.34407499999999996 0.5108666666666667 0.18525625 0.5642444444444444
12 0.21236875000000002 0.505311111111111 0.17903125 0.5753555555555556
17 0.302275 0.7494000000000001 0.29364375 0.14925555555555556
19 0.38804375 0.43893333333333334 0.1062375 0.11561111111111111
6 0.10115625 0.4663444444444444 0.0978875 0.32599999999999996
13 0.061325000000000005 0.6047888888888888 0.056381249999999994 0.24097777777777776
8 0.9054375 0.5804555555555555 0.04110625 0.12881111111111113
15 0.07719375 0.4332 0.04045 0.1327111111111111