1 0.32911718749999996 0.5204 0.36334374999999997 0.13621176470588237
8 0.362765625 0.5863176470588235 0.15640625 0.07309411764705882
9 0.1385546875 0.5720235294117647 0.038015625 0.07477647058823529
7 0.2805625 0.6793882352941176 0.3532890625 0.21555294117647059
3 0.49907812500000004 0.6335529411764705 0.13853125 0.2952941176470588
10 0.6260078124999999 0.5545529411764706 0.162484375 0.45328235294117647
11 0.751015625 0.5475529411764706 0.1625078125 0.4762470588235294
16 0.669296875 0.7357882352941176 0.24459375 0.0997764705882353
18 0.5839609375 0.4922 0.0798828125 0.09103529411764705
5 0.8431640625 0.5447647058823529 0.0972890625 0.25777647058823533
14 0.8758984375000001 0.5217058823529411 0.023875 0.06488235294117647
13 0.8716171875000001 0.6913411764705882 0.0449609375 0.11098823529411765