7 0.31035714285714283 0.6781855670103093 0.43541208791208796 0.24670103092783507
1 0.3673763736263736 0.4890103092783505 0.42822802197802196 0.0995257731958763
19 0.2798626373626374 0.42531958762886596 0.06089285714285714 0.0663917525773196
18 0.6366758241758241 0.44177319587628866 0.10730769230769231 0.08162886597938145
3 0.5652197802197803 0.6250721649484536 0.14942307692307694 0.3705979381443299
13 0.900782967032967 0.6828659793814433 0.035576923076923075 0.14901030927835052
5 0.8364835164835165 0.619979381443299 0.0823489010989011 0.33367010309278355
10 0.6574587912087912 0.5088865979381443 0.13710164835164834 0.4397319587628866
16 0.707760989010989 0.7390515463917525 0.24895604395604398 0.09552577319587628
8 0.43962912087912087 0.545360824742268 0.165989010989011 0.08851546391752577
9 0.1545467032967033 0.5369278350515464 0.0653434065934066 0.08931958762886598