9 0.1765934065934066 0.5566185567010309 0.038461538461538464 0.08630927835051547
8 0.40491758241758236 0.5716082474226805 0.15629120879120878 0.09795876288659794
1 0.346717032967033 0.5275670103092783 0.3420741758241758 0.11527835051546391
7 0.3053021978021978 0.6901443298969073 0.3416620879120879 0.2021855670103093
19 0.3051510989010989 0.4549278350515464 0.04222527472527472 0.052453608247422685
18 0.6023076923076923 0.46002061855670107 0.07791208791208791 0.06723711340206186
10 0.6328983516483516 0.5235670103092783 0.13604395604395605 0.41882474226804123
11 0.756043956043956 0.5201649484536083 0.12133241758241758 0.3943711340206186
16 0.668282967032967 0.7287835051546392 0.23734890109890108 0.09160824742268041
14 0.8582417582417582 0.47094845360824744 0.043379120879120873 0.06618556701030928
13 0.8727335164835165 0.6224536082474227 0.04667582417582417 0.1577319587628866
5 0.8355494505494505 0.5085154639175258 0.08042582417582417 0.1825360824742268
3 0.5152335164835165 0.6051958762886598 0.14203296703296703 0.3022061855670103