1 0.30485882352941174 0.3384309133489461 0.5036470588235294 0.1679391100702576
8 0.3981647058823529 0.4313583138173302 0.19545882352941174 0.13967213114754098
9 0.05183529411764706 0.44063231850117096 0.0429764705882353 0.11812646370023419
7 0.2500470588235294 0.6782435597189695 0.4847764705882353 0.4160187353629976
10 0.687835294117647 0.40819672131147544 0.22927058823529411 0.8163700234192037
11 0.8235176470588236 0.41189695550351285 0.1880235294117647 0.8238173302107727
16 0.7466235294117647 0.7629976580796253 0.2880235294117647 0.18405152224824356
18 0.6441764705882352 0.26585480093676817 0.12683529411764707 0.11981264637002341
3 0.5394588235294118 0.5041920374707259 0.16594117647058826 0.56192037470726
5 0.9315058823529412 0.4017798594847775 0.10950588235294118 0.5110070257611241
14 0.9635764705882353 0.3355503512880562 0.03789411764705882 0.10531615925058548