1 0.3940272727272727 0.3269789983844911 0.4916818181818182 0.16410339256865913
7 0.36587272727272724 0.6539903069466882 0.5574454545454546 0.4534894991922455
3 0.6384727272727273 0.4847980613893376 0.13890909090909093 0.4618578352180937
10 0.7471545454545454 0.3735702746365105 0.10595454545454545 0.6335379644588046
11 0.8128090909090909 0.3568659127625202 0.08375454545454546 0.537237479806139
13 0.8701272727272727 0.49654281098546044 0.0283 0.15620355411954764
14 0.8615727272727273 0.29720516962843296 0.024163636363636363 0.0768659127625202
5 0.8500545454545454 0.4449111470113085 0.03538181818181818 0.2898384491114701
16 0.7701909090909091 0.6416639741518578 0.1478909090909091 0.18882067851373183
18 0.7367181818181818 0.27507269789983846 0.09912727272727273 0.12953150242326333
9 0.1450090909090909 0.42187399030694667 0.0404 0.14620355411954766
8 0.47956363636363636 0.4277382875605816 0.22379090909090907 0.22253634894991922