9 0.25286000000000003 0.6897751124437781 0.08104 0.05311844077961019
9 0.49438 0.6932533733133432 0.048530000000000004 0.07340329835082458
8 0.3966 0.6843178410794603 0.04408 0.048875562218890556
8 0.69156 0.6947676161919041 0.12289 0.07643178410794602
7 0.30599 0.7653823088455772 0.22731 0.10770614692653674
7 0.60621 0.7904197901049476 0.30774 0.15446776611694152
3 0.77707 0.7184257871064468 0.06831999999999999 0.2160569715142429
4 0.19523 0.6902548725637181 0.05689 0.13247376311844078
2 0.1625 0.661424287856072 0.053649999999999996 0.20967016491754123
12 0.12437000000000001 0.6607496251874063 0.055159999999999994 0.2049775112443778
10 0.81061 0.6721589205397301 0.07876000000000001 0.2911094452773613
11 0.86793 0.6703748125937031 0.06215 0.2622038980509745
17 0.13745 0.7591004497751125 0.08355 0.06880059970014993
16 0.84566 0.7887706146926537 0.09553 0.09119940029985008
19 0.1721 0.6317841079460269 0.05062 0.057091454272863565
18 0.8208099999999999 0.6198350824587706 0.05027 0.05983508245877061
18 0.34952999999999995 0.6227136431784108 0.04326 0.038935532233883054
19 0.55529 0.611424287856072 0.04591 0.0463568215892054
1 0.62621 0.6515442278860569 0.28996 0.09326836581709146
1 0.29822000000000004 0.6497301349325337 0.22063999999999998 0.0696551724137931