18 0.6638375000000001 0.37077777777777776 0.06433749999999999 0.10912222222222222
1 0.39260625 0.42594444444444446 0.37788125 0.13721111111111112
7 0.3691875 0.6312666666666666 0.37926250000000006 0.2226
9 0.21325 0.4936333333333333 0.03619375 0.07026666666666667
8 0.45713125 0.4809777777777778 0.16765 0.11076666666666667
3 0.5673625 0.5202222222222223 0.11611874999999999 0.3282
10 0.6751999999999999 0.4525888888888889 0.09800625 0.43806666666666666
11 0.7573875 0.4527222222222222 0.0675625 0.3806555555555555
16 0.69756875 0.6509777777777778 0.15923125000000002 0.07934444444444444
14 0.8118125 0.41556666666666664 0.02165 0.06566666666666666
13 0.81303125 0.5610777777777778 0.0294875 0.10998888888888889
5 0.8000812500000001 0.4635666666666666 0.032125 0.13992222222222223