1 0.5287833333333333 0.5897625 0.3031833333333333 0.0822625
9 0.38815 0.63385 0.042741666666666664 0.073575
8 0.5781166666666667 0.6319375 0.12685 0.0916
7 0.49919166666666664 0.73125 0.29607500000000003 0.16835
3 0.672575 0.6380250000000001 0.09048333333333333 0.1931
10 0.75185 0.59015 0.08055833333333333 0.2830375
11 0.80795 0.5911124999999999 0.08848333333333334 0.2838
16 0.7741 0.7426875 0.1459 0.09436249999999999
18 0.7297833333333333 0.5539125 0.06975833333333332 0.0574375
14 0.8755250000000001 0.5459 0.03208333333333333 0.0479375
13 0.8906333333333333 0.6684874999999999 0.028391666666666666 0.14625
5 0.8698916666666666 0.6032375 0.039558333333333334 0.140475
19 0.4690666666666667 0.552 0.04 0.0584375