8 0.2766796875 0.6573055555555556 0.17803125 0.13059722222222223
7 0.2123203125 0.8108611111111111 0.3069375 0.26230555555555557
1 0.2685 0.5716666666666667 0.353953125 0.15736111111111112
10 0.6135546875 0.5859305555555555 0.21740624999999997 0.5156111111111111
11 0.8038281250000001 0.5714722222222222 0.1801796875 0.4799722222222222
14 0.9672734374999999 0.533625 0.06546093750000001 0.10544444444444445
16 0.6808046875 0.8210694444444444 0.35746875 0.13634722222222223
18 0.5791796875 0.5264305555555555 0.09864843749999999 0.12993055555555555
3 0.4246171875 0.7248055555555556 0.22296875 0.35765277777777776
13 0.9641328124999999 0.6754305555555555 0.0689375 0.22862500000000002
5 0.8996484375 0.6343194444444444 0.13958593749999998 0.4441805555555556