9 0.671976893453145 0.4743631436314363 0.19106546854942233 0.1721409214092141
7 0.7728112965340179 0.6529539295392954 0.38792041078305517 0.3268834688346884
1 0.7002053915275995 0.3596476964769648 0.47869062901155324 0.18859078590785908
2 0.3206418485237484 0.3702439024390244 0.20038510911424903 0.643360433604336
12 0.1575224646983312 0.34959349593495936 0.16354300385109116 0.6080758807588076
17 0.2737612323491656 0.67289972899729 0.3256996148908857 0.2026829268292683
15 0.03218228498074455 0.2897560975609756 0.03554557124518614 0.11504065040650407
13 0.03490372272143774 0.5054471544715446 0.05029525032092426 0.21241192411924117
6 0.08178433889602053 0.45062330623306235 0.10774069319640565 0.4364769647696477
19 0.347997432605905 0.2718157181571816 0.1223234916559692 0.145420054200542
18 0.6792426187419769 0.23899728997289973 0.04596919127086008 0.07978319783197832
4 0.5157252888318357 0.4869376693766938 0.21830551989730423 0.536449864498645