15 0.22662500000000002 0.41994166666666666 0.07048125 0.27584166666666665
0 0.1265625 0.45787500000000003 0.22286874999999998 0.3483583333333333
13 0.17526250000000002 0.6800083333333333 0.32776249999999996 0.215975
6 0.3231 0.5303666666666668 0.18838125000000003 0.18119166666666667
12 0.51270625 0.52875 0.21984375 0.423225
2 0.7266374999999999 0.5516083333333333 0.20448750000000002 0.38416666666666666
17 0.66130625 0.7503166666666666 0.36485 0.06325
7 0.9715937499999999 0.703125 0.037475 0.145525
4 0.8902312499999999 0.6283000000000001 0.1252 0.24079166666666665
9 0.9646062499999999 0.6076416666666666 0.02645 0.0579
19 0.79625 0.492075 0.047231249999999995 0.0801