1 0.4380117647058824 0.47985355648535566 0.47342352941176474 0.23115062761506275
7 0.4360352941176471 0.7824058577405858 0.5565294117647059 0.3368200836820084
9 0.22885882352941175 0.5931799163179917 0.10451764705882353 0.1565481171548117
8 0.5716 0.5502928870292887 0.18058823529411766 0.20050209205020922
10 0.7357176470588236 0.3510878661087866 0.08551764705882353 0.5761297071129707
11 0.7799411764705882 0.34956066945606695 0.08207058823529412 0.5724895397489539
3 0.695764705882353 0.5044979079497908 0.0934235294117647 0.3806485355648535
14 0.8046470588235295 0.16981171548117155 0.03964705882352942 0.07968619246861926
18 0.7356117647058823 0.2944142259414226 0.09215294117647059 0.11552301255230125
19 0.2832352941176471 0.3476569037656904 0.05564705882352941 0.09646443514644351
16 0.770964705882353 0.5972594142259414 0.11344705882352941 0.235836820083682