9 0.1276328125 0.4949153846153846 0.08051562500000001 0.12765384615384615
8 0.4499140625 0.49922307692307694 0.19122265624999998 0.15164615384615385
7 0.31816796875 0.6915538461538462 0.49023046875 0.27476923076923077
1 0.35332421875 0.40135384615384617 0.47200390625 0.16103846153846155
3 0.5841484375 0.5617846153846154 0.1340625 0.47194615384615385
10 0.71194140625 0.43633846153846156 0.124125 0.6361307692307693
11 0.8151601562499999 0.4454153846153846 0.12256249999999999 0.6072384615384615
16 0.7437265625 0.760676923076923 0.22155078125 0.08993846153846154
14 0.9136523437499999 0.4148769230769231 0.03796484375 0.10603846153846154
13 0.920515625 0.6292307692307693 0.0360703125 0.22705384615384616
5 0.88175 0.5556 0.07572265624999999 0.38503846153846155
18 0.69110546875 0.33797692307692306 0.0876640625 0.15736153846153847
19 0.24671875000000001 0.30291538461538464 0.06489843749999999 0.09237692307692308