1 0.3380546075085324 0.5223958333333333 0.45571672354948806 0.10531249999999999
8 0.3918259385665529 0.5668958333333334 0.1827815699658703 0.07895833333333332
9 0.12242320819112627 0.5688541666666667 0.05025597269624573 0.06364583333333333
7 0.28288395904436864 0.6514791666666666 0.4132081911262798 0.1519375
10 0.6556996587030717 0.5370625 0.16704778156996586 0.40354166666666663
11 0.7664846416382253 0.5369791666666667 0.14387372013651878 0.40372916666666664
16 0.7014163822525596 0.6900208333333333 0.23715017064846416 0.1061875
18 0.6462798634812287 0.4705833333333333 0.07552901023890785 0.07220833333333333
3 0.5419283276450512 0.6041875 0.11218430034129692 0.2465
5 0.8580887372013651 0.5417916666666667 0.09604095563139932 0.2260208333333333
14 0.8981911262798635 0.5108125 0.034488054607508534 0.06293750000000001
13 0.9060068259385665 0.626375 0.04221843003412969 0.10814583333333333