9 0.49445 0.5473111111111111 0.20326875 0.1349
8 0.79180625 0.5268777777777778 0.027149999999999997 0.0681
1 0.5668562500000001 0.4599666666666667 0.454325 0.13798888888888888
2 0.21560625000000003 0.48438888888888887 0.14348750000000002 0.4794333333333333
17 0.20599374999999998 0.6927 0.19301875 0.1738333333333333
15 0.0844375 0.41454444444444444 0.026993749999999997 0.08417777777777778
13 0.07175 0.5307888888888889 0.023387500000000002 0.1314888888888889
6 0.11019999999999999 0.5375333333333333 0.04934375 0.21164444444444444
19 0.24462499999999998 0.3766777777777778 0.0702875 0.08252222222222222
18 0.5964875 0.38375555555555557 0.042756249999999996 0.04482222222222223
7 0.6188 0.7340111111111112 0.4394625 0.25273333333333337
4 0.3494625 0.5695333333333333 0.1257875 0.3873111111111111