9 0.11778124999999999 0.48841666666666667 0.0650625 0.1365462962962963
8 0.4071770833333333 0.4954259259259259 0.16815104166666667 0.15056481481481482
1 0.3278697916666667 0.4189907407407407 0.4435677083333333 0.1520277777777778
19 0.2587291666666667 0.32280555555555557 0.04834375 0.05841666666666667
18 0.64171875 0.3525277777777778 0.10945833333333334 0.10551851851851851
7 0.2633125 0.6963518518518518 0.44640625 0.3206851851851852
3 0.530359375 0.5681759259259259 0.17922916666666666 0.4323240740740741
10 0.6823593750000001 0.42087962962962966 0.13866145833333335 0.563212962962963
11 0.8157239583333333 0.4165925925925926 0.15016666666666667 0.5441203703703703
16 0.7160624999999999 0.7046574074074073 0.2511979166666667 0.18631481481481482
14 0.9150885416666666 0.3202685185185185 0.06465625 0.1083425925925926
13 0.9323645833333334 0.5801944444444445 0.048828125 0.19840740740740742
5 0.9023802083333333 0.40579629629629627 0.09953645833333334 0.21205555555555555