9 0.09377604166666667 0.4630185185185185 0.04405208333333333 0.0875
8 0.378359375 0.46712037037037035 0.20175520833333332 0.10032407407407407
7 0.27259375 0.602037037037037 0.4511614583333333 0.2636759259259259
1 0.32023958333333336 0.381712962962963 0.4813541666666667 0.1323611111111111
3 0.535375 0.4996018518518519 0.1430625 0.381
10 0.6760677083333333 0.408962962962963 0.140328125 0.5067314814814815
11 0.780296875 0.3913888888888889 0.14280729166666667 0.46317592592592594
16 0.7085677083333334 0.6271944444444445 0.253984375 0.12924074074074074
19 0.29519270833333333 0.30766666666666664 0.04844791666666667 0.08698148148148148
18 0.6525156249999999 0.30324999999999996 0.09381770833333333 0.0874074074074074
13 0.9014583333333334 0.53075 0.033937499999999995 0.11605555555555556
5 0.86553125 0.4552962962962963 0.07027604166666666 0.23350925925925925