9 0.30181875 0.38052222222222226 0.0595625 0.09368888888888888
8 0.53819375 0.3636111111111111 0.1635625 0.08208888888888888
1 0.46589375 0.31868888888888885 0.3564625 0.10334444444444445
7 0.42754375000000006 0.5354888888888889 0.37350625 0.27028888888888886
18 0.70105625 0.24926666666666666 0.0736625 0.07562222222222223
10 0.7490000000000001 0.3271888888888889 0.153925 0.5203555555555556
11 0.85979375 0.32105555555555554 0.1244875 0.47673333333333334
16 0.79545 0.5733888888888888 0.21728124999999998 0.12385555555555555
3 0.6475687499999999 0.43463333333333337 0.1176875 0.3758666666666666
14 0.9579562500000001 0.2639111111111111 0.03433125 0.07157777777777778
13 0.9644875 0.45618888888888887 0.046918749999999995 0.17165555555555556
5 0.942825 0.3275 0.07595 0.17653333333333332