9 0.589484375 0.5653055555555555 0.157953125 0.10552777777777778
8 0.7645989583333334 0.5749814814814815 0.025546875 0.06933333333333333
7 0.6499010416666666 0.7074907407407408 0.29440625 0.1800277777777778
4 0.4775 0.6086666666666667 0.13884895833333333 0.3187962962962963
2 0.36772916666666666 0.536787037037037 0.13110416666666666 0.3756481481481481
12 0.26671354166666666 0.5297777777777778 0.08532291666666666 0.36162962962962963
15 0.19244791666666666 0.5134907407407407 0.027078125 0.0605462962962963
13 0.18735937500000002 0.6125555555555555 0.03252083333333333 0.1568240740740741
6 0.21600520833333334 0.5936944444444445 0.05949479166666667 0.22041666666666668
17 0.33253125 0.699787037037037 0.19518229166666667 0.13375925925925927
19 0.37415625 0.46846296296296297 0.06931250000000001 0.10012962962962962