19 0.3181953345296078 0.3151519154557464 0.06190976672648039 0.07052840158520475
18 0.7016226608561907 0.34335535006605017 0.10843373493975904 0.11812417437252311
16 0.743514483465778 0.6175341259357112 0.19478338887464752 0.26578159401144874
1 0.3771648295308895 0.4618758256274769 0.482335298641374 0.24509026860413916
9 0.13262753140220457 0.5465345662703655 0.036839271981543194 0.12377807133421401
8 0.45622148167136634 0.5806428885953325 0.18671879005383235 0.14356230735358871
7 0.3315457574980774 0.7412769704975782 0.4756908485003845 0.30630559225011006
3 0.5962189182260959 0.49169528841919863 0.15620353755447322 0.3425627476882431
10 0.7216636759805178 0.4235094671950682 0.112630094847475 0.5338309114927344
11 0.7926813637528839 0.39166006164685163 0.10165342219943604 0.4745046235138705
13 0.8504819277108434 0.2741347424042272 0.03445270443476032 0.07656098634962571
5 0.8409843629838503 0.38936151475121095 0.048784926941809796 0.32189343901365036