3 0.4870880681818182 0.5021054292929293 0.2026964962121212 0.26206439393939396
7 0.24482717803030304 0.587238005050505 0.420736268939394 0.2208459595959596
1 0.30546875 0.41373106060606063 0.4994034090909091 0.1105713383838384
16 0.7124266098484848 0.6107417929292929 0.30427320075757575 0.1261489898989899
18 0.63921875 0.36752840909090906 0.0991998106060606 0.06551136363636363
10 0.6633451704545454 0.4431786616161616 0.19109374999999998 0.4724968434343434
11 0.7852911931818182 0.4360763888888889 0.171171875 0.436199494949495
5 0.8993276515151516 0.4285448232323233 0.10095170454545455 0.21279987373737372
14 0.9444412878787879 0.4136458333333334 0.025456912878787877 0.06305239898989899
13 0.937795928030303 0.519905303030303 0.05175426136363637 0.16193497474747476
8 0.34292850378787876 0.4862405303030303 0.2174526515151515 0.08618686868686869
9 0.060991950757575755 0.4839614898989899 0.03070785984848485 0.0879419191919192