1 0.4272870370370371 0.5411178861788618 0.2634814814814815 0.09884146341463415
1 0.0011296296296296295 0.04843495934959349 0.002259259259259259 0.0883130081300813
8 0.4803055555555556 0.589979674796748 0.08502777777777777 0.09308943089430893
9 0.30236111111111114 0.6111382113821139 0.03887962962962963 0.08363821138211382
7 0.4040925925925926 0.7048373983739837 0.25749074074074074 0.2082317073170732
10 0.6203333333333334 0.5721138211382114 0.0973888888888889 0.5229674796747967
11 0.6798240740740741 0.5622560975609756 0.0951574074074074 0.5032723577235773
18 0.5959722222222222 0.491849593495935 0.050333333333333334 0.0890040650406504
16 0.6465648148148148 0.7704268292682928 0.1481388888888889 0.13617886178861788
14 0.7666203703703705 0.519979674796748 0.026324074074074073 0.04916666666666667
5 0.7396851851851852 0.5695528455284553 0.08019444444444444 0.43284552845528457
3 0.5568703703703703 0.6473577235772358 0.08662037037037036 0.32977642276422764
19 0.3488425925925926 0.49800813008130085 0.03313888888888889 0.05697154471544716