1 0.09765833333333333 0.41202500000000003 0.14508333333333334 0.061200000000000004
8 0.11264166666666665 0.44475000000000003 0.06453333333333333 0.048525
7 0.08590833333333334 0.496225 0.14450833333333332 0.09835
10 0.23626666666666665 0.4286875 0.08271666666666667 0.219525
11 0.294025 0.4048125 0.06906666666666667 0.1811625
16 0.2435 0.524175 0.09788333333333332 0.0618875
3 0.17324166666666665 0.470875 0.07726666666666666 0.14626250000000002
18 0.21675833333333336 0.4021375 0.04579166666666667 0.047662500000000003
1 0.4040916666666667 0.43920000000000003 0.22329999999999997 0.0624125
8 0.4526583333333334 0.47564999999999996 0.09075833333333333 0.047825
9 0.2961083333333333 0.4714875 0.03341666666666667 0.050612500000000005
7 0.387675 0.555675 0.23553333333333332 0.1516375
10 0.577675 0.46808750000000005 0.07594166666666666 0.2795875
11 0.6241416666666667 0.467575 0.06264166666666666 0.29728750000000004
16 0.5964166666666667 0.5853625 0.0949 0.11725
18 0.5685833333333333 0.4205375 0.05151666666666667 0.046974999999999996
3 0.5179416666666666 0.5207 0.089825 0.21603750000000002
5 0.6558583333333333 0.46783749999999996 0.051075 0.21345
14 0.6641333333333334 0.41957500000000003 0.021558333333333336 0.04
2 0.720325 0.420875 0.05749166666666666 0.21015
19 0.7194083333333333 0.3854625 0.04066666666666666 0.0393375
17 0.7076 0.501 0.05871666666666666 0.061025
9 0.8003166666666667 0.44049999999999995 0.07331666666666667 0.04315
8 0.9549583333333334 0.4450125 0.034075 0.064675
1 0.8538 0.403775 0.22194999999999998 0.06658750000000001
7 0.8691916666666667 0.49977499999999997 0.23190833333333336 0.10233750000000001
4 0.7534916666666667 0.45395 0.06509166666666667 0.16067499999999998