8 0.16766279069767442 0.5356878306878307 0.10044186046511627 0.11357142857142857
7 0.17622093023255817 0.6217724867724868 0.10062790697674419 0.1991798941798942
3 0.2822674418604651 0.5428571428571428 0.14605813953488372 0.2809259259259259
1 0.2352325581395349 0.4588624338624338 0.2017325581395349 0.11867724867724867
10 0.4451627906976744 0.4689153439153439 0.17967441860465116 0.4213756613756614
11 0.6174651162790697 0.4646560846560846 0.16486046511627908 0.40849206349206346
16 0.49639534883720926 0.6583068783068783 0.33294186046511626 0.09992063492063492
18 0.39412790697674416 0.41679894179894184 0.03962790697674418 0.10666666666666667
3 0.31268604651162796 0.5414285714285714 0.09155813953488372 0.2693386243386243
14 0.8148720930232558 0.4228042328042328 0.08874418604651162 0.10637566137566137
13 0.816406976744186 0.5905291005291006 0.12730232558139534 0.21365079365079367
5 0.7538953488372093 0.4674867724867725 0.1101046511627907 0.2019047619047619