1 0.3719375 0.43423437500000006 0.646671875 0.30246875
7 0.308078125 0.71465625 0.578328125 0.346296875
3 0.61128125 0.5503750000000001 0.18715625 0.41525
10 0.7880625 0.40345312499999997 0.18659375 0.562765625
19 0.2898125 0.22356250000000003 0.0636875 0.062375
18 0.749140625 0.293640625 0.11670312499999999 0.086890625
8 0.438546875 0.612828125 0.22364062499999998 0.144015625
9 0.066515625 0.52421875 0.067078125 0.148046875
16 0.768171875 0.644109375 0.25478125 0.26596875
14 0.9275625 0.23003125 0.06103125 0.07215625
13 0.968390625 0.38854687499999996 0.03334375 0.12984374999999998
5 0.9294687500000001 0.39396875 0.1055 0.34371874999999996