9 0.157953125 0.533625 0.044703124999999996 0.12584375
8 0.397546875 0.583171875 0.1905625 0.127703125
7 0.31571875 0.757 0.39842187500000004 0.253171875
1 0.353203125 0.49164062499999994 0.4213125 0.18771875
19 0.34182812500000004 0.38328125 0.065234375 0.054328125000000005
18 0.647078125 0.43053125000000003 0.09240625 0.08284375000000001
10 0.6724218750000001 0.499 0.13960937499999998 0.501046875
11 0.7826562499999999 0.478828125 0.11560937499999999 0.44903125
16 0.7079375 0.723734375 0.245359375 0.15884375
3 0.5364375 0.6148906249999999 0.15665625 0.367875
13 0.8915625 0.59621875 0.07140625 0.10659375
5 0.85415625 0.538296875 0.097609375 0.2399375