8 0.359953125 0.5119374999999999 0.264796875 0.089140625
16 0.746359375 0.589265625 0.276375 0.1844375
7 0.26475 0.59065625 0.47292187500000005 0.21221874999999998
1 0.32096874999999997 0.43259375 0.48965625 0.13671875
18 0.673015625 0.38146874999999997 0.117578125 0.07509375
10 0.69471875 0.44195312500000006 0.19529687499999998 0.41795312500000004
11 0.8246874999999999 0.41870312500000006 0.16153125 0.383921875
5 0.9135781250000001 0.418625 0.08931249999999999 0.21189062500000003
14 0.939703125 0.386859375 0.025937500000000002 0.042109375
3 0.559625 0.493703125 0.236296875 0.27003125
9 0.0721875 0.489796875 0.03096875 0.06675