19 0.32578125 0.2879375 0.09434375 0.09490625
9 0.5687031250000001 0.5048125 0.222921875 0.16148437499999999
8 0.88440625 0.488671875 0.08871875 0.137
1 0.6455 0.383671875 0.47418750000000004 0.21215625
7 0.695921875 0.70640625 0.504734375 0.3225
4 0.4253125 0.50503125 0.151 0.5060625
2 0.31078125 0.4215625 0.11725000000000001 0.686390625
12 0.214359375 0.40959375 0.10410937499999999 0.64290625
15 0.13934375000000002 0.361328125 0.05171875 0.09715625
13 0.12345312500000001 0.5608906250000001 0.05509375 0.187703125
6 0.170234375 0.535921875 0.070453125 0.3585
17 0.26675 0.7193906250000001 0.208875 0.16878125