9 0.16821875 0.5120312499999999 0.06521875 0.131265625
8 0.5336875 0.564375 0.249765625 0.12137500000000001
7 0.398109375 0.696484375 0.5840468750000001 0.271015625
1 0.423671875 0.43846875 0.517125 0.199421875
3 0.618109375 0.530796875 0.25371875 0.3485625
10 0.7911875 0.44498437500000004 0.091609375 0.46125
11 0.8532187499999999 0.42421875 0.092546875 0.41340625
5 0.8959843749999999 0.467609375 0.0365625 0.2611875
13 0.9317343749999999 0.47659375 0.047140625000000005 0.16107812500000002
18 0.7757968749999999 0.383265625 0.109625 0.09817187499999999
19 0.316890625 0.328625 0.070921875 0.052640624999999996
16 0.7970312500000001 0.630390625 0.18396875 0.163109375