8 0.312828125 0.5021718749999999 0.23446875 0.13390625
7 0.22948437500000002 0.638109375 0.40114062500000003 0.254734375
1 0.30346875 0.40371875 0.5230625 0.15575
19 0.327140625 0.30528125 0.063765625 0.07346875
18 0.649359375 0.3159375 0.110671875 0.09475
10 0.682328125 0.41612499999999997 0.181921875 0.519140625
11 0.8418906249999999 0.397609375 0.165609375 0.4658125
16 0.7208125 0.6328437499999999 0.337 0.166125
14 0.97146875 0.353734375 0.057078125 0.0714375
13 0.9740624999999999 0.52103125 0.051859375 0.124796875
5 0.9305625 0.496484375 0.120390625 0.261390625
3 0.49468750000000006 0.51628125 0.23359375 0.40034375000000005