9 0.49592187499999996 0.544140625 0.18837500000000001 0.119171875
1 0.6061093750000001 0.47321875 0.568125 0.13046875
19 0.2571875 0.406125 0.07965625 0.08690624999999999
2 0.2424375 0.504625 0.131390625 0.61203125
12 0.179484375 0.474078125 0.12887500000000002 0.525921875
17 0.20753125 0.730234375 0.16784375 0.191359375
4 0.3518125 0.512796875 0.16821875 0.25960937500000003
7 0.622515625 0.698546875 0.5603125 0.318609375
18 0.8594843750000001 0.534328125 0.047 0.07768749999999999
6 0.103171875 0.4653125 0.059625 0.24903124999999998
18 0.7006249999999999 0.3878125 0.054031249999999996 0.059640625