8 0.270265625 0.5422343749999999 0.20968749999999997 0.115140625
7 0.195484375 0.680140625 0.35924999999999996 0.257046875
1 0.279703125 0.45357812500000005 0.438390625 0.17890625
3 0.4340625 0.56953125 0.21912500000000001 0.34568750000000004
10 0.6401875 0.45990624999999996 0.192546875 0.4725625
11 0.811140625 0.43267187500000004 0.143671875 0.406921875
16 0.686 0.66315625 0.3623125 0.1540625
14 0.9433906249999999 0.380390625 0.05209375000000001 0.06665625
13 0.942546875 0.5181875 0.056640625 0.12037500000000001
5 0.89375 0.48064062500000004 0.10592187500000001 0.26725
18 0.60396875 0.394953125 0.08884375 0.080140625