1 0.322484375 0.43684375 0.48525 0.14209375
3 0.524046875 0.524515625 0.15714062499999998 0.336171875
8 0.38565625 0.514703125 0.18840625 0.094703125
7 0.26596875 0.635625 0.43159375000000005 0.208390625
9 0.08859375 0.5184375 0.03621875 0.06778125
10 0.676234375 0.45210937500000004 0.183375 0.522625
11 0.7974218750000001 0.447859375 0.18825 0.51725
16 0.7254375 0.64890625 0.29009375 0.156828125
18 0.6403749999999999 0.352734375 0.10228124999999999 0.077015625
5 0.901515625 0.399859375 0.12454687499999999 0.299390625
14 0.94978125 0.384078125 0.033578125 0.0615625
13 0.9448281250000001 0.55003125 0.0518125 0.14346874999999998