8 0.447421875 0.494015625 0.150234375 0.061546875
10 0.637578125 0.492953125 0.090203125 0.27015625
11 0.706984375 0.49628125 0.06928125 0.25779687500000004
18 0.6311875 0.42973437499999995 0.074578125 0.063671875
1 0.43342187499999996 0.443734375 0.31256249999999997 0.064046875
7 0.387046875 0.567515625 0.2688125 0.17835937500000001
3 0.553515625 0.542796875 0.10067187500000001 0.22440625
19 0.41971875000000003 0.40546875 0.035171875000000005 0.0321875
16 0.652484375 0.6309375 0.16690624999999998 0.039359375
13 0.763484375 0.5894999999999999 0.027296874999999998 0.085546875
5 0.7622656250000001 0.52021875 0.06296874999999999 0.09690625