1 0.6547031249999999 0.321 0.340390625 0.079171875
9 0.606828125 0.375671875 0.163890625 0.073921875
8 0.827890625 0.35140625000000003 0.046125 0.0775
7 0.711296875 0.507234375 0.366921875 0.1893125
4 0.4885625 0.41903125 0.104453125 0.23517187499999997
2 0.38184375 0.36893750000000003 0.107171875 0.35471875
12 0.2830625 0.367515625 0.08928125 0.310234375
15 0.20801562499999998 0.3421875 0.038140625 0.048625
13 0.20865625 0.45459375 0.036843749999999995 0.091140625
6 0.22718750000000001 0.39234375 0.040031250000000004 0.10207812499999999
17 0.3545 0.527484375 0.18790625 0.07546875
19 0.398 0.32265625 0.07959374999999999 0.06165625