8 0.3606875 0.5096875 0.209234375 0.15171874999999999
3 0.50334375 0.540234375 0.19684375 0.42390625000000004
7 0.276328125 0.710609375 0.35009375 0.317546875
1 0.32206250000000003 0.423609375 0.38590625 0.17485937499999998
10 0.6375 0.39654687499999997 0.18475 0.605109375
13 0.8905312500000001 0.436015625 0.051390625 0.1870625
5 0.8456093750000001 0.3520625 0.09528125 0.253375
14 0.8612343750000001 0.251546875 0.08534375 0.10024999999999999
18 0.5940000000000001 0.30959375 0.1368125 0.11192187499999999
19 0.32978125 0.30071875000000003 0.0615 0.06578125
16 0.6818125 0.6585 0.266609375 0.1849375