19 0.8407500000000001 0.390921875 0.08390625 0.11474999999999999
7 0.9227343749999999 0.617640625 0.04303125 0.13760937499999998
4 0.869953125 0.5910624999999999 0.088640625 0.35178125
2 0.7597031249999999 0.472171875 0.138671875 0.586265625
12 0.621203125 0.46671874999999996 0.137859375 0.6003125
15 0.42698437499999997 0.40621875 0.204296875 0.13146875
14 0.13964062500000002 0.40125 0.11920312500000001 0.13193749999999999
0 0.27932812500000004 0.4245 0.329140625 0.265234375
6 0.575578125 0.535875 0.152875 0.48425
13 0.30340625 0.632203125 0.4988125 0.322984375
17 0.739578125 0.780078125 0.235734375 0.08401562500000001