1 0.380421875 0.432015625 0.325328125 0.05125
7 0.325875 0.549859375 0.316703125 0.1440625
9 0.22040625 0.46076562499999996 0.036546875 0.048484375
8 0.4010625 0.45990624999999996 0.150109375 0.062390625
3 0.521296875 0.493984375 0.122828125 0.184203125
10 0.630765625 0.458484375 0.100296875 0.255171875
11 0.72528125 0.45285937499999995 0.09653125 0.241875
16 0.6658906250000001 0.57684375 0.21912500000000001 0.05965625
14 0.8241250000000001 0.428109375 0.038625 0.03675
13 0.82640625 0.5174531250000001 0.046234375 0.075015625
5 0.802859375 0.45862499999999995 0.060843749999999995 0.093328125
18 0.60109375 0.42085937500000004 0.07473437499999999 0.051265625