9 0.52015625 0.574921875 0.171234375 0.08354687499999999
8 0.7989375 0.56803125 0.08815625 0.09165625
19 0.31609375 0.46096875 0.084984375 0.09003125
18 0.694515625 0.438546875 0.06684375000000001 0.06392187499999999
1 0.600984375 0.52025 0.46415625 0.130453125
7 0.6364375 0.6876562500000001 0.44440625 0.19025
2 0.320578125 0.5221875 0.11865624999999999 0.390578125
12 0.230796875 0.50828125 0.10501562499999999 0.3815
6 0.182421875 0.590796875 0.065375 0.22496875
13 0.144359375 0.622328125 0.047765625 0.18460937500000002
17 0.28215625 0.7054843749999999 0.19834374999999999 0.097796875
4 0.392875 0.63959375 0.110421875 0.255859375