9 0.23134375000000001 0.503734375 0.087328125 0.0973125
8 0.534390625 0.480625 0.172578125 0.09621874999999999
1 0.424546875 0.42620312499999996 0.41121875 0.13253125
7 0.3780625 0.625515625 0.45367187500000006 0.2228125
3 0.6175625 0.5074375 0.091625 0.2980625
10 0.6830625 0.440015625 0.099515625 0.415546875
11 0.73846875 0.438671875 0.099828125 0.41917187499999997
16 0.714171875 0.6427343750000001 0.15396875000000002 0.08742187500000001
5 0.7978125 0.461828125 0.046656249999999996 0.155875
14 0.80846875 0.388890625 0.085328125 0.0620625
19 0.2930625 0.38446875 0.06492187499999999 0.074046875
18 0.667125 0.36553125 0.083890625 0.07090625