19 0.32423437499999996 0.47348437499999996 0.040203125 0.046046875
18 0.5335 0.49465624999999996 0.058171875 0.06565625
16 0.589671875 0.69253125 0.1989375 0.10346875
1 0.356703125 0.5415625000000001 0.2386875 0.1111875
7 0.31906249999999997 0.699421875 0.25715625000000003 0.18259375
9 0.24351562499999999 0.570875 0.049234375000000004 0.10162500000000001
8 0.379828125 0.584421875 0.099484375 0.1003125
3 0.46492187500000004 0.6164375 0.101703125 0.24759375
10 0.566359375 0.54178125 0.10053125 0.361515625
11 0.656359375 0.526671875 0.10234375 0.331296875
14 0.738375 0.475875 0.033265625 0.059343749999999994
13 0.747671875 0.6039218749999999 0.045656249999999995 0.110359375
5 0.72596875 0.515171875 0.042562499999999996 0.112375