9 0.63525 0.508890625 0.136328125 0.08
1 0.627328125 0.451578125 0.267828125 0.077
7 0.6705 0.5895625 0.21800000000000003 0.1498125
4 0.5385 0.517 0.120796875 0.21403124999999998
2 0.423328125 0.46864062500000003 0.10759375 0.296359375
12 0.329015625 0.46575 0.095296875 0.283890625
17 0.39842187500000004 0.600734375 0.1939375 0.082875
15 0.24459375 0.447484375 0.024671875 0.048703125
13 0.252265625 0.537125 0.037765625000000004 0.09853125
6 0.27331249999999996 0.48814062500000005 0.046390625000000005 0.10323437499999999
19 0.43875000000000003 0.40726562499999996 0.084859375 0.06425