9 0.541671875 0.543921875 0.162421875 0.085140625
8 0.725515625 0.532015625 0.037328125000000004 0.05653125
1 0.5686718749999999 0.4810625 0.302953125 0.10604687500000001
7 0.60846875 0.6593125 0.289640625 0.16628125
4 0.43384375000000003 0.5490625 0.10287500000000001 0.26046874999999997
2 0.34415625 0.49565625 0.09473437500000001 0.336515625
12 0.2725625 0.478109375 0.06365625 0.299703125
15 0.22000000000000003 0.45471874999999995 0.021046875 0.055015625
13 0.21731250000000002 0.565234375 0.03021875 0.078125
6 0.23620312499999999 0.5328593749999999 0.034078125 0.18453124999999998
17 0.319578125 0.639921875 0.15145312500000002 0.10665625000000001
19 0.352875 0.42957812500000003 0.06593750000000001 0.06932812499999999