9 0.087953125 0.438171875 0.06790625 0.11171875
8 0.33575 0.43912500000000004 0.18156250000000002 0.106671875
7 0.225828125 0.613515625 0.38879687500000004 0.2405
1 0.28390624999999997 0.38887499999999997 0.379953125 0.09992187500000001
3 0.4799375 0.5253593750000001 0.163609375 0.38753125
10 0.638015625 0.42762500000000003 0.1610625 0.482953125
11 0.7970937499999999 0.430078125 0.153953125 0.480859375
16 0.69309375 0.691875 0.31290625 0.11215625
18 0.598546875 0.355046875 0.08215625 0.085578125
14 0.951546875 0.41782812500000005 0.048562499999999995 0.064078125
13 0.9436562500000001 0.634265625 0.061921875 0.20790625000000001
3 0.92265625 0.463796875 0.115796875 0.180328125