8 0.478203125 0.690390625 0.1595625 0.0960625
9 0.186 0.70028125 0.07478125 0.084609375
7 0.346015625 0.786734375 0.435421875 0.20054687499999999
1 0.40165625 0.6232031250000001 0.44359374999999995 0.1054375
18 0.68621875 0.554203125 0.068953125 0.0518125
19 0.28453125 0.5608906250000001 0.04996875 0.049546875000000004
10 0.688125 0.63846875 0.12903125 0.43596874999999996
11 0.771125 0.64125 0.157515625 0.44153125
13 0.882234375 0.73084375 0.05475 0.195703125
16 0.7262187499999999 0.81771875 0.216640625 0.116359375
3 0.59184375 0.6662656250000001 0.10210937499999999 0.11932812500000001