9 0.18903125 0.45203125 0.077734375 0.11360937499999998
8 0.53315625 0.442296875 0.187859375 0.121703125
7 0.386140625 0.6505625 0.52734375 0.3126875
1 0.4173125 0.37428125 0.49056249999999996 0.1044375
19 0.296421875 0.3195625 0.067515625 0.06059375
18 0.726984375 0.322953125 0.07864062499999999 0.10489062499999999
10 0.73621875 0.44328124999999996 0.09709375 0.576796875
11 0.80525 0.4446875 0.094953125 0.504765625
16 0.773859375 0.6921406250000001 0.141140625 0.12450000000000001
14 0.862859375 0.41823437500000005 0.028499999999999998 0.07046875
3 0.666890625 0.545765625 0.11654687500000001 0.44009375000000006