8 0.376109375 0.62225 0.18875 0.08790624999999999
16 0.69253125 0.761390625 0.296515625 0.1318125
18 0.6381249999999999 0.50603125 0.10403124999999999 0.06484375
10 0.6658906250000001 0.590828125 0.19043749999999998 0.403515625
11 0.769734375 0.5982031250000001 0.15475 0.43042187500000006
5 0.8641875000000001 0.59090625 0.11309374999999999 0.275578125
3 0.514578125 0.6547031249999999 0.1711875 0.284078125
1 0.32228124999999996 0.562796875 0.48392187499999995 0.109625
7 0.267625 0.7035 0.450515625 0.175390625
9 0.10421875 0.62225 0.05496875 0.06290625
14 0.921296875 0.5579375 0.026640625 0.04990625
13 0.9168749999999999 0.68240625 0.060484375 0.18703125