1 0.47434374999999995 0.604078125 0.29775 0.1013125
7 0.44275000000000003 0.717296875 0.264 0.123703125
9 0.34828125 0.635546875 0.058515625 0.048421874999999996
8 0.506640625 0.6360781249999999 0.09946875 0.044
10 0.665515625 0.582703125 0.08084375 0.299375
11 0.7263124999999999 0.582359375 0.064125 0.296078125
16 0.68153125 0.7331875 0.13240625 0.045171875
13 0.793578125 0.67078125 0.041999999999999996 0.093171875
5 0.773859375 0.585171875 0.051359375 0.087390625
19 0.4255 0.545953125 0.03278125 0.043890625
18 0.6499843750000001 0.5445 0.053437500000000006 0.05015625