16 0.7073125 0.7354375 0.24867187500000001 0.148609375
1 0.366171875 0.49887499999999996 0.35703125 0.150484375
8 0.399984375 0.58365625 0.187140625 0.12003124999999999
7 0.312546875 0.738109375 0.35915625 0.285203125
3 0.525125 0.6031875 0.16259375 0.353375
10 0.67271875 0.52278125 0.13103125 0.504828125
11 0.7865624999999999 0.480953125 0.11156250000000001 0.435359375
14 0.864265625 0.430875 0.03134375 0.070734375
5 0.8559687500000001 0.504140625 0.03659375 0.11725000000000001
13 0.878265625 0.6094999999999999 0.037453125 0.096734375
18 0.631671875 0.434921875 0.11299999999999999 0.08820312500000001