9 0.11385937500000001 0.611765625 0.06715625 0.082421875
8 0.37221875 0.59746875 0.19325 0.0968125
7 0.258390625 0.730921875 0.41721874999999997 0.23395312499999998
3 0.5136406250000001 0.66171875 0.160625 0.333296875
10 0.659953125 0.575203125 0.1726875 0.369625
11 0.800765625 0.577859375 0.148875 0.371421875
16 0.703109375 0.782015625 0.266078125 0.116140625
14 0.9214218750000001 0.55159375 0.05728124999999999 0.07145312499999999
13 0.938109375 0.7772187500000001 0.05778124999999999 0.110109375
5 0.9024218749999999 0.63309375 0.11304687499999999 0.19090625
1 0.310171875 0.557015625 0.416796875 0.078375
18 0.623734375 0.520984375 0.09864062500000001 0.0688125