8 0.44903125 0.48796875 0.19290625 0.12871875
9 0.12809375 0.498484375 0.06834375000000001 0.096609375
1 0.3566875 0.40395312499999997 0.47240624999999997 0.13568750000000002
1 0.31579687500000003 0.6756249999999999 0.487515625 0.32278125
3 0.58109375 0.519828125 0.143078125 0.370546875
16 0.742890625 0.7598281250000001 0.20831249999999998 0.1349375
10 0.69446875 0.451328125 0.18859375 0.724171875
11 0.790921875 0.45721875 0.18460937500000002 0.748484375
18 0.6908125 0.33849999999999997 0.08753125 0.13603125
3 0.5845625 0.562171875 0.15003125 0.45525000000000004
5 0.874421875 0.49585937500000005 0.120390625 0.460125