9 0.154796875 0.502390625 0.073109375 0.118921875
8 0.427140625 0.499625 0.197671875 0.130765625
1 0.358171875 0.437625 0.42084374999999996 0.13174999999999998
19 0.3420625 0.35535937500000003 0.055296875 0.047093750000000004
18 0.66996875 0.359375 0.10346875 0.08637500000000001
7 0.31579687500000003 0.67015625 0.42982812499999995 0.25653125
10 0.70390625 0.45679687500000005 0.136609375 0.503453125
11 0.8110625 0.44159375 0.12823437499999998 0.447109375
13 0.913265625 0.544109375 0.04934375 0.171125
5 0.87303125 0.51271875 0.082484375 0.31179687500000003
16 0.735078125 0.686109375 0.251046875 0.10790625000000001