19 0.42554687500000005 0.527578125 0.050765625 0.070375
18 0.654953125 0.5405625 0.07209375 0.05575
1 0.47328125 0.598359375 0.296234375 0.0963125
9 0.348765625 0.63528125 0.056578125 0.045171875
8 0.499125 0.63740625 0.11668750000000001 0.049421875
7 0.44948437500000005 0.718828125 0.295515625 0.12789062499999998
3 0.597359375 0.6478906249999999 0.071234375 0.201484375
10 0.6620625 0.581421875 0.086296875 0.3061875
11 0.720875 0.581171875 0.07109375 0.303671875
16 0.682515625 0.7329687500000001 0.16471875 0.054171875
13 0.8046093750000001 0.6690625 0.068265625 0.093984375
5 0.7715156249999999 0.6361718749999999 0.052078124999999996 0.178046875