10 0.452328125 0.65409375 0.2300625 0.45471874999999995
11 0.6349218750000001 0.65340625 0.188234375 0.45332812499999997
16 0.5053124999999999 0.8549687499999999 0.344640625 0.10020312499999999
18 0.37334375 0.60315625 0.044296875 0.06221875
3 0.28165625 0.698890625 0.158203125 0.23181250000000003
8 0.21595312500000002 0.6802343750000001 0.068453125 0.091375
7 0.207265625 0.8040156250000001 0.07668749999999999 0.157671875
5 0.72059375 0.63778125 0.141890625 0.40125
14 0.780671875 0.62815625 0.057859375000000005 0.08721875
13 0.7872656250000001 0.79984375 0.06967187500000001 0.102125
1 0.252578125 0.6232968750000001 0.1139375 0.0775