14 0.58290625 0.374078125 0.13414062499999999 0.266828125
15 0.920625 0.340359375 0.12990625 0.23845312500000002
0 0.790828125 0.46145312499999996 0.385953125 0.461125
13 0.739359375 0.674203125 0.52128125 0.31240625
5 0.50228125 0.4875 0.199484375 0.2848125
10 0.23781249999999998 0.5394375 0.174421875 0.542890625
11 0.40053124999999995 0.538390625 0.183 0.555078125
16 0.27909375000000003 0.8276718750000001 0.27653125 0.115453125
18 0.165796875 0.4840625 0.073375 0.10007812499999999
7 0.06103125 0.72675 0.059171875 0.2534375
3 0.118921875 0.683734375 0.1063125 0.35603125