19 0.4118125 0.479484375 0.07084375000000001 0.0728125
2 0.38378125 0.55634375 0.161734375 0.42176562500000003
12 0.269796875 0.553984375 0.12796875000000002 0.42204687500000004
4 0.500359375 0.585 0.136265625 0.24881250000000002
1 0.63234375 0.48184375 0.307203125 0.12592187500000002
9 0.6205 0.567015625 0.149625 0.059359375000000006
7 0.69709375 0.649 0.29281250000000003 0.23500000000000001
17 0.352359375 0.73134375 0.242375 0.07768749999999999
6 0.202875 0.57521875 0.05493749999999999 0.28765625
13 0.177890625 0.68209375 0.0469375 0.12432812499999998
15 0.169453125 0.551171875 0.026734374999999998 0.037671875