1 0.481234375 0.560015625 0.212875 0.10406249999999999
9 0.45225 0.606453125 0.097921875 0.0750625
8 0.5961875 0.5954375 0.02953125 0.074890625
7 0.5062656249999999 0.690390625 0.23717187499999998 0.1460625
4 0.373 0.619734375 0.078625 0.187390625
2 0.311265625 0.56903125 0.10906249999999999 0.32210937500000003
12 0.247453125 0.545953125 0.08981249999999999 0.282171875
17 0.282890625 0.6894375 0.114390625 0.10075
19 0.31396875 0.5266875 0.049453125 0.062406249999999996
6 0.203625 0.55003125 0.049359375 0.19346875
0 0.727546875 0.53571875 0.139109375 0.130453125
14 0.687171875 0.53796875 0.0865 0.05371875
13 0.710515625 0.61834375 0.182453125 0.14571875
11 0.563890625 0.485453125 0.0975625 0.1643125
5 0.619890625 0.5335468750000001 0.08453125 0.22923437500000002