10 0.43429687499999997 0.48335937500000004 0.23385937499999998 0.585125
11 0.618328125 0.47701562500000005 0.20193750000000002 0.6005625
18 0.373515625 0.399609375 0.049812499999999996 0.08325
16 0.504265625 0.722765625 0.3550625 0.1451875
5 0.769640625 0.427203125 0.1576875 0.4446875
14 0.8465624999999999 0.46375 0.067765625 0.102171875
13 0.8360625 0.684578125 0.124890625 0.143796875
3 0.27671875 0.555140625 0.159421875 0.39432812500000003
8 0.17124999999999999 0.51740625 0.101515625 0.10320312499999999
7 0.156140625 0.7113125 0.1150625 0.206984375
1 0.211515625 0.41810937499999995 0.16793750000000002 0.07960937500000001