8 0.38775 0.49387499999999995 0.184234375 0.10303124999999999
9 0.10968750000000001 0.49831250000000005 0.04403125 0.077515625
1 0.33725 0.41020312499999995 0.458515625 0.1231875
7 0.280734375 0.61946875 0.42985937500000004 0.20734375
16 0.700609375 0.673203125 0.246 0.1554375
10 0.663125 0.436140625 0.17903125 0.5656875
11 0.764953125 0.42771875000000004 0.1670625 0.52696875
18 0.63075 0.346140625 0.10489062499999999 0.0763125
3 0.5095625 0.5081875 0.16946875 0.31603125
5 0.87034375 0.45237499999999997 0.10909374999999999 0.31378125
14 0.9101874999999999 0.40578125 0.029406250000000002 0.07370312500000001