18 0.574140625 0.352140625 0.10418750000000002 0.072671875
8 0.29346875 0.470703125 0.15403125 0.0910625
1 0.2659375 0.40932812500000004 0.41846875 0.102703125
7 0.22643749999999999 0.589609375 0.37559375 0.222625
10 0.6306406250000001 0.44117187500000005 0.2421875 0.46950000000000003
11 0.7749375 0.426765625 0.17765625000000002 0.43443750000000003
16 0.686546875 0.6232968750000001 0.317875 0.152484375
3 0.45728125000000003 0.42114062499999994 0.19828125000000002 0.20129687500000001
13 0.9354531250000001 0.5485625 0.054453125000000005 0.14364062500000002
14 0.942484375 0.40629687499999995 0.0315 0.05600000000000001
5 0.895875 0.407765625 0.116390625 0.2308125