8 0.342375 0.493828125 0.21570312500000002 0.098078125
9 0.07840625 0.49409375000000005 0.05142187499999999 0.05884374999999999
1 0.305125 0.4165 0.502 0.108203125
7 0.2485 0.593265625 0.43703125 0.198578125
3 0.48293749999999996 0.505 0.22296875 0.311375
10 0.67734375 0.440015625 0.159796875 0.393046875
11 0.806875 0.43078125 0.145078125 0.374578125
16 0.7051875 0.6181875 0.290765625 0.099671875
14 0.9442187499999999 0.41231249999999997 0.05290625 0.05721875
13 0.942796875 0.531625 0.057890624999999994 0.124609375
5 0.891015625 0.49517187500000004 0.09990625 0.240125
18 0.6422343749999999 0.362484375 0.122234375 0.076875
19 0.290078125 0.35028125 0.05428125 0.04965625