7 0.758203125 0.69296875 0.422359375 0.25206249999999997
9 0.65546875 0.5639062499999999 0.19132812500000002 0.107578125
8 0.9028281249999999 0.568953125 0.058203125 0.0949375
1 0.69453125 0.491625 0.42570312499999996 0.1489375
4 0.513875 0.56096875 0.172328125 0.343171875
2 0.34728125 0.504328125 0.1800625 0.50546875
12 0.209484375 0.5004062499999999 0.17153125 0.49524999999999997
15 0.07021875 0.446703125 0.054906250000000004 0.089078125
13 0.05795312500000001 0.6088125 0.05878124999999999 0.20875
6 0.11903125 0.5217343750000001 0.12020312500000001 0.293234375
17 0.30679687499999997 0.722484375 0.31784375 0.14915625
19 0.380078125 0.42315625 0.109296875 0.084578125
18 0.736234375 0.40153125 0.06593750000000001 0.0555625