9 0.348046875 0.684015625 0.049203125 0.067234375
8 0.549703125 0.68603125 0.113578125 0.078484375
1 0.509328125 0.6283593749999999 0.318890625 0.09775
7 0.46453125 0.7856875 0.325453125 0.169625
3 0.649515625 0.7040625 0.11882812499999999 0.26765625000000004
10 0.758953125 0.6477968749999999 0.099390625 0.36021875
11 0.8394375000000001 0.6375 0.107453125 0.3310625
16 0.7697812500000001 0.8178124999999999 0.18046875 0.072609375
19 0.4729375 0.5700937500000001 0.044187500000000005 0.046140625000000005
18 0.7307187500000001 0.57659375 0.083765625 0.06153125
14 0.90821875 0.59559375 0.03253125 0.0803125
13 0.9248749999999999 0.7399218750000001 0.042312499999999996 0.116625
5 0.894171875 0.687234375 0.08028125 0.23399999999999999
16 0.774640625 0.810109375 0.194796875 0.083625