19 0.29676562500000003 0.32625000000000004 0.04803125 0.054843750000000004
18 0.657109375 0.350390625 0.122875 0.08228125
1 0.31375000000000003 0.410640625 0.516015625 0.154171875
8 0.35778125 0.5044375 0.22907812500000002 0.10220312499999999
9 0.07564062499999999 0.48404687500000004 0.07478125 0.080953125
7 0.254296875 0.605546875 0.42579687499999996 0.219875
3 0.5199374999999999 0.522984375 0.17103125 0.32599999999999996
10 0.68875 0.423671875 0.164546875 0.41440625000000003
11 0.8290625 0.4114375 0.120015625 0.361578125
16 0.71290625 0.601234375 0.301703125 0.132578125
14 0.949171875 0.36734374999999997 0.043828125 0.064125
13 0.945078125 0.498171875 0.061609375 0.11867187500000001
5 0.906953125 0.465140625 0.08090625 0.2229375