9 0.597453125 0.45025000000000004 0.23271875 0.12228125000000001
8 0.876015625 0.416796875 0.060703125000000004 0.10400000000000001
1 0.65553125 0.377921875 0.432234375 0.11553125
7 0.7399843749999999 0.6369374999999999 0.500109375 0.28195312499999997
4 0.446 0.510828125 0.13468750000000002 0.33640625
2 0.308921875 0.42651562500000006 0.134203125 0.49148437500000003
12 0.185265625 0.41396875 0.113203125 0.46293749999999995
15 0.09426562499999999 0.36434375 0.045796875 0.085890625
13 0.08575 0.534484375 0.05653125 0.1588125
6 0.109265625 0.447390625 0.041078125 0.172140625
19 0.332828125 0.37239062500000003 0.095859375 0.095046875
17 0.270578125 0.657546875 0.245640625 0.127171875