6 0.48359375 0.5213125 0.10746875 0.09539062499999999
4 0.7698125 0.494140625 0.07678125 0.0691875
17 0.635671875 0.6154843750000001 0.21335937500000002 0.093125
12 0.55425 0.470265625 0.14496875 0.330796875
2 0.643421875 0.46990625 0.149 0.342609375
19 0.6959375 0.408734375 0.038406249999999996 0.048359374999999996
13 0.3111875 0.57946875 0.26892187500000003 0.11795312499999999
15 0.353375 0.459078125 0.13453125 0.061546875
14 0.20596874999999998 0.454125 0.04596875 0.054781250000000004
0 0.28332812500000004 0.45629687499999994 0.24129687500000002 0.155984375
7 0.802984375 0.5625312499999999 0.049359375 0.09346875
9 0.79759375 0.474171875 0.03234375 0.048