9 0.24279687499999997 0.37896874999999997 0.038390625 0.09506250000000001
8 0.48776562500000004 0.35957812499999997 0.187703125 0.12815625
1 0.43834375000000003 0.301859375 0.40021874999999996 0.110171875
7 0.393359375 0.537375 0.41048437499999996 0.338140625
3 0.622359375 0.41312499999999996 0.1525 0.336625
10 0.739765625 0.35145312500000003 0.11456249999999998 0.41765625
11 0.808734375 0.352515625 0.10475000000000001 0.41410937499999995
14 0.8752812499999999 0.31253125000000004 0.037734375 0.07465625000000001
5 0.876625 0.42737499999999995 0.0435625 0.18560937500000002
16 0.76746875 0.570796875 0.190859375 0.128703125
18 0.708375 0.26146875 0.110171875 0.0944375