9 0.123859375 0.47162499999999996 0.05290625 0.092125
8 0.34167187499999996 0.459953125 0.176046875 0.131265625
1 0.308296875 0.38864062499999996 0.397484375 0.12562500000000001
7 0.248078125 0.655796875 0.391640625 0.250546875
3 0.489640625 0.5090312499999999 0.170390625 0.39903125
10 0.629484375 0.375390625 0.17179687500000002 0.48646874999999995
11 0.781234375 0.378328125 0.160109375 0.462515625
13 0.915875 0.5570468749999999 0.053609375 0.148390625
14 0.8883281249999999 0.248046875 0.09921875 0.17970312500000002
18 0.600765625 0.3275 0.093515625 0.10596874999999999
5 0.87003125 0.392015625 0.104265625 0.17250000000000001
16 0.678265625 0.63734375 0.276296875 0.177046875