8 0.41431250000000003 0.48650000000000004 0.162359375 0.10390625
1 0.34765625 0.423828125 0.42934374999999997 0.0848125
16 0.7180625 0.6519375000000001 0.23921874999999998 0.17853125
10 0.645578125 0.4331875 0.1498125 0.49103125
11 0.751671875 0.42590625 0.168625 0.463953125
18 0.62528125 0.39640624999999996 0.09082812500000001 0.067453125
7 0.2835625 0.632234375 0.41760937499999995 0.1985
3 0.545828125 0.48345312500000004 0.13368750000000001 0.2821875
5 0.8579375 0.430078125 0.10614062500000002 0.297296875
14 0.879890625 0.3628125 0.034437499999999996 0.05965625
15 0.13478125000000002 0.48650000000000004 0.04109375 0.07890625
13 0.8824062500000001 0.544484375 0.05115625 0.182359375