1 0.42796874999999995 0.5020625 0.511859375 0.20373437499999997
7 0.395015625 0.7127656250000001 0.520953125 0.256390625
9 0.1935 0.58371875 0.07731249999999999 0.1170625
8 0.5396875 0.57903125 0.194671875 0.1264375
19 0.306078125 0.378625 0.06809375 0.078734375
18 0.747859375 0.39246875000000003 0.10789062499999999 0.09078125000000001
3 0.64565625 0.555265625 0.13090625 0.30862500000000004
10 0.7600156250000001 0.49610937499999996 0.0978125 0.5449531249999999
11 0.8209375 0.48984375 0.11781250000000001 0.52978125
14 0.909734375 0.44167187500000005 0.028499999999999998 0.054828125000000005
13 0.9119999999999999 0.639390625 0.0466875 0.122125
5 0.8916875 0.506625 0.036171875 0.13784375
16 0.781390625 0.741765625 0.168703125 0.133125