8 0.110203125 0.441796875 0.07368749999999999 0.048875
7 0.079828125 0.501859375 0.1343125 0.08149999999999999
1 0.098578125 0.413765625 0.146828125 0.052171875
18 0.216390625 0.39821875 0.041796875 0.030484375
10 0.234953125 0.428171875 0.08981249999999999 0.21223437500000003
11 0.288265625 0.41765625 0.0730625 0.194359375
16 0.24329687500000002 0.519578125 0.09814062500000001 0.079421875
8 0.44973437499999996 0.476265625 0.091515625 0.052171875
1 0.400265625 0.44839062500000004 0.21579687500000003 0.049562499999999995
7 0.387828125 0.5575 0.23718750000000002 0.13965624999999998
10 0.578828125 0.48032812500000005 0.080203125 0.2884375
11 0.624921875 0.4684375 0.077625 0.29278125
18 0.569015625 0.42443749999999997 0.0533125 0.03915625
16 0.5925312500000001 0.59221875 0.12151562499999999 0.08409375
3 0.528296875 0.47339062500000006 0.0625 0.1495625
5 0.655140625 0.46784375 0.050546875000000005 0.138453125
9 0.81409375 0.441015625 0.09659375 0.0504375
1 0.85603125 0.407515625 0.22107812500000001 0.064671875
7 0.86853125 0.49734375000000003 0.22107812500000001 0.10996874999999999
2 0.715125 0.42895312499999994 0.044484375 0.210671875
19 0.7169375 0.393015625 0.05084375 0.0325625
17 0.71434375 0.49890625 0.06271875 0.056859375000000004
16 0.9518593750000001 0.44309374999999995 0.03725 0.054609375