19 0.285921875 0.34445312499999997 0.06753125 0.1025
18 0.7249531250000001 0.301140625 0.10575000000000001 0.12525
1 0.43953125000000004 0.46476562499999996 0.49192187499999995 0.24865624999999997
9 0.228125 0.600484375 0.11209374999999999 0.1653125
8 0.5726093750000001 0.5550312500000001 0.176046875 0.199421875
7 0.42257812499999997 0.7451875 0.536484375 0.372703125
3 0.6908593749999999 0.5121875 0.10307812499999999 0.378453125
10 0.7285 0.353078125 0.11284374999999999 0.5820624999999999
11 0.77503125 0.35146875 0.08728125 0.585265625
16 0.773953125 0.598515625 0.11782812499999999 0.2473125
14 0.799796875 0.16829687499999998 0.048390625 0.08221875