9 0.50321875 0.530859375 0.197046875 0.13768750000000002
8 0.8086249999999999 0.503890625 0.0786875 0.125390625
1 0.58909375 0.42459375 0.44517187500000005 0.1925
7 0.6331249999999999 0.70478125 0.470734375 0.225109375
4 0.37915625 0.5177031249999999 0.129484375 0.3816875
2 0.2648125 0.40670312500000005 0.105640625 0.559484375
12 0.177921875 0.384859375 0.07421875 0.505390625
17 0.2285 0.6578593749999999 0.171921875 0.148625
15 0.11573437499999999 0.32410937500000003 0.0470625 0.074890625
13 0.111625 0.483046875 0.0458125 0.1670625
6 0.13521875 0.486734375 0.061750000000000006 0.289015625
19 0.2759375 0.32175 0.089703125 0.104859375
19 0.683703125 0.2976875 0.0823125 0.074109375