3 0.5325 0.601390625 0.170578125 0.38325
14 0.8491250000000001 0.4489375 0.06009375 0.103359375
13 0.8682968750000001 0.66184375 0.0578125 0.152109375
5 0.86659375 0.54115625 0.11121875 0.20596874999999998
10 0.631640625 0.47856249999999995 0.131390625 0.41884375
11 0.7434375 0.477859375 0.12628124999999998 0.420046875
7 0.298109375 0.69259375 0.38932812499999997 0.23490625
1 0.3424375 0.47890625 0.40296875 0.09453125
18 0.602234375 0.421109375 0.116328125 0.085203125
8 0.38278124999999996 0.5278906250000001 0.208640625 0.09875
16 0.675671875 0.7326875 0.2805625 0.12915625