8 0.44114062499999995 0.533203125 0.12432812499999998 0.091046875
16 0.64540625 0.650109375 0.16890624999999998 0.140515625
18 0.5970625 0.42192187499999995 0.075015625 0.04975
10 0.608765625 0.49446874999999996 0.1234375 0.40735937499999997
11 0.68221875 0.47104687500000003 0.129734375 0.354234375
5 0.7405625 0.47321875 0.07140625 0.230453125
3 0.5230937499999999 0.51765625 0.110421875 0.19434374999999998
7 0.35909375 0.63015625 0.310296875 0.169328125
1 0.40093750000000006 0.4775625 0.307859375 0.10789062499999999
19 0.3571875 0.4096875 0.04534375 0.040890625
9 0.259265625 0.52625 0.0338125 0.05215625