7 0.30671875000000004 0.744734375 0.22875 0.10470312500000001
7 0.61034375 0.7805625 0.30462500000000003 0.148640625
19 0.556015625 0.609984375 0.03984375 0.04771875
18 0.8190937500000001 0.618078125 0.053500000000000006 0.05140625
3 0.8171875 0.666953125 0.07153125 0.27728125000000003
6 0.8688125 0.66634375 0.065828125 0.25520312500000003
1 0.62953125 0.653296875 0.29625 0.07182812499999999
3 0.777046875 0.731515625 0.086859375 0.212359375
9 0.494015625 0.69284375 0.050203125 0.066546875
8 0.68884375 0.694046875 0.117984375 0.078328125
9 0.2518125 0.68653125 0.0970625 0.05078125
8 0.39521875 0.68234375 0.043234375000000005 0.039281250000000004
1 0.29700000000000004 0.6508125 0.23115625 0.051234375
2 0.168359375 0.66640625 0.039515625 0.207421875
12 0.1320625 0.6635625 0.0325625 0.20173437500000002
4 0.19243749999999998 0.70928125 0.059546875 0.153703125
17 0.138390625 0.772171875 0.076671875 0.0466875