9 0.130203125 0.565984375 0.064078125 0.07764062499999999
8 0.393703125 0.563984375 0.19053124999999999 0.07646875
7 0.284203125 0.656515625 0.41470312500000006 0.16495312499999998
3 0.5493125 0.6003125 0.123265625 0.254265625
10 0.665921875 0.5239843750000001 0.149734375 0.334546875
11 0.7854375 0.523015625 0.138359375 0.32934375
16 0.7047343749999999 0.688484375 0.252921875 0.06746875
14 0.8984375 0.504796875 0.043734375 0.06321875
13 0.909734375 0.630046875 0.061515625 0.099515625
5 0.8578906249999999 0.587140625 0.099 0.2124375
18 0.6487499999999999 0.4699375 0.075609375 0.078734375
19 0.283875 0.45632812500000003 0.058921875 0.054359375
1 0.334828125 0.52621875 0.447765625 0.100390625