8 0.335703125 0.454796875 0.273625 0.172421875
7 0.27725 0.65003125 0.43339062500000003 0.33971874999999996
3 0.536390625 0.51240625 0.2089375 0.45787500000000003
10 0.7095 0.396796875 0.19978125 0.596609375
11 0.84140625 0.37093750000000003 0.161421875 0.539921875
16 0.74553125 0.6669375 0.29415625 0.1505
18 0.671453125 0.2765 0.146 0.11940625
1 0.317953125 0.36615625 0.48365625 0.146921875
14 0.936171875 0.33928125 0.054906250000000004 0.1155
13 0.9599375 0.523921875 0.080125 0.14021875
5 0.917203125 0.48084375 0.092859375 0.33796875000000004