7 0.2120625 0.6803281250000001 0.31825000000000003 0.285953125
1 0.26187499999999997 0.42928125 0.37489062500000003 0.17059375000000002
3 0.4175 0.543890625 0.224015625 0.395734375
10 0.599234375 0.44176562500000005 0.200390625 0.5818125000000001
11 0.77715625 0.41921875000000003 0.172671875 0.53315625
14 0.9297656249999999 0.361765625 0.058359375000000005 0.078515625
16 0.672296875 0.70853125 0.33940625 0.114671875
13 0.9380312500000001 0.56753125 0.06314062499999999 0.205265625
5 0.87996875 0.5357031250000001 0.118890625 0.35095312500000003
18 0.57003125 0.36150000000000004 0.08885937499999999 0.12875
8 0.2601875 0.5286875 0.21135937500000002 0.135015625