9 0.675984375 0.4966875 0.157890625 0.086734375
1 0.706609375 0.446484375 0.4035 0.10196875000000001
7 0.750859375 0.599125 0.38887499999999997 0.15723437499999998
4 0.53365625 0.522953125 0.16696875 0.263859375
2 0.36859375 0.456734375 0.16184375 0.356828125
12 0.224328125 0.45795312499999996 0.12646875 0.337375
15 0.099109375 0.45345312499999996 0.041640625 0.059640625
13 0.10301562500000001 0.56121875 0.06509374999999999 0.093921875
6 0.15421875000000002 0.5203125 0.08562499999999999 0.216015625
17 0.32484375 0.6230625 0.28059375000000003 0.07528125
19 0.40679687500000006 0.404109375 0.088265625 0.07032812499999999
18 0.714484375 0.391265625 0.041125 0.047765625