1 0.31471875 0.5045468750000001 0.427140625 0.115015625
1 0.336875 0.56565625 0.179734375 0.08721875
10 0.66946875 0.556453125 0.18857812499999999 0.45004687499999996
11 0.79378125 0.5570625 0.16221875 0.454390625
16 0.70165625 0.727453125 0.28140624999999997 0.11081250000000001
5 0.88553125 0.57346875 0.09260937500000001 0.296578125
3 0.49184374999999997 0.5996718750000001 0.17709375 0.305265625
18 0.615890625 0.46975 0.084578125 0.098515625
7 0.25078125 0.689875 0.37307812500000004 0.188765625
13 0.925734375 0.67390625 0.051109375 0.081828125
14 0.92478125 0.531203125 0.033578125 0.033937499999999995