9 0.261265625 0.54659375 0.044078125 0.0834375
8 0.455234375 0.557609375 0.147640625 0.08981249999999999
1 0.41490625000000003 0.49071875 0.31071875000000004 0.11854687500000001
7 0.37875000000000003 0.650015625 0.322171875 0.19396875
3 0.5527656249999999 0.5647968750000001 0.111078125 0.28415625
10 0.655421875 0.5064375 0.09565625 0.37925
11 0.731421875 0.49654687500000005 0.090296875 0.36165625
14 0.806328125 0.470796875 0.033078125 0.0566875
13 0.8255625 0.603890625 0.066734375 0.0896875
5 0.7807031249999999 0.554515625 0.051531249999999994 0.213375
16 0.6757500000000001 0.67078125 0.18057812499999998 0.10001562500000001
18 0.6261875 0.439015625 0.07425000000000001 0.07003125
19 0.362359375 0.42078125 0.048984375000000004 0.043187500000000004