1 0.117796875 0.8136875 0.187015625 0.041796875
7 0.07648437500000001 0.869453125 0.132765625 0.056734375000000004
3 0.18353124999999998 0.84740625 0.10198437499999999 0.0953125
10 0.27754687499999997 0.81915625 0.09740625 0.12376562499999999
11 0.3676875 0.81703125 0.0901875 0.12803124999999999
16 0.30278125 0.8810156250000001 0.195859375 0.030921874999999998
14 0.47300000000000003 0.81665625 0.04228125 0.030703124999999998
13 0.473375 0.857796875 0.054421874999999995 0.048984375000000004
5 0.44387499999999996 0.8424375 0.100515625 0.085375
18 0.250234375 0.801953125 0.051296875 0.02915625
8 0.10210937499999999 0.83925 0.078921875 0.04746875