10 0.630234375 0.479109375 0.197609375 0.529734375
11 0.76878125 0.462359375 0.137203125 0.524359375
16 0.67084375 0.674421875 0.258671875 0.214109375
5 0.8377968750000001 0.378859375 0.09085937499999999 0.288625
3 0.47985937500000003 0.605921875 0.159390625 0.317765625
1 0.33967187499999996 0.4925625 0.325875 0.24729687500000003
8 0.3426875 0.63509375 0.15246875 0.10110937499999999
7 0.295484375 0.7367343749999999 0.278109375 0.24500000000000002
18 0.5842968749999999 0.448921875 0.083875 0.081859375
14 0.8809374999999999 0.336765625 0.025984374999999997 0.0700625
13 0.8738125 0.456546875 0.039531250000000004 0.172125