9 0.7676406250000001 0.472265625 0.125578125 0.162921875
17 0.401390625 0.7541875 0.40245312499999997 0.10178125
2 0.47265625 0.42632812500000006 0.22935937499999998 0.749171875
12 0.28165625 0.42771875000000004 0.22765624999999998 0.776953125
13 0.074015625 0.6679999999999999 0.10706249999999999 0.207515625
15 0.06932812499999999 0.379390625 0.058578125 0.120921875
19 0.544109375 0.34475 0.07535937499999999 0.12353125000000001
1 0.76209375 0.41184374999999995 0.31448437500000004 0.16709374999999999
7 0.82946875 0.6817031250000001 0.24920312500000003 0.24118750000000003
4 0.640390625 0.51375 0.177296875 0.40214062500000003
6 0.11115625 0.46228125000000003 0.15615625 0.27732812500000004