8 0.34515625 0.5586875 0.15590625 0.09996875
1 0.322484375 0.48884375 0.283890625 0.10803125
7 0.286 0.673625 0.2819375 0.184953125
3 0.469640625 0.588 0.12921875 0.30446875
16 0.6291249999999999 0.7004374999999999 0.24659375 0.084859375
10 0.59678125 0.501 0.12790625 0.39084375
11 0.713375 0.501390625 0.11046875 0.386765625
14 0.8106249999999999 0.46671874999999996 0.0385625 0.07228124999999999
14 0.8112031249999999 0.624 0.047734375 0.10096875000000001
5 0.78215625 0.5895937499999999 0.09034375 0.194109375
18 0.5568125 0.44548437500000004 0.07353125 0.083796875