1 0.839484375 0.533828125 0.103640625 0.057874999999999996
9 0.881671875 0.573296875 0.050515624999999995 0.055578125
4 0.8274062499999999 0.62546875 0.1363125 0.258828125
7 0.9182499999999999 0.6859531249999999 0.059750000000000004 0.16809375
2 0.666890625 0.5476875 0.18459375 0.348109375
12 0.517109375 0.5535 0.17450000000000002 0.35350000000000004
0 0.19678125 0.535265625 0.19009375 0.338890625
13 0.234265625 0.6719062499999999 0.29117187499999997 0.27221875
15 0.271203125 0.46728125 0.15771875 0.165421875
6 0.3923125 0.56815625 0.134296875 0.20779687500000002
17 0.639484375 0.7431875 0.316140625 0.104734375
19 0.731390625 0.5149375 0.0499375 0.070109375