9 0.20925 0.53184375 0.03803125 0.076390625
8 0.407421875 0.5514218750000001 0.153109375 0.1129375
7 0.33184375 0.68453125 0.332671875 0.1945
1 0.37071875 0.47279687499999995 0.340140625 0.135359375
3 0.5211718750000001 0.554984375 0.1454375 0.267953125
10 0.6436875 0.4650625 0.099609375 0.3803125
11 0.7327656250000001 0.44312500000000005 0.09984375 0.33284375
16 0.660453125 0.6477968749999999 0.2034375 0.15203125
14 0.812328125 0.381640625 0.048843750000000005 0.059828124999999996
13 0.819546875 0.554796875 0.041515625 0.10146875
14 0.809359375 0.4425 0.057140625 0.11078125000000001
18 0.616109375 0.42629687499999996 0.086125 0.084046875