9 0.21484375 0.48278125000000005 0.060078125 0.0891875
8 0.45671875 0.48001562499999995 0.18587499999999998 0.110234375
1 0.394875 0.42746874999999995 0.36898437500000003 0.130140625
7 0.36678125 0.62340625 0.38384375 0.22087500000000002
3 0.5728125000000001 0.518484375 0.11603125 0.30996875
10 0.6799999999999999 0.45178124999999997 0.10053125 0.43203125
11 0.7501875 0.44040625 0.093671875 0.40671875
16 0.698859375 0.6493125 0.15878125 0.083890625
14 0.81346875 0.42160937499999995 0.032875 0.064453125
13 0.8200468750000001 0.567265625 0.040375 0.10860937500000001
5 0.8022343749999999 0.465609375 0.037265625000000004 0.13128125
18 0.6617968750000001 0.3771875 0.067609375 0.111984375