18 0.69796875 0.321125 0.106453125 0.10659375
1 0.362109375 0.361140625 0.50115625 0.12590625
7 0.33546875 0.617046875 0.526 0.327359375
3 0.6036718750000001 0.48121875000000003 0.1524375 0.3661875
10 0.6989375 0.4030625 0.12989062499999998 0.47601562499999994
11 0.77146875 0.40109374999999997 0.12934375 0.47564062500000004
16 0.739609375 0.637671875 0.193640625 0.08737500000000001
14 0.848984375 0.35315625 0.053015625 0.088640625
5 0.8498749999999999 0.47276562499999997 0.054796875 0.1794375
8 0.4565625 0.432140625 0.20568749999999997 0.12940625
9 0.13864062500000002 0.42975 0.08154687499999999 0.11290625000000001