18 0.5316875 0.34440624999999997 0.07240625 0.08534375
16 0.632890625 0.741421875 0.318921875 0.18562499999999998
10 0.5928125 0.44690624999999995 0.19465625 0.70246875
11 0.743171875 0.44178125 0.157859375 0.698828125
3 0.41240625 0.562265625 0.172046875 0.45229687500000004
1 0.274703125 0.4266875 0.3665625 0.18740625
8 0.2781875 0.539625 0.15959375 0.12264062499999999
7 0.22307812500000002 0.684390625 0.31456249999999997 0.2996875
5 0.840484375 0.431203125 0.11881250000000002 0.408921875
14 0.9037656249999999 0.348921875 0.0478125 0.10687500000000001
13 0.894484375 0.6184375 0.063609375 0.142765625