17 0.254296875 0.699390625 0.20364062500000002 0.11981250000000002
19 0.31053125000000004 0.438078125 0.08171874999999999 0.08415625
18 0.59296875 0.41417187499999997 0.0424375 0.04678125
15 0.10278125 0.459015625 0.056843750000000005 0.063546875
13 0.093890625 0.650109375 0.039078125000000005 0.13321875
6 0.10514062500000002 0.506921875 0.068640625 0.150546875
12 0.18131250000000002 0.49578125 0.090765625 0.35771875
2 0.2829375 0.495609375 0.114078125 0.37629687500000003
1 0.55078125 0.46470312500000005 0.3304375 0.0853125
9 0.507328125 0.52125 0.149796875 0.1046875
8 0.707078125 0.5188906249999999 0.041499999999999995 0.073921875
7 0.601140625 0.66625 0.32678124999999997 0.22396875
4 0.399953125 0.5559375 0.127765625 0.30771875