19 0.41001562500000005 0.41032812500000004 0.08354687499999999 0.098015625
18 0.709984375 0.33421875 0.055015625 0.067296875
1 0.68078125 0.49660937499999996 0.3785625 0.22195312500000003
7 0.729796875 0.766328125 0.368953125 0.209296875
4 0.51646875 0.6054999999999999 0.1610625 0.35540625000000003
2 0.363921875 0.47145312500000003 0.14415625 0.581375
12 0.21926562500000002 0.431796875 0.143046875 0.5124531250000001
15 0.09496875 0.327109375 0.050703125 0.0878125
13 0.09371874999999999 0.535515625 0.06899999999999999 0.185171875
6 0.142953125 0.5144375 0.10207812499999999 0.29314062500000004
9 0.645109375 0.61771875 0.17528125 0.134296875
8 0.872078125 0.57859375 0.0528125 0.11160937500000001
17 0.320125 0.7165468749999999 0.282265625 0.18267187499999998