18 0.334234375 0.218953125 0.046015625 0.054031249999999996
18 0.8187031250000001 0.139828125 0.0405 0.04196875
19 0.065953125 0.27414062499999997 0.063421875 0.06496874999999999
19 0.615828125 0.189078125 0.0665625 0.059609375
1 0.23596875 0.282578125 0.281296875 0.1074375
1 0.791640625 0.20023437500000002 0.26765625000000004 0.1018125
7 0.25340625 0.43618750000000006 0.31615625 0.16409374999999998
7 0.8297343749999999 0.33234375 0.24828125 0.1524375
2 0.6138125 0.22673437500000002 0.0938125 0.26559374999999996
12 0.5353749999999999 0.22376562500000002 0.06475 0.248296875
2 0.074796875 0.3145 0.0328125 0.29909375
12 0.049609375 0.3023125 0.039281250000000004 0.271875
9 0.147953125 0.34778125000000004 0.11379687499999999 0.067359375
8 0.36315624999999996 0.312546875 0.052734375 0.07075000000000001
9 0.762 0.264078125 0.120296875 0.061875
8 0.915421875 0.227734375 0.040765625 0.054546874999999995
17 0.59484375 0.358109375 0.1524375 0.059609375
17 0.06789062500000001 0.45220312500000004 0.067296875 0.08303125
15 0.4693125 0.2165 0.026390625 0.043453124999999995
13 0.470859375 0.3074375 0.046546875 0.086109375
6 0.5023125 0.273671875 0.052500000000000005 0.16893750000000002