1 0.288625 0.17428125 0.236265625 0.09509375
9 0.260921875 0.22809374999999998 0.10275000000000001 0.06521875
7 0.3085 0.314546875 0.23540624999999998 0.150625
4 0.18357812499999998 0.247796875 0.0713125 0.2146875
19 0.147625 0.144078125 0.05428125 0.0471875
2 0.132171875 0.208296875 0.070375 0.313125
12 0.10309375000000001 0.20985937500000001 0.056671875000000003 0.31
17 0.125234375 0.32487499999999997 0.09075 0.07440625
8 0.7291875 0.21021874999999998 0.091984375 0.07321875
9 0.594890625 0.21212499999999998 0.023796875000000002 0.05828124999999999
1 0.698359375 0.168125 0.21925 0.07964062499999999
3 0.79871875 0.26003125 0.093984375 0.23742187499999998
7 0.670515625 0.30334374999999997 0.203171875 0.18134375
10 0.851421875 0.201703125 0.08304687499999999 0.34576562499999997
11 0.896125 0.196140625 0.05753125 0.3513125
16 0.86321875 0.336859375 0.09890625 0.092125
18 0.8364062499999999 0.141390625 0.05475 0.060890625
2 0.15040625000000002 0.707921875 0.10984374999999999 0.349859375
12 0.09232812500000001 0.6933281250000001 0.065703125 0.320703125
19 0.171765625 0.653765625 0.058812500000000004 0.066546875
1 0.31648437500000004 0.6840625 0.188875 0.086515625
9 0.28384375 0.71634375 0.07357812500000001 0.08859375
7 0.32351562500000003 0.80253125 0.1998125 0.18284375
17 0.139390625 0.823625 0.134671875 0.09065625000000001
4 0.21604687500000003 0.745421875 0.07860937500000001 0.224859375
8 0.403296875 0.22167187500000002 0.037484375 0.058625000000000003
7 0.7262500000000001 0.8192031249999999 0.258390625 0.21617187499999999
8 0.8013281250000001 0.733625 0.094578125 0.051265625
9 0.6345625 0.701671875 0.050031250000000006 0.062375
1 0.73553125 0.6679062499999999 0.24259375 0.11046875
18 0.89421875 0.6639999999999999 0.053015625 0.051625
16 0.8971718750000001 0.843765625 0.052890625000000004 0.0809375
10 0.886578125 0.7106874999999999 0.0821875 0.330421875
3 0.856546875 0.748375 0.053359375 0.199515625