1 0.27473437500000003 0.48870312499999996 0.292 0.12134375
7 0.23571875000000003 0.6583125 0.24762499999999998 0.20575000000000002
3 0.38864062499999996 0.572453125 0.17840625000000002 0.29290625000000003
10 0.562921875 0.49906249999999996 0.177296875 0.416921875
11 0.721203125 0.48853125000000003 0.141984375 0.39584375
16 0.609203125 0.6923125 0.307109375 0.076625
14 0.861390625 0.46451562500000004 0.051875000000000004 0.056140625
13 0.86265625 0.58496875 0.07121875 0.18646875000000002
5 0.808953125 0.52503125 0.11525 0.22428125
18 0.532609375 0.435453125 0.08659375 0.098984375
8 0.266265625 0.5407031250000001 0.166875 0.10032812499999999