14 0.696015625 0.466765625 0.141765625 0.0764375
15 0.8385468749999999 0.46665625000000005 0.041390625 0.08140625
0 0.759171875 0.47353125 0.197765625 0.3113125
13 0.726859375 0.607796875 0.305 0.165796875
16 0.388359375 0.655921875 0.25040625 0.071921875
10 0.47720312500000006 0.48790625 0.1650625 0.33225
11 0.35343749999999996 0.48612500000000003 0.154515625 0.328703125
7 0.2014375 0.5845625 0.05365625 0.127125
3 0.24778125 0.54596875 0.08401562500000001 0.181328125
8 0.23529687500000002 0.47321875 0.0640625 0.06590625
18 0.28335937499999997 0.45215625 0.050812500000000003 0.065453125
5 0.607953125 0.505625 0.135609375 0.1359375