1 0.283296875 0.3556875 0.43375 0.12665625
8 0.29059375 0.431546875 0.206640625 0.122140625
7 0.227828125 0.598375 0.3978125 0.24953124999999998
3 0.46520312500000005 0.51834375 0.183171875 0.44571875
10 0.639515625 0.426671875 0.23181250000000003 0.612375
11 0.79021875 0.42190625 0.18321875 0.624703125
16 0.687234375 0.6758124999999999 0.34704687500000003 0.11967187500000001
18 0.621546875 0.309515625 0.09273437500000001 0.12181249999999999
5 0.8996875 0.460453125 0.1143125 0.41429687499999995
14 0.9450937500000001 0.3940625 0.042953124999999995 0.072140625
13 0.94821875 0.5647031250000001 0.061703125000000004 0.1446875