7 0.19784375 0.6466875 0.35275 0.21823437499999998
8 0.27653125 0.485828125 0.184 0.105625
1 0.24209375 0.42554687500000005 0.38073437499999996 0.10695312500000001
3 0.41609375000000004 0.558890625 0.177515625 0.36698437500000003
10 0.59721875 0.43931250000000005 0.184734375 0.49387499999999995
11 0.776203125 0.4259375 0.1760625 0.467265625
16 0.659015625 0.6748125 0.339578125 0.102359375
14 0.937078125 0.36648437500000003 0.067578125 0.0888125
13 0.9501406250000001 0.5799531250000001 0.081203125 0.1615
5 0.913921875 0.42653125000000003 0.11956249999999999 0.158921875
18 0.5408906250000001 0.3964375 0.081453125 0.079984375