9 0.064734375 0.48717187500000003 0.047890625 0.080203125
8 0.26765625000000004 0.48432812500000005 0.181859375 0.105765625
1 0.242734375 0.42923437499999995 0.353890625 0.108078125
7 0.20209375000000002 0.621921875 0.377390625 0.265921875
3 0.40928125 0.528796875 0.172390625 0.38342187499999997
10 0.59203125 0.447296875 0.19128125 0.487296875
11 0.7674531250000001 0.434671875 0.18984375 0.45918749999999997
14 0.93984375 0.37478125 0.053515625 0.069359375
13 0.9440312499999999 0.54715625 0.068515625 0.21859375
5 0.9081718750000001 0.43859375 0.094125 0.16317187500000002
16 0.653046875 0.683828125 0.3571875 0.129765625
18 0.53471875 0.394953125 0.09096875 0.080140625