9 0.12709375 0.624203125 0.053859375 0.073015625
8 0.33606250000000004 0.62596875 0.18428125 0.092171875
1 0.290171875 0.5620625 0.36128125 0.12062500000000001
7 0.25296875 0.746015625 0.36184375 0.172875
3 0.47540625 0.658984375 0.168265625 0.291796875
10 0.636703125 0.569046875 0.15121875 0.387703125
11 0.777546875 0.5663437499999999 0.138984375 0.367703125
16 0.67059375 0.756671875 0.32210937500000003 0.100453125
14 0.89453125 0.5350937499999999 0.041859375 0.0666875
13 0.898296875 0.6791406249999999 0.071265625 0.10789062499999999
5 0.850984375 0.6405937500000001 0.09484375 0.23796875
18 0.607375 0.506421875 0.070671875 0.0843125