16 0.11089062499999999 0.549359375 0.10690625000000001 0.09578125
7 0.097796875 0.649578125 0.109390625 0.15559375
3 0.22557812500000002 0.573921875 0.205359375 0.256140625
1 0.18634375 0.48771875 0.19273437499999999 0.081875
10 0.44340624999999995 0.5019843749999999 0.23028125 0.353765625
11 0.664109375 0.497375 0.211125 0.34671875
16 0.48548437499999997 0.684015625 0.389984375 0.06303125000000001
14 0.880265625 0.45859375 0.08578125 0.10696874999999999
13 0.9096249999999999 0.607859375 0.1055 0.14659375
5 0.7964687500000001 0.522078125 0.168171875 0.21396874999999999
18 0.379890625 0.44790625000000006 0.058984375 0.062140625000000005