8 0.8990185185185186 0.1602037037037037 0.07227777777777777 0.03737037037037037
10 0.7258425925925925 0.18237037037037038 0.10639814814814814 0.13221296296296295
11 0.6254444444444445 0.1816111111111111 0.09750925925925927 0.13068518518518518
16 0.695925925925926 0.12600925925925927 0.18460185185185185 0.043055555555555555
14 0.5236203703703703 0.18694444444444444 0.03023148148148148 0.025194444444444446
13 0.5321574074074075 0.1494537037037037 0.059083333333333335 0.05123148148148148
5 0.5699537037037037 0.16199074074074074 0.0807962962962963 0.0965
7 0.919611111111111 0.1266574074074074 0.1336574074074074 0.04940740740740741
3 0.8229166666666666 0.15369444444444444 0.08674074074074074 0.09168518518518518
1 0.8965000000000001 0.18330555555555555 0.16150925925925927 0.043166666666666666
18 0.7446666666666667 0.20025 0.03966666666666667 0.02150925925925926