9 0.5264814814814816 0.08770312499999999 0.09551851851851852 0.04303125
8 0.5365833333333333 0.37742187499999996 0.10337962962962964 0.19538020833333333
7 0.38941666666666663 0.27127083333333335 0.23496296296296296 0.4518333333333333
3 0.5304166666666666 0.5335208333333333 0.36264814814814816 0.14520312500000002
10 0.6141759259259258 0.6738802083333333 0.48696296296296293 0.13552604166666665
11 0.6171203703703704 0.7886666666666666 0.42495370370370367 0.10467708333333332
16 0.3880092592592593 0.7106979166666666 0.13675925925925925 0.254296875
13 0.476537037037037 0.8973645833333334 0.15612962962962965 0.05470833333333334
5 0.6349351851851852 0.8756666666666667 0.17045370370370372 0.06340104166666667
18 0.6848796296296296 0.6466718749999999 0.10984259259259259 0.09846875000000001
19 0.701712962962963 0.29619791666666667 0.0705648148148148 0.055015625
1 0.6120648148148148 0.296203125 0.1432314814814815 0.4461354166666667