1 0.45934959349593496 0.42462037037037037 0.10069105691056911 0.27079629629629626
9 0.3942682926829268 0.307 0.07892276422764227 0.04995370370370371
8 0.414369918699187 0.48187037037037034 0.09205284552845529 0.08900000000000001
7 0.2898577235772358 0.4078333333333333 0.21790650406504064 0.27632407407407406
3 0.38121951219512196 0.5581481481481481 0.3103048780487805 0.06914814814814815
10 0.45483739837398374 0.6170185185185185 0.42589430894308944 0.07307407407407407
11 0.45595528455284556 0.6838611111111111 0.4236382113821138 0.08331481481481481
14 0.48028455284552846 0.7616111111111111 0.07932926829268293 0.02501851851851852
13 0.3275406504065041 0.7659074074074074 0.17130081300813008 0.0295
5 0.4165447154471545 0.7410833333333333 0.22735772357723577 0.04175925925925926
16 0.24315040650406503 0.6489722222222222 0.10191056910569106 0.1474814814814815
18 0.5036991869918699 0.5987314814814815 0.09002032520325202 0.0572962962962963
19 0.4976422764227642 0.34687962962962965 0.0733739837398374 0.04123148148148148