7 0.3145 0.29355661881977674 0.49436567164179107 0.3056299840510367
4 0.5870223880597015 0.4499202551834131 0.1456641791044776 0.49711323763955345
9 0.43411194029850747 0.49432216905901116 0.21715671641791046 0.1649122807017544
8 0.11984328358208955 0.5034609250398724 0.07221641791044776 0.16401913875598087
1 0.3527686567164179 0.606634768740032 0.46940298507462686 0.23003189792663475
10 0.6918507462686567 0.5666985645933015 0.13047014925373135 0.692408293460925
11 0.7766567164179105 0.5987400318979267 0.09384328358208956 0.6225199362041467
15 0.863634328358209 0.6166666666666666 0.02844776119402985 0.12885167464114833
13 0.8656044776119404 0.3949122807017544 0.032656716417910445 0.13191387559808612
6 0.8323582089552238 0.49427432216905903 0.05843283582089552 0.4837480063795853
19 0.6647835820895522 0.7055023923444976 0.11133582089552238 0.1598086124401914
17 0.7247611940298507 0.2728548644338118 0.1895 0.13261562998405105