18 0.6048401826484018 0.5133922261484098 0.03919330289193303 0.0919434628975265
16 0.5028614916286149 0.24067137809187278 0.3679604261796043 0.1314487632508834
5 0.265220700152207 0.3824381625441696 0.13207001522070014 0.09915194346289752
3 0.7394063926940639 0.3823321554770318 0.12340943683409436 0.10632508833922262
7 0.840076103500761 0.2685865724381626 0.10547945205479452 0.21869257950530036
8 0.8375342465753425 0.3907067137809187 0.0924048706240487 0.08604240282685513
10 0.5520852359208523 0.4198233215547703 0.22289193302891933 0.5408127208480565
11 0.37558599695586 0.42091872791519436 0.18949771689497716 0.5351236749116608
13 0.16289193302891933 0.3151236749116608 0.10066971080669711 0.237208480565371
14 0.17727549467275494 0.49462897526501765 0.0854490106544901 0.10151943462897527
1 0.7737899543378995 0.4860424028268552 0.19445966514459667 0.11176678445229682