8 0.8491953125 0.46843091334894615 0.11478906250000001 0.07766978922716627
7 0.8725156249999999 0.37858313817330214 0.098921875 0.182903981264637
1 0.800546875 0.5168618266978923 0.1789453125 0.05882903981264637
3 0.750296875 0.43381733021077284 0.18 0.2426346604215457
10 0.561484375 0.5061592505854801 0.2379921875 0.363887587822014
11 0.3539140625 0.5068618266978923 0.2080234375 0.35893442622950816
14 0.14710937500000001 0.525351288056206 0.0960234375 0.10565573770491804
13 0.12437499999999999 0.42539812646370023 0.0870234375 0.20628805620608898
5 0.21321875 0.5198477751756441 0.084546875 0.18050351288056207
16 0.49762500000000004 0.31457845433255266 0.3751875 0.06270491803278688
18 0.63096875 0.5696135831381733 0.061140625000000004 0.08097189695550353