9 0.4850545454545454 0.42153005464480875 0.17847272727272726 0.08081967213114753
8 0.2066909090909091 0.43098360655737705 0.08374545454545455 0.09978142076502733
7 0.36607272727272727 0.31065573770491806 0.42814545454545455 0.17404371584699455
1 0.40465454545454543 0.4689071038251366 0.45596363636363635 0.14076502732240437
18 0.6867636363636365 0.5450819672131147 0.07065454545454546 0.06437158469945355
4 0.6072 0.40524590163934426 0.09494545454545454 0.27972677595628415
2 0.6976 0.47557377049180327 0.0852 0.3785245901639344
12 0.7640363636363637 0.48245901639344263 0.07218181818181818 0.3653005464480874
17 0.7150181818181818 0.2881420765027322 0.18916363636363637 0.0905464480874317
15 0.8478545454545454 0.5108743169398907 0.028545454545454544 0.05387978142076502
13 0.8519272727272728 0.3655191256830601 0.04185454545454546 0.1198360655737705
5 0.8232363636363635 0.4243169398907104 0.050545454545454546 0.186120218579235
17 0.7156363636363636 0.29240437158469945 0.18403636363636364 0.10540983606557376