18 0.32452 0.60856 0.10017 0.07155
7 0.7284400000000001 0.40698 0.47944 0.23074
3 0.44804 0.48947 0.19863 0.27858
8 0.6235599999999999 0.52936 0.22683 0.08979000000000001
9 0.90546 0.5458500000000001 0.044899999999999995 0.08277
1 0.67526 0.58369 0.45593 0.09273999999999999
10 0.29498 0.56267 0.16966 0.37356
11 0.17822 0.58397 0.159 0.33615
14 0.05178 0.6185499999999999 0.040409999999999995 0.05675
13 0.05568 0.52728 0.0482 0.11991
5 0.09437999999999999 0.5488099999999999 0.06297 0.21441
16 0.24342 0.39706 0.27797000000000005 0.13377