8 0.45640625 0.6216111111111111 0.14505 0.10488888888888889
9 0.7005625000000001 0.6215111111111111 0.040862499999999996 0.0647
7 0.56311875 0.44580000000000003 0.38848125000000006 0.20214444444444446
3 0.343675 0.5600666666666667 0.1045875 0.37735555555555556
10 0.2442375 0.6697000000000001 0.1557125 0.5255
11 0.12775625 0.6843444444444444 0.14775 0.4881333333333333
14 0.03405625 0.7292555555555555 0.032850000000000004 0.07127777777777779
16 0.20616875 0.4232888888888889 0.22958125 0.12603333333333333
13 0.0384875 0.5400111111111111 0.0467125 0.15502222222222223
5 0.07269375 0.5874444444444445 0.08988125 0.29433333333333334
1 0.548575 0.6777555555555556 0.34938125 0.10161111111111111
18 0.288725 0.7429888888888889 0.05083125 0.07207777777777778