9 0.40641666666666665 0.6172222222222222 0.1288888888888889 0.15992592592592592
8 0.39099999999999996 0.8711851851851852 0.10919444444444446 0.08266666666666667
7 0.2599444444444444 0.7238703703703704 0.22483333333333333 0.41766666666666663
1 0.47344444444444445 0.6914074074074075 0.14633333333333334 0.411962962962963
2 0.46097222222222217 0.3879444444444445 0.4491111111111111 0.1642962962962963
12 0.46877777777777774 0.26737037037037037 0.45366666666666666 0.11946296296296298
15 0.45791666666666664 0.106 0.13191666666666668 0.04855555555555555
13 0.32533333333333336 0.11887037037037036 0.20011111111111113 0.06318518518518518
6 0.39402777777777775 0.164 0.31525 0.091
17 0.21169444444444444 0.31294444444444447 0.08391666666666667 0.24025925925925928
19 0.5083055555555556 0.37187037037037035 0.12713888888888888 0.09885185185185186
4 0.3596944444444445 0.4792407407407408 0.3688055555555556 0.1432037037037037