8 0.5404888888888889 0.51805 0.0928 0.1663125
9 0.5266888888888889 0.265075 0.08 0.046475
7 0.3848222222222222 0.41956249999999995 0.2604888888888889 0.386
3 0.47528888888888887 0.627975 0.31302222222222226 0.11661250000000001
1 0.5742666666666667 0.45175 0.10604444444444444 0.3948125
10 0.5385777777777778 0.7111375 0.4064 0.10862500000000001
11 0.5369111111111111 0.784 0.3918 0.07875
16 0.33464444444444447 0.7430875 0.09593333333333334 0.15805
5 0.4999777777777778 0.8247125 0.16486666666666666 0.035175
18 0.6230888888888888 0.6992375 0.12962222222222222 0.08425
19 0.6244444444444445 0.3935 0.07306666666666667 0.0672