8 0.47359890109890107 0.5148041237113402 0.15828296703296704 0.09030927835051546
9 0.7699038461538462 0.48597938144329894 0.047596153846153844 0.0802680412371134
7 0.6088186813186813 0.37065979381443304 0.41859890109890113 0.24610309278350515
16 0.29460164835164837 0.3886185567010309 0.14222527472527474 0.14249484536082474
10 0.33342032967032964 0.5341649484536082 0.12771978021978023 0.49701030927835055
11 0.27582417582417584 0.5448247422680412 0.11217032967032967 0.4897938144329897
18 0.3335851648351648 0.630659793814433 0.08115384615384615 0.08412371134020619
5 0.20707417582417584 0.5377938144329897 0.07791208791208791 0.1993814432989691
3 0.38097527472527476 0.49602061855670104 0.13406593406593406 0.2688041237113402
1 0.5802335164835165 0.5511958762886597 0.3931181318681319 0.12185567010309278
19 0.7067857142857142 0.6096082474226805 0.046057692307692306 0.06420618556701031