9 0.49594142259414226 0.29664705882352943 0.1199163179916318 0.04918823529411765
8 0.4460669456066946 0.5389058823529411 0.10131799163179916 0.14416470588235294
7 0.32255230125523016 0.4358705882352941 0.22154811715481174 0.3929882352941177
1 0.5310251046025105 0.4752588235294118 0.15964435146443515 0.3593411764705882
19 0.6535774058577406 0.41032941176470583 0.07935146443514644 0.05694117647058823
18 0.6039330543933055 0.716635294117647 0.07301255230125522 0.07608235294117648
3 0.4590794979079498 0.634964705882353 0.32359832635983266 0.11154117647058824
10 0.5338284518828451 0.7260705882352941 0.4479916317991631 0.10596470588235293
11 0.5692050209205021 0.8075411764705882 0.3848535564853557 0.07125882352941176
13 0.4910460251046025 0.8724 0.11133891213389122 0.0292
5 0.5324058577405858 0.840635294117647 0.215 0.045682352941176466
14 0.6487029288702929 0.8553882352941177 0.1003347280334728 0.03755294117647059
16 0.36979079497907946 0.7562117647058824 0.18265690376569038 0.15683529411764707