9 0.38042000000000004 0.503775 0.10526 0.1915625
8 0.36707999999999996 0.8001125 0.1186 0.0654875
7 0.25402 0.6232875 0.24248 0.4774625
4 0.36876 0.374175 0.30194 0.1480125
17 0.2129 0.26455 0.12024 0.175625
19 0.49957999999999997 0.295275 0.053619999999999994 0.1058375
2 0.42069999999999996 0.2965 0.45586 0.0895125
12 0.4107 0.2294875 0.39586 0.09300000000000001
1 0.44666 0.57945 0.10612 0.467925
18 0.5129199999999999 0.6932625 0.04028 0.0486625
13 0.27388 0.137825 0.1672 0.0346875
6 0.39848 0.16568750000000002 0.29584 0.08172499999999999