10 0.5195 0.34903225806451615 0.3329354838709677 0.16278494623655912
11 0.5219838709677419 0.47569892473118275 0.349983870967742 0.16341935483870967
16 0.3441774193548387 0.39146236559139785 0.08237096774193549 0.26107526881720433
18 0.5292096774193549 0.2814516129032258 0.0862258064516129 0.04643010752688172
7 0.4239193548387096 0.20272043010752688 0.15385483870967742 0.04759139784946236
8 0.5234354838709677 0.22758064516129034 0.0867741935483871 0.05160215053763441
3 0.44856451612903225 0.24753763440860216 0.21453225806451612 0.09959139784946237
14 0.538016129032258 0.6884086021505377 0.07962903225806452 0.15068817204301074
0 0.539016129032258 0.7572365591397849 0.31956451612903225 0.18887096774193549
13 0.3789193548387097 0.7310000000000001 0.14853225806451614 0.24903225806451612
5 0.4992419354838709 0.600236559139785 0.24806451612903227 0.16250537634408602