8 0.49336538461538465 0.3626932668329177 0.09024725274725275 0.03613466334164588
9 0.6491071428571429 0.3640648379052369 0.0565934065934066 0.03890274314214464
16 0.3200686813186813 0.2933416458852868 0.1310164835164835 0.12496259351620947
7 0.5562362637362638 0.2922942643391521 0.26063186813186817 0.1602992518703242
1 0.5404945054945055 0.40935162094763095 0.2600686813186813 0.09516209476309226
10 0.34516483516483515 0.40154613466334166 0.08745879120879121 0.3351870324189526
11 0.2896840659340659 0.40431421446384036 0.08703296703296703 0.3407231920199501
5 0.22715659340659342 0.41403990024937654 0.0746565934065934 0.08581047381546134
13 0.20445054945054947 0.3318703241895262 0.03611263736263736 0.11162094763092269
3 0.3973489010989011 0.38518703241895264 0.07009615384615385 0.12408977556109725
18 0.3508791208791209 0.4500498753117207 0.05221153846153846 0.05810473815461347