18 0.36669999999999997 0.6855329949238579 0.08791428571428571 0.09304568527918781
10 0.3338 0.6083756345177664 0.1364 0.5394035532994924
11 0.21707857142857145 0.6099238578680203 0.13390000000000002 0.5171065989847716
14 0.09228571428571428 0.6016370558375634 0.04146428571428571 0.10714467005076143
13 0.08438571428571429 0.42738578680203043 0.06375714285714286 0.19434010152284262
5 0.12372857142857142 0.5651015228426396 0.07815714285714286 0.2032741116751269
16 0.28991428571428574 0.3257233502538071 0.24148571428571428 0.10945431472081218
7 0.7256571428571428 0.37700507614213197 0.44153571428571425 0.2797208121827411
8 0.5935571428571429 0.5566497461928934 0.17971428571428572 0.13562182741116752
9 0.8867428571428572 0.5404187817258883 0.05657142857142857 0.09892131979695432
3 0.4772071428571429 0.519225888324873 0.18511428571428573 0.3949365482233502
1 0.6829571428571428 0.6380583756345178 0.4251857142857143 0.09961928934010152