10 0.33591145833333336 0.5507685185185186 0.14020833333333332 0.4155833333333333
11 0.23489583333333333 0.5507685185185186 0.11179166666666666 0.4155833333333333
14 0.16852604166666665 0.6390277777777778 0.0866875 0.16616666666666668
5 0.170265625 0.5256851851851851 0.11794270833333333 0.2975185185185185
7 0.68346875 0.3212314814814815 0.4047708333333333 0.24662037037037038
1 0.63328125 0.5694814814814815 0.39466666666666667 0.13702777777777778
8 0.5712447916666666 0.4888333333333334 0.171484375 0.11887962962962961
9 0.8088645833333333 0.48182407407407407 0.06875 0.10486111111111111
18 0.34498958333333335 0.625287037037037 0.10627604166666667 0.12635185185185185
16 0.29708854166666665 0.32701851851851854 0.208390625 0.11727777777777777
3 0.46754166666666663 0.444212962962963 0.19263020833333336 0.3595277777777778