19 0.40684444444444445 0.4803266666666667 0.04466666666666667 0.040073333333333336
18 0.38276444444444446 0.7546466666666667 0.054044444444444444 0.05829333333333333
9 0.3011466666666667 0.35600666666666664 0.06857777777777778 0.03435333333333333
8 0.2915288888888889 0.57706 0.08135111111111111 0.13245333333333334
7 0.20481777777777777 0.48911999999999994 0.13192888888888887 0.3325666666666667
3 0.27940444444444446 0.6241333333333333 0.19933333333333333 0.1894
1 0.3475288888888889 0.5133533333333333 0.11157333333333333 0.3277
10 0.34874666666666665 0.76282 0.3095644444444444 0.08797333333333333
11 0.36103111111111114 0.8292266666666667 0.2559022222222222 0.06901333333333333
16 0.2188 0.7874066666666666 0.07810666666666667 0.14780666666666667
13 0.29670222222222226 0.89914 0.07746666666666667 0.040613333333333335
5 0.3218311111111111 0.8717533333333334 0.1952977777777778 0.04451333333333333