9 0.8265187500000001 0.5206444444444445 0.04865 0.10748888888888888
8 0.49411875 0.5268666666666667 0.17551875 0.14215555555555556
7 0.6365062499999999 0.3519888888888889 0.46655 0.2664777777777778
3 0.35457500000000003 0.5117555555555555 0.11935000000000001 0.3675
10 0.26451250000000004 0.5962999999999999 0.08923125000000001 0.48103333333333337
1 0.59100625 0.5924111111111111 0.46095624999999996 0.16583333333333333
11 0.19846250000000001 0.6099444444444445 0.0925375 0.4268333333333333
16 0.23355 0.38095555555555555 0.16063125 0.12442222222222223
14 0.13060625 0.6429888888888889 0.02558125 0.07812222222222222
13 0.1211875 0.5365444444444444 0.04631875 0.1429888888888889
5 0.1548 0.5246555555555555 0.05311875 0.2710666666666667
18 0.2744125 0.6755555555555556 0.09026875000000001 0.08027777777777778