9 0.3953763440860215 0.5406612903225806 0.20536559139784946 0.1192258064516129
8 0.124 0.5764677419354839 0.05351612903225807 0.09303225806451614
7 0.2584301075268817 0.3514032258064516 0.45189247311827957 0.2633064516129032
4 0.5410322580645162 0.4323064516129032 0.1915161290322581 0.34766129032258064
13 0.9128924731182796 0.42179032258064514 0.06190322580645161 0.0815
6 0.8811182795698925 0.4913548387096774 0.10917204301075269 0.22170967741935485
2 0.6844408602150537 0.5728387096774193 0.15122580645161288 0.5061612903225806
12 0.8028172043010753 0.5818870967741935 0.13245161290322582 0.43209677419354836
1 0.34316129032258064 0.6315806451612903 0.441 0.08604838709677419
17 0.7430967741935485 0.3341290322580645 0.2685376344086022 0.09858064516129032
15 0.9059569892473118 0.6239193548387096 0.052322580645161286 0.10509677419354838
19 0.6652795698924732 0.6277258064516129 0.0956989247311828 0.13851612903225805