9 0.5057777777777778 0.49433124999999994 0.12207777777777779 0.1539
8 0.5151222222222223 0.7464562499999999 0.11854444444444444 0.061275
7 0.3415111111111111 0.624775 0.2991 0.42103124999999997
4 0.4716888888888889 0.37726875 0.33673333333333333 0.09846875000000001
2 0.5600777777777778 0.29385 0.5084666666666666 0.09213125
12 0.565 0.2328625 0.49356666666666665 0.0778375
15 0.6185333333333333 0.15584375 0.10871111111111112 0.03316875
13 0.4268555555555556 0.14476875 0.15868888888888888 0.02976875
6 0.49441111111111113 0.1774375 0.28623333333333334 0.0526
17 0.3154888888888889 0.25848125 0.11373333333333334 0.15719375
1 0.5860888888888889 0.56336875 0.13825555555555558 0.37634999999999996
19 0.6054 0.30996875 0.10466666666666667 0.08829375