19 0.6711555555555555 0.2760125 0.0917 0.08605
17 0.3509111111111111 0.24015625 0.17901111111111112 0.17996874999999998
9 0.4649555555555555 0.5095875 0.14292222222222223 0.193825
8 0.5117222222222222 0.8105249999999999 0.1327222222222222 0.061325000000000005
7 0.31326666666666664 0.629275 0.25924444444444444 0.44882500000000003
4 0.4504555555555556 0.38320624999999997 0.16266666666666668 0.14106249999999998
1 0.5771777777777778 0.565475 0.2204 0.4681
2 0.5680888888888889 0.2833875 0.6188888888888889 0.135175
12 0.589388888888889 0.20344375 0.6503777777777778 0.10341875
6 0.5239222222222222 0.144075 0.13922222222222222 0.047181249999999994
13 0.5205333333333334 0.11630000000000001 0.2349 0.04163125
15 0.6586555555555555 0.11977499999999999 0.07225555555555556 0.023575
18 0.7023333333333334 0.6845749999999999 0.054044444444444444 0.043806250000000005