1 0.34935000000000005 0.6189333333333333 0.45035 0.1922222222222222
7 0.2959375 0.33528888888888886 0.4946625 0.3254666666666667
9 0.43585 0.48186666666666667 0.212 0.11306666666666668
8 0.12077500000000001 0.6005555555555555 0.055650000000000005 0.09402222222222223
4 0.5891875 0.41075555555555554 0.1032 0.43193333333333334
2 0.711425 0.4914 0.1431125 0.5229777777777778
12 0.8201625 0.4892444444444444 0.08546250000000001 0.5222444444444444
17 0.73125 0.2534222222222222 0.24341249999999998 0.15613333333333335
19 0.7030500000000001 0.5724888888888889 0.0838875 0.13873333333333332
13 0.8941 0.3045333333333333 0.037025 0.17502222222222225
6 0.8649125 0.34148888888888884 0.067 0.28784444444444446