19 0.5245 0.7914749999999999 0.07773333333333333 0.04505625
7 0.329425 0.95594375 0.14590833333333333 0.06290625
4 0.38615 0.87661875 0.263525 0.1591
1 0.47260833333333335 0.9092125 0.07605833333333333 0.13366250000000002
2 0.46674166666666667 0.70339375 0.37888333333333335 0.21576875
12 0.4705333333333333 0.4727875 0.38645833333333335 0.24831250000000002
13 0.35820833333333335 0.14936249999999998 0.22848333333333334 0.29833125
6 0.41824999999999996 0.340425 0.328125 0.23983125000000002
15 0.5002583333333332 0.18154375 0.09591666666666666 0.165825
14 0.5110583333333333 0.03439375 0.059175000000000005 0.03714375
0 0.5119083333333333 0.0978375 0.19005 0.1827875
17 0.2719333333333333 0.6211375 0.0601 0.4200125