9 0.8478983516483516 0.4538556701030928 0.04440934065934066 0.0948041237113402
8 0.5623626373626374 0.4498144329896907 0.16839285714285715 0.09911340206185568
7 0.6910576923076923 0.3129072164948453 0.42303571428571435 0.24181443298969071
3 0.4452197802197802 0.38764948453608244 0.13541208791208792 0.35830927835051546
16 0.28494505494505495 0.2525154639175258 0.22619505494505493 0.10039175257731958
10 0.34076923076923077 0.49115463917525776 0.14951923076923077 0.46222680412371137
11 0.2148901098901099 0.4984742268041237 0.146510989010989 0.4438556701030928
13 0.10410714285714287 0.3534845360824742 0.04585164835164836 0.18688659793814433
5 0.15468406593406595 0.3882268041237113 0.07277472527472527 0.2934639175257732
13 0.13883241758241757 0.5229072164948454 0.04385989010989011 0.0803298969072165
18 0.3682967032967033 0.5611134020618557 0.1044368131868132 0.08255670103092784
1 0.6394230769230769 0.5096907216494845 0.3939423076923077 0.09925773195876289
19 0.7197115384615386 0.5734020618556701 0.04353021978021978 0.06175257731958763