9 0.3083958333333333 0.5053981481481482 0.17120833333333335 0.15836111111111112
7 0.22275520833333334 0.3387685185185185 0.35669270833333333 0.2602962962962963
4 0.2798125 0.5721851851851852 0.382265625 0.12990740740740742
4 0.45127083333333334 0.42530555555555555 0.17846354166666664 0.4194722222222222
2 0.62303125 0.5670740740740742 0.1786875 0.4807962962962963
12 0.784203125 0.5653518518518519 0.15061979166666667 0.4578333333333333
17 0.6692083333333334 0.3015555555555556 0.3042916666666667 0.15808333333333333
19 0.5777604166666667 0.6368796296296296 0.082328125 0.09725925925925927
15 0.9145364583333334 0.6213148148148148 0.052760416666666664 0.1031574074074074
13 0.9371510416666666 0.4094537037037037 0.066734375 0.25350925925925927
13 0.8912187500000001 0.5565925925925926 0.12070833333333333 0.27464814814814814