1 0.5674444444444445 0.722109375 0.12022222222222223 0.39865104166666665
9 0.511888888888889 0.6903645833333333 0.15275925925925926 0.17195833333333335
7 0.334 0.7804947916666667 0.2784537037037037 0.3418072916666667
4 0.4444166666666667 0.5520729166666667 0.39435185185185184 0.183578125
2 0.5507592592592593 0.37466666666666665 0.4959351851851852 0.17250520833333333
12 0.5652129629629629 0.217453125 0.5063148148148149 0.1462760416666667
15 0.6208981481481481 0.086296875 0.08065740740740741 0.06451562500000001
13 0.37650925925925927 0.07130729166666666 0.2215 0.06926041666666666
6 0.5361666666666666 0.10509375 0.30625 0.08347916666666667
17 0.2992037037037037 0.333 0.14600925925925926 0.32181770833333334
19 0.6297407407407407 0.42178645833333334 0.1415462962962963 0.10008333333333333