16 0.24632275132275133 0.6319120879120879 0.15462962962962964 0.3376703296703296
18 0.650079365079365 0.5294835164835164 0.1288095238095238 0.08334065934065935
8 0.4621693121693121 0.2788131868131868 0.14984126984126983 0.17267032967032966
7 0.30886243386243384 0.22373626373626374 0.3061640211640212 0.3152747252747253
1 0.583042328042328 0.2712967032967033 0.23283068783068783 0.34993406593406595
3 0.4298677248677249 0.41706593406593406 0.448968253968254 0.18368131868131868
10 0.5588359788359789 0.5840659340659341 0.6540211640211641 0.18151648351648353
11 0.5752116402116403 0.7464065934065934 0.6272751322751323 0.1662857142857143
14 0.6411904761904762 0.9064285714285715 0.10447089947089948 0.04879120879120879
5 0.4704497354497355 0.8326593406593407 0.46402116402116406 0.12375824175824177
13 0.42428571428571427 0.8998901098901099 0.35187830687830685 0.07415384615384615