9 0.45891213389121344 0.542329411764706 0.11690376569037657 0.19689411764705883
8 0.4496234309623431 0.8910588235294118 0.10359832635983264 0.06409411764705882
7 0.3294142259414226 0.6778 0.3652719665271966 0.5384117647058824
1 0.5392887029288702 0.6505294117647059 0.17135983263598326 0.5511058823529412
4 0.40512552301255234 0.4154470588235294 0.4370292887029289 0.18178823529411767
17 0.2701255230125523 0.24458823529411766 0.18627615062761507 0.23372941176470588
2 0.483347280334728 0.291 0.700397489539749 0.14390588235294116
12 0.5185564853556486 0.18783529411764704 0.63 0.15008235294117647
13 0.3476569037656904 0.06543529411764705 0.1707112970711297 0.042352941176470586
6 0.4938075313807531 0.09736470588235295 0.4244142259414226 0.08007058823529412
19 0.6394142259414226 0.302764705882353 0.10663179916317991 0.11439999999999999
18 0.6407531380753138 0.7554000000000001 0.061464435146443515 0.0516