8 0.73896875 0.33184722222222224 0.1941328125 0.10777777777777776
7 0.774484375 0.19552777777777777 0.30746093750000003 0.2487361111111111
1 0.7266171875 0.42554166666666665 0.3438359375 0.15629166666666666
3 0.584171875 0.29462499999999997 0.2219609375 0.36051388888888886
16 0.327375 0.20504166666666665 0.335609375 0.18855555555555553
10 0.39161718749999996 0.3974861111111111 0.232578125 0.5909444444444445
11 0.21052343750000002 0.4162638888888889 0.2006796875 0.5451527777777778
18 0.4262578125 0.4882916666666667 0.08421875 0.09936111111111112
5 0.1053359375 0.4080416666666667 0.1662578125 0.2900277777777778
13 0.0423046875 0.3217222222222222 0.06489062500000001 0.22951388888888888
14 0.02803125 0.46558333333333335 0.045453125 0.05426388888888889