9 0.526885521885522 0.2367692307692308 0.0527946127946128 0.043890109890109885
8 0.540993265993266 0.5006263736263736 0.078989898989899 0.1084945054945055
7 0.40180134680134677 0.38239560439560444 0.20090909090909093 0.37376923076923074
3 0.4955892255892256 0.5883186813186814 0.265016835016835 0.0935164835164835
10 0.5424410774410774 0.6654505494505494 0.354983164983165 0.06074725274725275
11 0.5398989898989899 0.728032967032967 0.3124747474747475 0.06869230769230769
13 0.4758585858585859 0.8120329670329671 0.12080808080808082 0.03157142857142857
5 0.48904040404040405 0.7827912087912088 0.2032828282828283 0.03902197802197802
1 0.564124579124579 0.39499999999999996 0.08033670033670033 0.33304395604395604
19 0.6057070707070707 0.3416813186813187 0.05501683501683502 0.03593406593406594
18 0.611902356902357 0.663021978021978 0.0561952861952862 0.06321978021978022
16 0.3779124579124579 0.6934065934065934 0.11944444444444445 0.1532857142857143