17 0.4207679738562091 0.45746135552913203 0.16676470588235295 0.1610344827586207
9 0.4990686274509804 0.6543519619500594 0.10547385620915033 0.10054102259215221
7 0.3947222222222222 0.691397146254459 0.19423202614379087 0.18973246135552913
1 0.5778431372549019 0.6624554102259215 0.11086601307189542 0.23755053507728893
2 0.5556699346405228 0.4933947681331748 0.4503921568627451 0.09699762187871581
12 0.5840032679738563 0.4208382877526754 0.43676470588235294 0.08778240190249703
19 0.6601797385620914 0.4996195005945303 0.07841503267973857 0.05659334126040428
4 0.46593137254901956 0.5650832342449466 0.3193300653594771 0.11579667063020214
6 0.6265686274509804 0.3675029726516052 0.2532516339869281 0.0691973840665874
13 0.5424019607843137 0.33695600475624254 0.15410130718954249 0.03074910820451843
15 0.6471078431372549 0.33621878715814507 0.05227124183006536 0.01544589774078478