9 0.24216406250000003 0.4814888628370457 0.21842968749999997 0.13794841735052754
1 0.168421875 0.2696365767878077 0.2948984375 0.28477139507620164
4 0.4156953125 0.4316295427901524 0.22096875 0.39384525205158266
15 0.8570078125 0.6533763188745604 0.047078125 0.06750293083235638
13 0.8596718750000001 0.502086752637749 0.039382812499999996 0.1322508792497069
6 0.8307265625 0.6081711606096131 0.057015625 0.16856975381008205
2 0.6003125 0.5550175849941383 0.1769140625 0.5233763188745604
12 0.7564453125 0.6032121922626026 0.1306171875 0.4001524032825322
17 0.64778125 0.34998827667057447 0.2926875 0.23055099648300117
19 0.56125 0.6073856975381009 0.09878125 0.08493552168815945
19 0.2595078125 0.5630715123094959 0.3494765625 0.1487221570926143