8 0.8117503805175039 0.42681978798586573 0.1084779299847793 0.11505300353356891
16 0.4965601217656012 0.26081272084805657 0.32491628614916285 0.1678798586572438
7 0.8219939117199391 0.2845936395759718 0.08452054794520548 0.2459363957597173
3 0.722496194824962 0.43042402826855125 0.18881278538812785 0.24045936395759715
1 0.7502435312024354 0.5092579505300353 0.15537290715372906 0.07579505300353356
18 0.6045205479452055 0.5601766784452297 0.0639117199391172 0.07162544169611307
18 0.5326940639269406 0.4514487632508834 0.24665144596651448 0.5648056537102474
11 0.3478082191780822 0.4631095406360424 0.19246575342465755 0.5763604240282686
5 0.2686910197869102 0.5140636042402826 0.15519025875190257 0.3069964664310954
13 0.17074581430745817 0.331696113074205 0.08197869101978691 0.22848056537102474
14 0.18178082191780823 0.5137102473498233 0.0674124809741248 0.11222614840989399