4 0.25449462365591397 0.45612903225806456 0.20220430107526882 0.24238709677419354
7 0.13938709677419353 0.3968709677419355 0.10376344086021505 0.19241935483870967
9 0.1437311827956989 0.5091935483870967 0.109752688172043 0.07030645161290323
1 0.2114301075268817 0.5436451612903226 0.22364516129032258 0.07469354838709678
2 0.4517204301075269 0.5147419354838709 0.23918279569892473 0.35961290322580647
12 0.6724623655913978 0.5165645161290322 0.21450537634408604 0.3632741935483871
13 0.8894193548387096 0.40738709677419355 0.10920430107526882 0.2336290322580645
15 0.8941827956989248 0.5300806451612903 0.07034408602150538 0.07982258064516129
6 0.7898387096774193 0.4562258064516129 0.20573118279569894 0.2385483870967742
17 0.5135591397849463 0.33733870967741936 0.3843548387096774 0.07337096774193548
19 0.39825806451612905 0.5812096774193549 0.06505376344086021 0.09114516129032257