18 0.40623437500000004 0.48336459554513483 0.091046875 0.09964830011723329
7 0.7435078125000001 0.2621219226260258 0.3439296875 0.19221570926143025
3 0.5286015625 0.34763188745603746 0.15071874999999998 0.28286049237983585
10 0.37103125000000003 0.43483001172332947 0.16146093749999998 0.3701641266119578
11 0.226796875 0.4354396248534584 0.1252265625 0.37807737397420865
16 0.3360234375 0.24037514654161782 0.2923515625 0.08966002344665885
14 0.0997578125 0.46440797186400934 0.0363359375 0.06757327080890974
13 0.100875 0.32992966002344665 0.056421874999999996 0.12352872215709262
5 0.163421875 0.3797538100820633 0.09303125 0.2733997655334115
8 0.661875 0.3737749120750293 0.154078125 0.09062133645955452
9 0.8784531250000001 0.37491207502930834 0.033453125 0.0761664712778429
1 0.7136328125 0.4369284876905041 0.3488984375 0.11644783118405627