16 0.3531091370558376 0.7035357142857143 0.1523730964467005 0.26335
10 0.555241116751269 0.6661142857142857 0.49573604060913706 0.14330714285714286
11 0.5625126903553299 0.7831428571428573 0.4858248730964467 0.12748571428571429
14 0.5928426395939087 0.8997928571428572 0.08362944162436549 0.044942857142857146
13 0.43859137055837566 0.9105000000000001 0.21676395939086296 0.052071428571428574
5 0.5081725888324873 0.8531142857142856 0.28991116751269036 0.09157857142857144
9 0.5078172588832488 0.11770714285714286 0.10139593908629442 0.06935000000000001
8 0.5038959390862944 0.3927142857142857 0.11385786802030456 0.19935714285714287
7 0.38656091370558376 0.28627857142857144 0.27006345177664975 0.4407714285714286
1 0.5747208121827411 0.32545714285714283 0.1708756345177665 0.45515714285714287
3 0.47978426395939083 0.5336714285714286 0.3651269035532995 0.12625714285714285
18 0.6448730964467005 0.6461214285714286 0.13186548223350253 0.10045714285714284
19 0.6613705583756345 0.2766857142857143 0.0988705583756345 0.07302142857142857