18 0.5557096774193548 0.6261505376344086 0.06311290322580645 0.05558064516129032
1 0.5471774193548387 0.4276129032258065 0.05885483870967742 0.2821612903225807
9 0.5201129032258065 0.29201075268817206 0.059645161290322574 0.04010752688172043
8 0.5085161290322581 0.4764623655913979 0.0695 0.12764516129032258
7 0.4022741935483871 0.40197849462365587 0.20733870967741938 0.3227849462365591
3 0.4465967741935484 0.564752688172043 0.26 0.08090322580645161
10 0.502983870967742 0.6330860215053763 0.30185483870967744 0.07547311827956989
11 0.5096451612903226 0.683989247311828 0.28585483870967743 0.05890322580645162
13 0.4258064516129032 0.730268817204301 0.08296774193548387 0.02139784946236559
14 0.5239032258064517 0.7242795698924731 0.03870967741935484 0.01918279569892473
5 0.4879193548387097 0.7153010752688173 0.11337096774193549 0.024698924731182795
16 0.3606774193548387 0.6463548387096775 0.09056451612903225 0.1253010752688172