9 0.5375 0.4408062015503876 0.26522093023255816 0.18004651162790697
8 0.12141860465116279 0.5057519379844961 0.11211627906976744 0.17972093023255814
7 0.3784186046511628 0.270015503875969 0.6679767441860466 0.2850077519379845
4 0.6958604651162791 0.5148837209302326 0.10645348837209302 0.3530077519379845
1 0.4000813953488372 0.5609612403100775 0.5950348837209303 0.2777364341085271
19 0.7587558139534883 0.6979379844961241 0.08911627906976745 0.1051937984496124
18 0.24975581395348836 0.742046511627907 0.0711046511627907 0.11275968992248063
2 0.7679534883720931 0.6290852713178294 0.10455813953488373 0.6372558139534883
12 0.8271511627906977 0.6832558139534883 0.08572093023255814 0.5133178294573643
17 0.7870930232558139 0.437953488372093 0.15509302325581395 0.2984031007751938
15 0.8803255813953489 0.7688062015503876 0.04473255813953488 0.07049612403100775