8 0.64538 0.49061 0.25332 0.08943000000000001
7 0.73598 0.39329000000000003 0.47737 0.19841999999999999
3 0.46602 0.50044 0.21461000000000002 0.27481
10 0.28173000000000004 0.55826 0.15459 0.35902
11 0.169 0.57385 0.14627 0.34082
16 0.2505 0.40739 0.26641000000000004 0.11571
13 0.05522 0.52266 0.03872 0.14211000000000001
5 0.09204000000000001 0.53531 0.07906999999999999 0.1817
14 0.05165 0.60927 0.04586 0.046759999999999996
18 0.31912999999999997 0.6224500000000001 0.09797 0.06454
1 0.6772100000000001 0.5648 0.4884 0.13312000000000002