19 0.6844351851851852 0.6889967105263158 0.08470370370370371 0.09830592105263158
18 0.3056759259259259 0.6871052631578948 0.0452962962962963 0.06891447368421053
1 0.3937407407407407 0.6033059210526316 0.4415925925925926 0.15350328947368422
9 0.478287037037037 0.5176151315789473 0.16212962962962962 0.13564144736842104
8 0.18422222222222223 0.5147039473684211 0.04312962962962963 0.1115625
7 0.36914814814814817 0.3598026315789474 0.44589814814814815 0.3317269736842105
4 0.6069814814814815 0.5004276315789473 0.11957407407407405 0.41927631578947366
2 0.7000092592592593 0.6076973684210527 0.1115462962962963 0.5533881578947368
12 0.7831018518518519 0.6330427631578948 0.10889814814814815 0.5033717105263158
17 0.73925 0.3721875 0.16962962962962963 0.18105263157894735
15 0.86275 0.694967105263158 0.02363888888888889 0.0700328947368421
6 0.8507314814814815 0.6107565789473683 0.034583333333333334 0.17207236842105264