8 0.550086274509804 0.30941176470588233 0.11049215686274509 0.06956176470588235
9 0.7100725490196078 0.32843823529411764 0.03177254901960784 0.05466764705882353
7 0.6182725490196078 0.2305970588235294 0.22725882352941176 0.14525882352941177
1 0.5906137254901961 0.36032647058823525 0.2386058823529412 0.0870764705882353
3 0.4783647058823529 0.29967647058823527 0.08992549019607843 0.20303235294117644
10 0.41205294117647057 0.3619941176470588 0.09063333333333334 0.27611470588235293
11 0.35729607843137257 0.38038823529411764 0.07654705882352941 0.24288529411764703
14 0.30759019607843135 0.42626470588235293 0.020270588235294117 0.042479411764705884
13 0.30203529411764707 0.3518617647058823 0.03138235294117647 0.08975588235294119
5 0.316621568627451 0.3896794117647059 0.032254901960784316 0.1085264705882353
16 0.39015686274509803 0.24713235294117647 0.12135294117647058 0.09793823529411765
18 0.425035294117647 0.40853235294117646 0.05516078431372549 0.06191470588235294
19 0.620556862745098 0.41953529411764706 0.026596078431372547 0.05059117647058823