9 0.512549388523048 0.3446328125 0.0938381937911571 0.09136328125
9 0.5610724365004703 0.378171875 0.09662276575729067 0.21612499999999998
4 0.5121636876763875 0.27891015625 0.22637817497648163 0.06633984375
7 0.3679586077140169 0.4062421875 0.14636876763875822 0.2165625
17 0.3943744120413923 0.2077109375 0.12973659454374412 0.0840859375
2 0.5260771401693322 0.23003515624999998 0.38595484477892755 0.06507421875
12 0.5383254938852305 0.19039062499999998 0.37211665098777047 0.052425781250000004
19 0.6132361241768579 0.23843359375 0.0668203198494826 0.0420859375
12 0.5659360301034807 0.15601953125 0.2380997177798683 0.035414062499999996
15 0.5989275634995296 0.15035937500000002 0.05496707431796802 0.0211015625
8 0.5079680150517404 0.48412890624999994 0.062276575729068674 0.019234375