1 0.36587000000000003 0.3514542728635682 0.29370999999999997 0.08284857571214392
8 0.31041 0.3051874062968516 0.11498 0.0569415292353823
9 0.5140800000000001 0.30610194902548726 0.0368 0.05212893553223389
7 0.39352 0.21374812593703146 0.29569 0.153928035982009
3 0.2243 0.2661319340329835 0.06720999999999999 0.23869565217391306
16 0.14917 0.21865067466266866 0.09079999999999999 0.12043478260869565
10 0.18571000000000001 0.3101649175412294 0.09475 0.3549175412293853
11 0.14497 0.3222038980509745 0.08748 0.30419790104947525
18 0.1809 0.38059970014992506 0.04956 0.05118440779610195
7 0.6884199999999999 0.2603898050974513 0.22547999999999999 0.11394302848575712
9 0.75009 0.3152623688155922 0.08437 0.06044977511244378
8 0.60995 0.3173913043478261 0.04036 0.04139430284857571
1 0.70323 0.3520989505247376 0.19783 0.057856071964018
2 0.83361 0.3155472263868066 0.07142 0.2642278860569715
12 0.87034 0.3110944527736132 0.06709999999999999 0.25533733133433284
19 0.8396 0.36580209895052473 0.04561 0.04823088455772114
4 0.80651 0.28101949025487255 0.0466 0.18815592203898052