7 0.7215870307167236 0.33608333333333335 0.4034470989761092 0.15654166666666666
1 0.6658532423208191 0.47141666666666665 0.45266211604095563 0.11068750000000001
10 0.3512969283276451 0.4823541666666667 0.1623890784982935 0.3354375
11 0.2201194539249147 0.47270833333333334 0.11723549488054608 0.30995833333333334
14 0.10109215017064847 0.48935416666666665 0.05911262798634812 0.08052083333333333
13 0.09580204778156996 0.3730833333333334 0.06406143344709897 0.11691666666666665
5 0.14967576791808873 0.4031875 0.08882252559726962 0.215
3 0.46771331058020477 0.3998333333333333 0.11288395904436861 0.242375
18 0.350938566552901 0.5260208333333334 0.11513651877133106 0.09322916666666667
8 0.6058703071672356 0.43522916666666667 0.20612627986348123 0.08210416666666666
9 0.8785494880546075 0.436 0.07822525597269625 0.08745833333333333
19 0.7359556313993174 0.5448958333333334 0.07663822525597269 0.0925
16 0.30397610921501705 0.31227083333333333 0.25701365187713315 0.059666666666666666