1 0.5267291666666667 0.4426851851851852 0.21645833333333334 0.09182407407407407
9 0.5491979166666667 0.39262037037037034 0.09125520833333334 0.06576851851851852
8 0.40913541666666664 0.4101944444444444 0.022197916666666664 0.06079629629629629
7 0.49634375000000003 0.3149537037037037 0.20777083333333335 0.1388148148148148
17 0.7104270833333334 0.3308148148148148 0.12379166666666667 0.11807407407407407
2 0.68684375 0.4300740740740741 0.09224479166666667 0.3227777777777778
12 0.7491562500000001 0.4286203703703704 0.07103125 0.3229444444444444
19 0.6828854166666667 0.4741481481481482 0.046135416666666665 0.05907407407407407
4 0.6219270833333332 0.3705 0.09088541666666666 0.2499166666666667
6 0.7935729166666667 0.4385648148148148 0.04702083333333333 0.23173148148148148
14 0.3148020833333333 0.46223148148148147 0.08774479166666667 0.044500000000000005
0 0.26508333333333334 0.46617592592592594 0.15323437499999998 0.1298888888888889
15 0.213375 0.4716666666666666 0.019625 0.044842592592592594
13 0.29323958333333333 0.3743611111111111 0.18707291666666667 0.1297222222222222
5 0.38521875 0.45125925925925925 0.09663020833333333 0.20635185185185187