9 0.46789690721649485 0.2306868131868132 0.07317525773195876 0.05895604395604396
8 0.49602061855670104 0.4324450549450549 0.09191752577319587 0.12281593406593407
7 0.3870515463917526 0.34899725274725274 0.1701237113402062 0.3305494505494505
1 0.5359793814432989 0.36880494505494504 0.10061855670103093 0.2977335164835165
19 0.5700618556701031 0.29651098901098905 0.05630927835051546 0.04075549450549451
18 0.5878762886597938 0.5811126373626374 0.058185567010309275 0.07050824175824176
10 0.5474020618556701 0.5934203296703296 0.33340206185567006 0.10260989010989012
11 0.5510721649484536 0.6801785714285714 0.32948453608247424 0.07883241758241759
16 0.3841443298969072 0.6338049450549451 0.10435051546391752 0.15342032967032967
14 0.6015876288659794 0.7328434065934066 0.058020618556701035 0.03929945054945055
13 0.4377319587628866 0.7545192307692307 0.14030927835051546 0.02770604395604396
5 0.5564329896907216 0.7264285714285714 0.13810309278350516 0.06347527472527473
3 0.4690103092783505 0.5285989010989011 0.25158762886597935 0.09446428571428571