8 0.5646933333333333 0.35098 0.07557333333333334 0.20824
7 0.4146933333333333 0.25848000000000004 0.23333333333333334 0.47324
1 0.6136 0.3044 0.08448 0.45842
18 0.6106400000000001 0.62346 0.07853333333333333 0.08988
16 0.31751999999999997 0.7123400000000001 0.12344 0.32095999999999997
10 0.54176 0.65252 0.42968 0.22136
11 0.5142133333333334 0.79372 0.4768266666666667 0.16708
13 0.39272 0.96788 0.19826666666666665 0.05872
14 0.51112 0.96742 0.08394666666666667 0.047799999999999995
9 0.5750666666666667 0.08516 0.07853333333333333 0.046619999999999995
3 0.48530666666666666 0.49662 0.14346666666666666 0.18952000000000002
5 0.42751999999999996 0.9152 0.08122666666666667 0.1167