18 0.6416483516483517 0.6266620879120879 0.08881318681318681 0.09611263736263737
1 0.5781098901098901 0.3761401098901099 0.13595604395604396 0.34259615384615383
8 0.5013846153846154 0.4164285714285715 0.10558241758241758 0.16218406593406592
7 0.3793846153846154 0.3373763736263736 0.26162637362637364 0.35023351648351647
3 0.502087912087912 0.5504807692307693 0.29600000000000004 0.1109065934065934
10 0.5821098901098901 0.6652884615384616 0.45164835164835165 0.11869505494505495
11 0.6041758241758242 0.7586675824175824 0.4035164835164835 0.09164835164835165
16 0.397978021978022 0.6873626373626374 0.14054945054945056 0.20679945054945056
14 0.6665054945054945 0.8416758241758242 0.07103296703296703 0.03464285714285714
13 0.5344395604395604 0.8559890109890109 0.12336263736263736 0.04958791208791209
5 0.6058681318681319 0.820728021978022 0.19230769230769232 0.05523351648351649