8 0.5445104166666667 0.5137592592592592 0.15249479166666668 0.11975925925925926
9 0.8072239583333333 0.4797222222222222 0.05522395833333334 0.09181481481481481
7 0.6573541666666666 0.3125462962962963 0.40596875000000004 0.22043518518518518
16 0.2923177083333333 0.3416111111111111 0.20375520833333333 0.21991666666666665
10 0.32006249999999997 0.5224814814814814 0.15903124999999999 0.6125277777777778
11 0.2531614583333333 0.5270277777777779 0.15013541666666666 0.5814907407407407
5 0.18125 0.4673703703703704 0.12207291666666667 0.3634074074074074
3 0.422546875 0.5242037037037037 0.13309895833333335 0.35671296296296295
1 0.626953125 0.5795092592592592 0.39260416666666664 0.15558333333333332
18 0.354921875 0.643462962962963 0.09590104166666666 0.0797962962962963
14 0.15434374999999997 0.6306944444444444 0.04286979166666667 0.06967592592592593