9 0.50524375 0.5174555555555556 0.20390625 0.17311111111111113
8 0.18405625 0.5151111111111112 0.057212500000000006 0.11491111111111112
1 0.40614375 0.5900888888888889 0.4474125 0.15384444444444445
7 0.37775624999999996 0.3382111111111111 0.46455625 0.25906666666666667
2 0.7338687500000001 0.5719888888888889 0.11696875000000001 0.5567111111111112
12 0.81071875 0.5920555555555556 0.09451875 0.5110333333333333
19 0.73230625 0.6677888888888889 0.1049125 0.1348777777777778
18 0.345075 0.6906777777777778 0.06955625 0.10267777777777777
15 0.88693125 0.6561777777777777 0.048531250000000005 0.12276666666666666
13 0.87848125 0.6128777777777779 0.05975625 0.16395555555555555
17 0.7627812500000001 0.37193333333333334 0.16898125 0.1765
4 0.6432375 0.48791111111111113 0.12323124999999999 0.4592111111111111