14 0.2896953125 0.5587950450450451 0.2015078125 0.13739864864864865
15 0.0486796875 0.5590540540540541 0.0632265625 0.1266554054054054
0 0.20392968749999998 0.5728153153153154 0.3659296875 0.40943693693693695
13 0.20482031250000002 0.40773648648648647 0.40676562499999996 0.289481981981982
5 0.4024375 0.5471846846846846 0.1589375 0.24929054054054053
11 0.5476875 0.5128603603603604 0.2434453125 0.48502252252252254
10 0.7391015624999999 0.5127702702702702 0.2356171875 0.49202702702702705
16 0.68578125 0.2634797297297297 0.3634765625 0.08354729729729729
18 0.8131484375 0.5783333333333333 0.0661328125 0.1051463963963964
7 0.9798828125 0.3382432432432433 0.0402265625 0.24433558558558557
3 0.89075 0.41661036036036037 0.15717187500000002 0.2922072072072072