7 0.1939875 0.45864 0.04681250000000001 0.11318
9 0.19666250000000002 0.5187 0.0249125 0.06242
4 0.25198750000000003 0.48522000000000004 0.0650625 0.19544
2 0.3557125 0.54584 0.14073750000000002 0.30213999999999996
12 0.4564375 0.54676 0.114925 0.30032
17 0.36738750000000003 0.39230000000000004 0.21863749999999998 0.06416
6 0.5285 0.4801 0.1340375 0.22882
13 0.6869375 0.4393 0.2759 0.16178
15 0.646375 0.5357999999999999 0.137975 0.07116
14 0.7931874999999999 0.54538 0.040674999999999996 0.0685
0 0.703925 0.5443 0.20265 0.18631999999999999
19 0.3085 0.58694 0.0554 0.06798