8 0.6379874999999999 0.4154 0.222525 0.15109999999999998
7 0.7559 0.255 0.4270875 0.3469833333333333
1 0.7030500000000001 0.5517833333333333 0.42765000000000003 0.29469999999999996
3 0.4685875 0.4297333333333333 0.18059999999999998 0.42145
10 0.32128749999999995 0.5794833333333334 0.1797375 0.5459
11 0.16907499999999998 0.6271 0.13470000000000001 0.5036666666666666
14 0.0500375 0.6759166666666667 0.040362499999999996 0.08048333333333334
13 0.060262500000000004 0.48856666666666665 0.04832499999999999 0.15995
5 0.10145 0.55035 0.08805 0.31268333333333337
18 0.3358375 0.6159 0.0994875 0.14376666666666668
16 0.2773875 0.33255 0.2732 0.25625