7 0.764203125 0.25400937866354045 0.3317421875 0.1793434935521688
8 0.65634375 0.38072684642438454 0.151734375 0.08109026963657678
9 0.8903671875000001 0.3841617819460727 0.032734374999999996 0.0711957796014068
10 0.46645312499999997 0.38949589683470104 0.11346875000000001 0.3830480656506448
11 0.38567968750000003 0.3946776084407972 0.1126484375 0.36355216881594377
16 0.43641406250000003 0.22055099648300117 0.1694765625 0.0728253223915592
14 0.308921875 0.4162719812426729 0.0327890625 0.06173505275498241
13 0.2989765625 0.2935169988276671 0.0486171875 0.12772567409144198
3 0.3423046875 0.3255216881594373 0.052234375 0.25539273153575615
1 0.715859375 0.42449003516998823 0.33103125 0.07267291910902697
18 0.4760859375 0.46558030480656504 0.06578125 0.06656506447831184
19 0.767296875 0.46976553341148886 0.045515625 0.058194607268464246