9 0.8887916666666666 0.5337962962962963 0.066375 0.12678703703703703
8 0.5182760416666666 0.5489444444444445 0.18471875000000001 0.13855555555555554
7 0.6851927083333333 0.3562222222222223 0.5185520833333334 0.3179166666666667
3 0.392796875 0.48420370370370375 0.14209375 0.44887962962962963
10 0.29069791666666667 0.5789351851851852 0.15925 0.6337222222222222
11 0.18279687500000003 0.5884166666666667 0.15959375 0.6147592592592593
13 0.06583854166666667 0.4005092592592593 0.045468749999999995 0.2629814814814815
5 0.11739583333333334 0.5451481481481482 0.093890625 0.20502777777777778
16 0.23967708333333335 0.25212962962962965 0.21866666666666665 0.10974074074074074
19 0.7818385416666668 0.7067222222222223 0.05298958333333333 0.08374074074074074
18 0.2975052083333333 0.6995648148148148 0.10775520833333332 0.10646296296296297
1 0.6360104166666667 0.6267777777777778 0.5009114583333333 0.15530555555555556