9 0.39495 0.9626874999999999 0.0603 0.043737500000000006
7 0.28680833333333333 0.9711937500000001 0.14400833333333332 0.057618749999999996
4 0.37545 0.875775 0.254625 0.13240625
2 0.4515916666666666 0.708625 0.40918333333333334 0.2481125
12 0.4711 0.51121875 0.44593333333333335 0.22516875
13 0.33415833333333333 0.1903125 0.19704166666666667 0.3583625
0 0.5406083333333334 0.12353125000000001 0.35995 0.22791875
15 0.5851166666666666 0.223875 0.2823 0.0754875
6 0.4657916666666667 0.32529375 0.16864166666666666 0.190825
17 0.23935833333333334 0.65715 0.09494999999999999 0.4045375
19 0.5054666666666666 0.7964375 0.08549999999999999 0.0549875