1 0.6957291666666666 0.5288425925925926 0.4155729166666667 0.1526759259259259
8 0.62490625 0.4606851851851852 0.17746354166666667 0.1216574074074074
9 0.9132760416666666 0.4691759259259259 0.046848958333333336 0.12937037037037036
7 0.7428541666666667 0.2832222222222222 0.45252604166666666 0.3037592592592593
3 0.4801822916666667 0.36972222222222223 0.17371875 0.3749074074074074
18 0.37295833333333334 0.63 0.11191145833333334 0.093
16 0.29371354166666663 0.2442222222222222 0.25130729166666665 0.17328703703703704
10 0.3347239583333333 0.5152777777777777 0.18835416666666666 0.7092222222222223
11 0.22182291666666665 0.5151111111111112 0.17956249999999999 0.7150462962962963
5 0.1286875 0.4762037037037037 0.13121875 0.3704351851851852
13 0.0720625 0.3938148148148148 0.034890624999999995 0.19778703703703704