14 0.28186666666666665 0.27720999999999996 0.07256666666666667 0.06735
15 0.29005 0.44993 0.0669 0.032869999999999996
13 0.15 0.34436 0.07445 0.24721
16 0.17988333333333334 0.11972 0.09305 0.11306000000000001
10 0.30324999999999996 0.11267 0.30771666666666664 0.10257
11 0.3013 0.17024 0.3258666666666667 0.08787
18 0.36565 0.0702 0.04575 0.027239999999999997
5 0.27386666666666665 0.1981 0.28454999999999997 0.07064
0 0.3043666666666667 0.34561000000000003 0.17366666666666666 0.20442
14 0.7955166666666666 0.3725 0.07261666666666666 0.09278
13 0.7047 0.4008 0.16115 0.20591
16 0.6718999999999999 0.1651 0.08715 0.15247999999999998
10 0.7830166666666667 0.14999 0.2763333333333334 0.11459
11 0.77515 0.2335 0.29763333333333336 0.12623
5 0.7596833333333334 0.28434 0.25225 0.12504
3 0.7610166666666667 0.07318000000000001 0.19 0.07837000000000001
18 0.8280833333333334 0.10023 0.03726666666666666 0.03321
14 0.3265333333333333 0.8219500000000001 0.051833333333333335 0.09711
15 0.32698333333333335 0.9509299999999999 0.05276666666666667 0.04349
13 0.205 0.8736900000000001 0.11243333333333333 0.21694
16 0.19366666666666668 0.6467200000000001 0.07926666666666667 0.13488999999999998
10 0.3046666666666667 0.63758 0.30965 0.1141
11 0.30455 0.69862 0.3136 0.09922
18 0.35688333333333333 0.59333 0.04136666666666667 0.030629999999999998
5 0.2930333333333333 0.75086 0.2863833333333334 0.09187999999999999
3 0.27376666666666666 0.5670499999999999 0.18713333333333335 0.05973
0 0.32949999999999996 0.88755 0.13525 0.17806
0 0.7939333333333334 0.42834 0.12601666666666667 0.14038
15 0.7916666666666666 0.48613999999999996 0.05238333333333333 0.01728
3 0.29245 0.05095 0.20563333333333333 0.05248
3 0.7544500000000001 0.55337 0.21246666666666666 0.06253
16 0.65875 0.6311599999999999 0.11530000000000001 0.13141
10 0.7905166666666666 0.62373 0.30973333333333336 0.09267
11 0.7722 0.69223 0.34636666666666666 0.11534
18 0.8329166666666666 0.56929 0.057383333333333335 0.03405
5 0.7563166666666667 0.71997 0.3316 0.08777
13 0.6590333333333334 0.87085 0.15566666666666668 0.23639
0 0.7746333333333333 0.8967999999999999 0.16278333333333334 0.17890999999999999
14 0.7716500000000001 0.82868 0.06261666666666667 0.11304
15 0.7913166666666667 0.96053 0.06425 0.04253