19 0.7218924731182795 0.7168709677419355 0.06710752688172042 0.0779032258064516
18 0.21348387096774193 0.7010483870967742 0.09793548387096775 0.09696774193548387
7 0.5891612903225806 0.3843225806451613 0.572774193548387 0.26995161290322583
9 0.8019139784946236 0.5426451612903226 0.09699999999999999 0.11656451612903225
8 0.4272258064516129 0.5390806451612904 0.21511827956989246 0.1278709677419355
3 0.2934408602150537 0.5249032258064517 0.11958064516129031 0.3990483870967742
16 0.17117204301075267 0.35619354838709677 0.18534408602150537 0.11690322580645161
10 0.19868817204301076 0.6127096774193548 0.10519354838709677 0.5331935483870968
11 0.1169247311827957 0.6106290322580645 0.09834408602150536 0.4829516129032258
14 0.060849462365591404 0.6481935483870968 0.026139784946236557 0.06037096774193548
13 0.04905376344086021 0.45533870967741935 0.030182795698924732 0.09861290322580646
5 0.06203225806451613 0.5780322580645161 0.037731182795698925 0.10438709677419354
1 0.5544516129032258 0.6278548387096774 0.533247311827957 0.17638709677419354