19 0.7142666666666667 0.43033928571428576 0.1537 0.12208928571428572
1 0.6269 0.7635 0.2678333333333333 0.40744642857142854
7 0.2790666666666667 0.8244642857142856 0.33716666666666667 0.34319642857142857
4 0.4752 0.595125 0.41633333333333333 0.21428571428571427
2 0.6361666666666667 0.38182142857142853 0.6197 0.21551785714285715
12 0.6907 0.19583928571428572 0.5510333333333334 0.15489285714285714
15 0.8132666666666666 0.067125 0.21836666666666668 0.06628571428571428
13 0.5509666666666666 0.057928571428571426 0.2715333333333333 0.05582142857142858
6 0.6806 0.10030357142857144 0.3086 0.075625
17 0.3528 0.3415892857142857 0.25703333333333334 0.35726785714285714
9 0.4715 0.7939107142857142 0.2015 0.20241071428571428