9 0.3609233333333333 0.557631184407796 0.21271 0.08207396301849075
17 0.68157 0.3785657171414293 0.28067 0.1470614692653673
7 0.23632 0.4636931534232884 0.4053833333333334 0.3439780109945027
19 0.6475466666666667 0.6380459770114942 0.08595666666666667 0.09298350824587706
2 0.6477966666666667 0.5547476261869065 0.1842366666666667 0.5260819590204898
12 0.7813866666666666 0.5368865567216392 0.14030333333333334 0.5470014992503748
1 0.32354666666666665 0.6668265867066466 0.4553733333333333 0.20717641179410295
8 0.10299000000000001 0.6590554722638681 0.04982 0.09835082458770615
4 0.50673 0.544487756121939 0.15224666666666667 0.2771464267866067
6 0.8407733333333334 0.573263368315842 0.13019 0.2699300349825087
13 0.87781 0.4629585207396302 0.062040000000000005 0.15593703148425786