16 0.23625 0.5139218750000001 0.121875 0.3712421875
7 0.2709722222222222 0.14910937500000002 0.14133333333333334 0.12599218750000002
13 0.2831666666666667 0.866765625 0.12683333333333333 0.12381249999999999
14 0.432875 0.873109375 0.10401388888888889 0.0833671875
10 0.4055694444444444 0.44275000000000003 0.4105138888888889 0.2163984375
11 0.4240833333333333 0.643515625 0.4475555555555556 0.1898125
18 0.46373611111111107 0.394578125 0.07684722222222222 0.05443750000000001
3 0.3737638888888889 0.287984375 0.20245833333333335 0.17875000000000002
1 0.41080555555555553 0.2106484375 0.09876388888888889 0.1834453125
8 0.34829166666666667 0.1493671875 0.09041666666666666 0.117140625
5 0.38379166666666664 0.7620859375 0.2614166666666667 0.2081953125