7 0.40007 0.27096 0.21971000000000002 0.47341
9 0.54552 0.08956 0.07063 0.05861
8 0.53143 0.36415 0.10245 0.2398
1 0.5853400000000001 0.31385 0.09645000000000001 0.4712
3 0.48834 0.55889 0.27226999999999996 0.21872
10 0.5724400000000001 0.69832 0.38045999999999996 0.17464
11 0.5877100000000001 0.8255 0.32083 0.14149
16 0.39597000000000004 0.75936 0.15153 0.27422
18 0.60725 0.66869 0.07809 0.12489
14 0.62807 0.93871 0.07628 0.06268
13 0.53143 0.94816 0.14245 0.03434
5 0.52971 0.91007 0.255 0.06364