7 0.77206 0.41397333333333336 0.4074 0.22213333333333332
14 0.27744 0.34829333333333334 0.30052 0.19738666666666665
13 0.0361 0.36650666666666665 0.07196 0.15538666666666667
10 0.35752 0.5124533333333333 0.21358000000000002 0.5382666666666667
11 0.17186 0.5240266666666666 0.20163999999999999 0.5206666666666667
14 0.02996 0.5169866666666667 0.03614 0.05794666666666667
8 0.6525599999999999 0.5645600000000001 0.19868 0.07152
1 0.69836 0.6124 0.42 0.05114666666666667
3 0.51046 0.4870133333333333 0.20264 0.26567999999999997
5 0.10701999999999999 0.49904 0.141 0.32250666666666666
18 0.37274 0.60848 0.09716 0.058986666666666666