18 0.5638157894736842 0.5597345132743363 0.07447368421052632 0.07864306784660767
7 0.3263157894736842 0.2893805309734513 0.19278947368421054 0.28075221238938053
8 0.43776315789473685 0.33997050147492625 0.1003421052631579 0.14545722713864306
1 0.5124736842105263 0.31746312684365785 0.12494736842105263 0.2806047197640118
3 0.4285263157894737 0.4694247787610619 0.3015263157894737 0.12075221238938054
10 0.4981315789473684 0.5928023598820059 0.3841842105263158 0.12876106194690265
11 0.4983421052631579 0.7079646017699115 0.38376315789473686 0.0988938053097345
16 0.29923684210526313 0.6239233038348082 0.08597368421052633 0.2499262536873156
14 0.5248684210526315 0.806976401179941 0.08273684210526316 0.042153392330383475
13 0.39023684210526316 0.8061209439528023 0.13884210526315788 0.05116519174041297
5 0.43657894736842107 0.7722418879056048 0.2506315789473684 0.07995575221238937