13 0.40246774193548385 0.10610752688172044 0.20958064516129032 0.11155913978494623
15 0.5348387096774194 0.10361290322580645 0.06214516129032258 0.07311827956989247
6 0.5275161290322581 0.17368817204301076 0.1875967741935484 0.11530107526881721
12 0.5186451612903226 0.32989247311827957 0.35851612903225805 0.2222043010752688
2 0.5184032258064517 0.5479569892473118 0.35900000000000004 0.23538709677419353
17 0.3350161290322581 0.48234408602150536 0.0675 0.4100322580645161
4 0.45370967741935486 0.7476774193548388 0.24396774193548385 0.20297849462365591
1 0.5450322580645162 0.7907096774193548 0.07437096774193548 0.21910752688172044
9 0.5048709677419354 0.8510430107526882 0.06670967741935484 0.09844086021505376
7 0.3893548387096774 0.8613010752688172 0.2227741935483871 0.11481720430107527
19 0.5794032258064516 0.6056129032258065 0.09033870967741935 0.06397849462365592