18 0.35409285714285715 0.6486294416243655 0.09365000000000001 0.12074873096446702
19 0.7212642857142857 0.6525761421319797 0.05417857142857142 0.08211928934010151
8 0.6013499999999999 0.5074619289340101 0.1857785714285714 0.08799492385786803
9 0.8766785714285714 0.5091878172588833 0.059385714285714285 0.0883756345177665
1 0.6682857142857143 0.5767385786802031 0.4458428571428571 0.13771573604060913
7 0.7104285714285714 0.38960659898477157 0.4373071428571429 0.2583756345177665
3 0.45894999999999997 0.47944162436548227 0.11768571428571428 0.33230964467005075
10 0.33032142857142854 0.5591878172588832 0.13899285714285714 0.4917766497461929
11 0.22085 0.5591878172588832 0.14147857142857143 0.4917766497461929
13 0.09584285714285715 0.43920050761421314 0.058128571428571425 0.20527918781725887
14 0.09725 0.5859771573604061 0.046657142857142855 0.08850253807106598
5 0.14021428571428574 0.4868527918781726 0.09122857142857142 0.3175
16 0.2946642857142857 0.35588832487309646 0.25577142857142854 0.15286802030456853