7 0.10802083333333333 0.3956574074074074 0.04668229166666667 0.19432407407407407
4 0.16185416666666666 0.44883333333333336 0.09942708333333333 0.30830555555555555
2 0.2810416666666667 0.5511203703703704 0.16603125 0.4906574074074074
12 0.4291927083333333 0.5493611111111111 0.18141145833333333 0.5017314814814815
17 0.3204375 0.301787037037037 0.26149479166666667 0.08088888888888889
9 0.6486249999999999 0.605712962962963 0.18661458333333333 0.12576851851851853
8 0.8617447916666666 0.6060462962962962 0.069109375 0.11162962962962963
13 0.7238697916666667 0.4144259259259259 0.40168750000000003 0.27282407407407405
6 0.5052447916666667 0.4917129629629629 0.16652604166666668 0.4008611111111111
19 0.20234375 0.6052962962962963 0.054468749999999996 0.10641666666666667
0 0.7418125 0.655611111111111 0.29382291666666666 0.10335185185185186