8 0.635734375 0.4120941176470588 0.168515625 0.08095294117647059
7 0.716609375 0.3079882352941177 0.36824218750000004 0.20551764705882353
1 0.673640625 0.48258823529411765 0.364890625 0.10429411764705883
3 0.5055859375 0.3895882352941176 0.1493203125 0.28131764705882356
16 0.32818749999999997 0.27251764705882353 0.2699609375 0.09423529411764706
10 0.3748125 0.44503529411764703 0.1727421875 0.4661764705882353
11 0.254203125 0.4454117647058824 0.1599453125 0.45348235294117645
5 0.1665234375 0.38612941176470583 0.12296875 0.23743529411764705
13 0.128625 0.30921176470588235 0.03540625 0.11047058823529413
14 0.126828125 0.47950588235294117 0.025734374999999997 0.0746
18 0.4137421875 0.5190941176470588 0.0857109375 0.07310588235294117
9 0.8646171875 0.4265647058823529 0.0325546875 0.07292941176470588