8 0.5152884615384615 0.41111776447105786 0.13855769230769233 0.07874251497005988
9 0.750260989010989 0.4097205588822356 0.033681318681318684 0.07594810379241516
7 0.6229807692307692 0.3008183632734531 0.32858516483516487 0.1682435129740519
3 0.4316758241758242 0.37752495009980036 0.10406593406593408 0.26027944111776447
16 0.30630494505494504 0.28415169660678646 0.16649725274725274 0.07045908183632733
10 0.3400274725274725 0.45550898203592816 0.10291208791208792 0.33027944111776447
11 0.25722527472527473 0.4578243512974052 0.09368131868131868 0.2949700598802395
13 0.17739010989010986 0.3825149700598802 0.043914835164835166 0.1443313373253493
14 0.19175824175824174 0.48724550898203595 0.03248626373626373 0.07435129740518961
5 0.21173076923076922 0.45834331337325346 0.03864010989010989 0.12097804391217565
18 0.35789835164835165 0.5020359281437126 0.07101648351648351 0.06708582834331338
1 0.5826373626373627 0.45241516966067863 0.3112912087912088 0.09377245508982035