9 0.24151612903225808 0.5311827956989247 0.10733870967741935 0.14107526881720428
8 0.34708064516129034 0.7531182795698924 0.1498225806451613 0.04
7 0.2110645161290323 0.6406989247311828 0.28366129032258064 0.392741935483871
1 0.3953709677419355 0.5812688172043011 0.3270161290322581 0.34105376344086025
19 0.4826774193548387 0.3620645161290323 0.052612903225806446 0.05806451612903226
18 0.6221290322580646 0.6697096774193548 0.05519354838709677 0.03627956989247312
17 0.4873387096774193 0.3192150537634409 0.49367741935483866 0.16321505376344086
2 0.5030161290322581 0.3491612903225807 0.490483870967742 0.1282043010752688
12 0.6522903225806452 0.2735376344086021 0.38895161290322583 0.10550537634408602
0 0.8630483870967742 0.3053440860215054 0.14143548387096774 0.267
5 0.7400806451612904 0.20686021505376342 0.16732258064516128 0.07002150537634409