0 0.5925462962962963 0.21768749999999998 0.23967592592592596 0.26758333333333334
13 0.42376851851851854 0.27351041666666664 0.2910092592592593 0.42089583333333336
15 0.5929629629629629 0.34880208333333335 0.12939814814814815 0.22772916666666668
14 0.6036944444444444 0.13973958333333333 0.14160185185185187 0.10647916666666667
12 0.5616203703703704 0.5737447916666666 0.5204074074074073 0.20366145833333332
2 0.5769814814814814 0.7171145833333333 0.5233518518518518 0.19189583333333332
19 0.6062222222222222 0.7974114583333333 0.12813888888888889 0.07806770833333333
17 0.3153888888888889 0.6863854166666666 0.12053703703703704 0.26227083333333334
7 0.4443888888888889 0.8836979166666666 0.2581759259259259 0.056651041666666666
6 0.42819444444444443 0.48746354166666667 0.3831851851851852 0.32875000000000004
4 0.3966203703703704 0.8233125 0.41264814814814815 0.11142708333333333