7 0.7837872340425531 0.26016 0.43246808510638296 0.28848
3 0.5165106382978724 0.37864 0.2257446808510638 0.40688
10 0.34736170212765954 0.6221599999999999 0.2057872340425532 0.6628
11 0.16540425531914893 0.6527200000000001 0.15706382978723402 0.6232000000000001
18 0.3810212765957447 0.66272 0.11553191489361701 0.14552
1 0.7304255319148937 0.60736 0.437063829787234 0.13128
8 0.6731063829787234 0.5216799999999999 0.20480851063829789 0.14776
9 0.9401702127659575 0.53592 0.05182978723404255 0.14072
18 0.288468085106383 0.29024 0.3149787234042553 0.21231999999999998
13 0.034851063829787234 0.40104 0.05991489361702128 0.11984
14 0.04038297872340425 0.70192 0.0488936170212766 0.09944
5 0.10106382978723404 0.52552 0.10400000000000001 0.3984