8 0.45994921875 0.4162361111111111 0.18578515625 0.12027777777777778
9 0.8046054687499999 0.42414583333333333 0.06602734375 0.10137499999999999
7 0.602078125 0.2877638888888889 0.51448828125 0.26611805555555557
3 0.3506328125 0.476125 0.14050390625 0.22269444444444444
1 0.56807421875 0.5189444444444444 0.5183671875 0.14629861111111112
18 0.25230859375 0.6029513888888889 0.09520703124999999 0.07704166666666666
19 0.69782421875 0.6229166666666667 0.03996484375 0.06488888888888888
16 0.2158984375 0.2899861111111111 0.15435546875 0.21847222222222223
10 0.24948828125000003 0.47639583333333335 0.1242890625 0.6294930555555556
11 0.1817734375 0.48006249999999995 0.11909375 0.5604375
5 0.11612499999999999 0.4521111111111111 0.0659296875 0.24911805555555558