9 0.28938850238008057 0.50923828125 0.04779934090076895 0.111787109375
1 0.339556938850238 0.53370849609375 0.08469791285243501 0.28338134765625
4 0.2700695715854998 0.426455078125 0.19735261808861224 0.106943359375
7 0.23899304284145004 0.5697900390625 0.1711461003295496 0.24839599609375
19 0.3676894910289271 0.345078125 0.04158549981691688 0.059794921875
17 0.20121933357744415 0.2998046875 0.06811058220432076 0.17790771484375
2 0.3137165873306481 0.32741455078125 0.30367997070670083 0.11892822265625
12 0.3312229952398389 0.2418896484375 0.28370926400585866 0.10578369140625
13 0.2418051995606005 0.14943603515625 0.07697546686195533 0.0350732421875
6 0.3261662394727206 0.16584228515625 0.1509556938850238 0.0636572265625
15 0.338026363969242 0.14759521484375 0.03511900402782863 0.01870361328125
8 0.3044855364335408 0.6674560546875 0.04204320761625778 0.01936279296875
18 0.3941230318564628 0.55941162109375 0.028194800439399488 0.02744384765625