8 0.6094270833333333 0.49572222222222223 0.18472395833333335 0.14826851851851852
9 0.882875 0.5028796296296296 0.05453645833333333 0.1255462962962963
7 0.7208854166666666 0.3053148148148148 0.4519114583333333 0.3230092592592593
1 0.6733541666666666 0.5850185185185186 0.44279166666666664 0.14630555555555555
3 0.46915104166666666 0.45180555555555557 0.16458854166666667 0.46321296296296294
10 0.3286979166666667 0.5837962962962963 0.17795312500000002 0.5188611111111111
11 0.18007291666666667 0.5984166666666666 0.1176875 0.5064351851851853
5 0.11780729166666666 0.5882592592592593 0.079765625 0.24075925925925926
13 0.06513020833333333 0.48442592592592587 0.04926041666666667 0.3432777777777778
14 0.08720833333333333 0.6653796296296296 0.059557291666666665 0.10333333333333333
16 0.2821197916666666 0.3032314814814815 0.2592760416666667 0.17996296296296296
18 0.35231250000000003 0.6475 0.097578125 0.11387037037037037
19 0.73928125 0.6762222222222223 0.04339583333333333 0.06483333333333333