7 0.292378640776699 0.4996601941747573 0.4194538834951456 0.22221682847896443
9 0.41020631067961166 0.6376699029126214 0.17938106796116504 0.1196116504854369
8 0.13741504854368933 0.6424595469255664 0.05612864077669903 0.11297734627831714
1 0.3322087378640777 0.660453074433657 0.3971844660194174 0.1651618122977346
4 0.5483373786407767 0.5890291262135922 0.1366019417475728 0.3168284789644013
2 0.6845873786407767 0.653042071197411 0.1383373786407767 0.4415857605177993
12 0.7939927184466019 0.6684789644012945 0.12922330097087378 0.4077508090614887
15 0.8997572815533981 0.7164239482200647 0.03469660194174757 0.04733009708737864
6 0.8837621359223301 0.6434789644012945 0.0512378640776699 0.16679611650485437
17 0.7169902912621359 0.4590453074433657 0.25895631067961167 0.08597087378640778
19 0.6637257281553398 0.7388349514563107 0.09175970873786407 0.07598705501618123