8 0.37531481481481477 0.339609375 0.10949074074074074 0.15812500000000002
7 0.2656296296296296 0.3067447916666667 0.23457407407407407 0.267390625
1 0.5098333333333334 0.34677604166666665 0.23779629629629628 0.314125
3 0.4224537037037037 0.4719166666666667 0.3148888888888889 0.18732291666666667
10 0.5250740740740741 0.63109375 0.4867962962962963 0.16609374999999998
11 0.5707777777777778 0.764046875 0.4189537037037037 0.12366666666666666
5 0.5466203703703704 0.832578125 0.3224814814814815 0.10030729166666667
13 0.5369351851851851 0.8704999999999999 0.21051851851851852 0.04906770833333333
14 0.6681666666666667 0.8783124999999999 0.07601851851851851 0.03344270833333333
16 0.3301111111111111 0.667984375 0.19316666666666668 0.26279166666666665
18 0.5509907407407408 0.586234375 0.1015925925925926 0.07428645833333333