9 0.41220833333333334 0.5314296875 0.1847916666666667 0.1792109375
8 0.3957916666666667 0.8845703125 0.1292361111111111 0.06553125
7 0.22406944444444446 0.680015625 0.30851388888888887 0.53496875
4 0.3830138888888889 0.38953906250000003 0.43890277777777775 0.12589062499999998
2 0.5047083333333333 0.27745312499999997 0.6059027777777778 0.10875781250000001
12 0.5329583333333333 0.172734375 0.5304583333333334 0.0946328125
15 0.6248055555555556 0.074328125 0.07527777777777778 0.05015625
13 0.39326388888888886 0.062171875 0.21636111111111112 0.053179687499999996
6 0.46081944444444445 0.10840625 0.3338055555555556 0.0636171875
17 0.2553194444444445 0.2345703125 0.18919444444444444 0.230015625
19 0.5878749999999999 0.30665624999999996 0.098625 0.09293749999999999
1 0.5061111111111111 0.644703125 0.199 0.49559375