18 0.6128238341968912 0.6613333333333333 0.10243523316062175 0.10177777777777779
1 0.5551295336787565 0.322047619047619 0.22308290155440413 0.45671428571428574
8 0.4071502590673575 0.2893174603174603 0.1055699481865285 0.24661904761904763
7 0.24018134715025904 0.24714285714285714 0.3243264248704663 0.39506349206349206
3 0.4185233160621762 0.49566666666666664 0.3759067357512953 0.2493968253968254
10 0.5420466321243523 0.699952380952381 0.5423575129533679 0.17195238095238094
11 0.577901554404145 0.8359523809523809 0.475880829015544 0.10180952380952381
14 0.5972538860103627 0.9128253968253969 0.0655440414507772 0.047428571428571424
13 0.452538860103627 0.9058412698412698 0.1560880829015544 0.05817460317460317
5 0.4961139896373057 0.8727460317460318 0.2835233160621762 0.07309523809523809
16 0.3050777202072539 0.7201269841269842 0.18930051813471502 0.2757936507936508