9 0.40757812499999996 0.4086181640625 0.07726128472222221 0.09756591796875
1 0.4715755208333333 0.43377685546875 0.1387890625 0.243037109375
7 0.3321440972222222 0.46806396484375 0.18898003472222225 0.23470458984375
4 0.42181857638888887 0.32925537109375 0.2362456597222222 0.09526123046875
17 0.34404947916666667 0.2152783203125 0.1363237847222222 0.1436474609375
2 0.4593489583333333 0.24276123046875 0.3507161458333333 0.1164892578125
12 0.48336371527777783 0.1783154296875 0.31299045138888887 0.0866650390625
19 0.5213368055555556 0.25843994140625 0.04133246527777778 0.0631201171875
6 0.5031901041666667 0.12581787109375 0.23213975694444444 0.05727294921875
9 0.5175998263888889 0.7218505859375 0.03565972222222222 0.0618603515625
4 0.49868055555555557 0.6630517578125 0.14433159722222222 0.07982421875
17 0.4509071180555556 0.5916162109375 0.056519097222222224 0.08830810546875
2 0.544453125 0.58691162109375 0.23407986111111112 0.0977197265625
12 0.556875 0.5167822265625 0.20510850694444444 0.07926513671875
6 0.582109375 0.47203125 0.10726562499999999 0.04712158203125
1 0.5588020833333334 0.7189501953125 0.06528645833333332 0.13948486328125
7 0.4773697916666666 0.73853759765625 0.1272048611111111 0.14085693359375
19 0.572578125 0.60888916015625 0.03361979166666666 0.04333740234375