16 0.35030107526881715 0.3155322580645161 0.3589247311827957 0.14264516129032256
18 0.45917204301075265 0.6074838709677419 0.08741935483870968 0.09351612903225806
7 0.8008924731182796 0.3740483870967742 0.35956989247311827 0.26370967741935486
3 0.5857096774193549 0.4637096774193548 0.17650537634408603 0.32611290322580644
10 0.4062688172043011 0.5528225806451613 0.1859032258064516 0.4922258064516129
11 0.23213978494623655 0.5661935483870968 0.18710752688172042 0.4544838709677419
13 0.058010752688172046 0.47858064516129034 0.08078494623655913 0.22680645161290322
14 0.06186021505376344 0.6335161290322581 0.05353763440860215 0.08909677419354839
5 0.11452688172043012 0.5318064516129033 0.09973118279569892 0.20825806451612905
8 0.7283118279569893 0.5147741935483872 0.18213978494623653 0.11775806451612904
1 0.7511612903225807 0.5704838709677419 0.351505376344086 0.11625806451612902