1 0.30222000000000004 0.6731466666666667 0.45596 0.11928
9 0.38483999999999996 0.59976 0.18824000000000002 0.10429333333333334
8 0.06944 0.61136 0.044899999999999995 0.08669333333333333
7 0.24575999999999998 0.45816 0.47476 0.3010666666666667
17 0.74676 0.45957333333333333 0.28856 0.20346666666666666
2 0.68232 0.6507200000000001 0.22084 0.6297333333333334
12 0.8078 0.6605866666666667 0.21004 0.55984
19 0.63832 0.7011200000000001 0.11638 0.09677333333333334
4 0.53328 0.53432 0.18212 0.3746133333333333
13 0.9701799999999999 0.55264 0.0342 0.15117333333333333
14 0.9672999999999999 0.75792 0.03744 0.07237333333333333
6 0.91886 0.6385333333333333 0.12215999999999999 0.41712