8 0.39664814814814814 0.3907864583333333 0.10762037037037038 0.169265625
9 0.3797037037037037 0.16664583333333333 0.0783611111111111 0.054322916666666665
7 0.2801666666666667 0.30438541666666663 0.2311388888888889 0.35844270833333336
1 0.44357407407407407 0.3431354166666667 0.1274074074074074 0.3708385416666667
3 0.3596111111111111 0.5137239583333334 0.32058333333333333 0.123921875
10 0.41117592592592594 0.657546875 0.42371296296296296 0.16111979166666668
16 0.21755555555555556 0.6759322916666667 0.08276851851851852 0.24736979166666667
5 0.3469814814814815 0.7980677083333333 0.29533333333333334 0.11664583333333334
13 0.31362962962962965 0.8675937499999999 0.21473148148148147 0.060385416666666664
14 0.43578703703703703 0.8565364583333334 0.08405555555555555 0.03045833333333333
18 0.4972407407407407 0.6085104166666666 0.0958425925925926 0.08648958333333333