9 0.4643131868131868 0.48945054945054944 0.18892857142857142 0.13195604395604396
8 0.19326923076923075 0.4952087912087912 0.05663461538461538 0.1104835164835165
7 0.3558379120879121 0.30336263736263736 0.4412774725274725 0.22131868131868132
1 0.3977197802197803 0.5422197802197802 0.39913461538461537 0.11294505494505494
4 0.6012087912087912 0.48542857142857143 0.1410576923076923 0.2631208791208791
2 0.6949725274725275 0.5056923076923077 0.10225274725274724 0.5453846153846154
12 0.774739010989011 0.5328351648351648 0.07392857142857143 0.4772307692307692
13 0.8480082417582417 0.4241318681318681 0.03972527472527473 0.1294945054945055
6 0.8209478021978022 0.5283076923076923 0.04596153846153846 0.18402197802197803
17 0.7357692307692307 0.28657142857142853 0.14346153846153845 0.12180219780219781
19 0.6896153846153846 0.6138681318681318 0.09008241758241758 0.10606593406593406
18 0.31861263736263734 0.6297802197802198 0.03489010989010989 0.060967032967032965