7 0.39399375 0.349725 0.35188125 0.17210833333333334
9 0.47786875 0.4403333333333333 0.12588749999999999 0.07416666666666667
8 0.25868125 0.44015 0.0343875 0.06129166666666666
1 0.4152625 0.48037500000000005 0.33348750000000005 0.07925
4 0.5621 0.417875 0.11502499999999999 0.20425
2 0.64019375 0.47367499999999996 0.08227499999999999 0.28001666666666664
12 0.68916875 0.4777416666666666 0.07651875000000001 0.273175
13 0.7437874999999999 0.4282166666666667 0.02021875 0.08325833333333334
15 0.74048125 0.5099666666666667 0.01830625 0.044675
6 0.7258875 0.47195000000000004 0.03755 0.1207
17 0.65986875 0.352775 0.10708125 0.08653333333333334
19 0.637675 0.5158833333333332 0.054875 0.06691666666666667
18 0.351475 0.5217999999999999 0.04341249999999999 0.04750833333333333