8 0.5993428571428572 0.5221666666666667 0.18695714285714288 0.15683333333333332
9 0.8546857142857143 0.4833666666666666 0.03365714285714286 0.09473333333333334
3 0.45202857142857145 0.45399999999999996 0.14874285714285715 0.5169
7 0.6961142857142857 0.3329666666666667 0.40832857142857143 0.3177
1 0.6425857142857143 0.6002333333333333 0.41147142857142854 0.1552
10 0.31765714285714286 0.5367333333333334 0.11877142857142857 0.6109666666666667
11 0.20614285714285716 0.5220333333333333 0.108 0.5625
16 0.2773428571428571 0.2679666666666667 0.23462857142857144 0.1492
14 0.12311428571428572 0.5671333333333333 0.023571428571428573 0.1003
13 0.11045714285714285 0.3833 0.04518571428571429 0.20406666666666667
5 0.1468142857142857 0.42113333333333336 0.053514285714285716 0.32739999999999997
18 0.3388 0.6802666666666667 0.0876 0.10756666666666667