7 0.31395881006864984 0.2321375 0.2097025171624714 0.201375
1 0.5145766590389016 0.27615 0.13610983981693364 0.1956625
3 0.40302059496567505 0.39832500000000004 0.3592219679633867 0.1366875
8 0.4389016018306636 0.28525 0.11061784897025173 0.12636250000000002
10 0.48416475972540046 0.5401125 0.3842105263157895 0.17328749999999998
11 0.5032723112128147 0.6947375 0.3667734553775744 0.1390375
16 0.2876887871853547 0.587025 0.11139588100686498 0.28928750000000003
13 0.3220137299771167 0.8480500000000001 0.09995423340961099 0.0738375
14 0.5446224256292906 0.8487625 0.0760411899313501 0.0752625
5 0.3820823798627002 0.7779625 0.32308924485125856 0.1430375
18 0.52837528604119 0.505425 0.07215102974828376 0.06358749999999999