9 0.3897560975609756 0.5299313186813187 0.08802439024390245 0.10471153846153847
8 0.38634146341463416 0.6858241758241758 0.06899999999999999 0.034175824175824175
7 0.2821219512195122 0.5977335164835165 0.1776341463414634 0.23115384615384615
1 0.4109024390243902 0.5778708791208791 0.060487804878048786 0.21888736263736264
4 0.35473170731707315 0.4578021978021978 0.2171951219512195 0.09092032967032966
2 0.39502439024390246 0.39616758241758243 0.2733658536585366 0.07693681318681318
12 0.40917073170731705 0.34005494505494505 0.24878048780487805 0.04773351648351648
13 0.33560975609756094 0.2855494505494505 0.08543902439024391 0.02572802197802198
6 0.39890243902439027 0.31362637362637363 0.15104878048780487 0.029862637362637362
17 0.26558536585365855 0.3759203296703297 0.05919512195121951 0.11949175824175823
19 0.4531463414634146 0.40423076923076917 0.0684390243902439 0.05247252747252747