8 0.539203125 0.4974722222222222 0.1526875 0.1303888888888889
9 0.7984453125 0.5051805555555556 0.034195312500000005 0.11495833333333333
1 0.6432265625 0.553875 0.3005390625 0.13827777777777778
7 0.6506796875 0.3122083333333333 0.37756249999999997 0.25677777777777777
3 0.42615625 0.4447361111111111 0.10100781249999999 0.17
16 0.3067421875 0.3547222222222222 0.1662265625 0.21837499999999999
10 0.3339453125 0.5106527777777778 0.11876562500000001 0.5950416666666667
11 0.2621796875 0.5308888888888889 0.109515625 0.5243888888888889
5 0.197125 0.5217361111111111 0.0684375 0.076375
13 0.182125 0.5579027777777777 0.056765625 0.10004166666666667
14 0.18882812499999999 0.6312916666666666 0.0232890625 0.049277777777777775
19 0.6740625 0.6405555555555555 0.040640625 0.05544444444444445
18 0.3471171875 0.6210833333333333 0.072515625 0.07516666666666666