9 0.4578333333333333 0.5016111111111111 0.13233333333333333 0.21155555555555555
8 0.46427777777777773 0.8552777777777778 0.11488888888888889 0.06701851851851852
7 0.29324999999999996 0.6471296296296296 0.3283888888888889 0.5261481481481481
1 0.5283333333333333 0.6067222222222222 0.15208333333333332 0.5396296296296296
4 0.4475277777777778 0.3536111111111111 0.31369444444444444 0.1344074074074074
2 0.5058333333333334 0.24111111111111108 0.49094444444444446 0.1114074074074074
12 0.5345277777777778 0.17057407407407407 0.44730555555555557 0.11177777777777778
17 0.2881944444444444 0.21133333333333335 0.13644444444444442 0.1831851851851852
4 0.5021666666666667 0.10112962962962962 0.24116666666666664 0.0335
19 0.5956944444444444 0.2489074074074074 0.11375 0.08661111111111111
18 0.6100555555555556 0.7030555555555555 0.10341666666666666 0.0656111111111111