19 0.7125277777777778 0.34466406250000003 0.1077638888888889 0.126484375
17 0.3297777777777778 0.28433593749999997 0.2756111111111111 0.30270312499999996
2 0.5895416666666667 0.306734375 0.7340277777777777 0.21624218750000002
12 0.5975694444444445 0.1776640625 0.6834027777777778 0.154984375
2 0.4680694444444444 0.52971875 0.5077499999999999 0.3090859375
7 0.2791666666666667 0.7909843750000001 0.4855 0.325375
1 0.6654583333333334 0.690375 0.19695833333333335 0.443265625
9 0.5425972222222223 0.727453125 0.15125 0.26080468749999997
13 0.5169861111111111 0.0557109375 0.2025 0.0461484375
6 0.5994027777777777 0.10735937499999999 0.3833888888888889 0.10672656250000001
15 0.6895277777777777 0.06109375 0.05497222222222222 0.04371875