19 0.3954395604395604 0.535375 0.04034340659340659 0.042275
17 0.43817307692307694 0.38755 0.15329670329670328 0.06849999999999999
9 0.2570192307692308 0.4746 0.08972527472527471 0.05825
7 0.22739010989010988 0.403775 0.16270604395604396 0.091575
4 0.3353846153846154 0.44675 0.07648351648351648 0.08065
6 0.5348076923076923 0.444925 0.047032967032967034 0.050949999999999995
2 0.41633241758241757 0.476775 0.09929945054945055 0.28445
12 0.48539835164835166 0.47755000000000003 0.08633241758241758 0.282875
13 0.562760989010989 0.4228 0.02471153846153846 0.095225
15 0.5601373626373626 0.4951 0.017747252747252747 0.036725
1 0.24519230769230768 0.50725 0.17597527472527474 0.07352500000000001