16 0.311265625 0.37041666666666667 0.33426041666666667 0.17875925925925926
10 0.36684895833333336 0.5736666666666667 0.22134895833333335 0.5760000000000001
11 0.19542708333333333 0.575462962962963 0.173578125 0.5888518518518518
5 0.09549479166666666 0.6267407407407407 0.109546875 0.3272037037037037
14 0.05378645833333333 0.6097685185185184 0.030989583333333334 0.06487962962962962
13 0.05325 0.47946296296296304 0.048203125 0.22400925925925927
18 0.38260937500000003 0.6920740740740742 0.07872916666666667 0.10601851851851851
3 0.5380625 0.6017037037037037 0.19225 0.3141759259259259
7 0.7781041666666667 0.4141296296296296 0.35115104166666666 0.2970555555555556
1 0.7597291666666667 0.640287037037037 0.33696875 0.13825925925925925
8 0.6828802083333334 0.5743611111111111 0.17610416666666667 0.10826851851851853