14 0.44361874999999995 0.5906 0.125975 0.15125555555555556
15 0.2837875 0.5773111111111111 0.060493750000000006 0.14195555555555556
0 0.35529375 0.524988888888889 0.2104375 0.3138777777777778
13 0.388975 0.3292 0.2958625 0.12227777777777778
5 0.5247437500000001 0.4816444444444445 0.06600625 0.2099
11 0.58515625 0.5065333333333333 0.08260624999999999 0.32387777777777776
10 0.66890625 0.4966111111111111 0.08595000000000001 0.2966222222222222
7 0.77003125 0.40126666666666666 0.0274 0.10218888888888888
3 0.7315 0.4217666666666666 0.0476375 0.1570777777777778
16 0.660225 0.3116555555555556 0.13904375 0.08963333333333333
18 0.7138125 0.5225666666666666 0.044649999999999995 0.06146666666666667