18 0.3226625 0.6276888888888889 0.04301875 0.0549
19 0.6877312499999999 0.5984777777777778 0.0856625 0.09648888888888889
9 0.50751875 0.5088555555555556 0.15440625 0.12096666666666667
8 0.25210625 0.5147555555555555 0.04775 0.09571111111111111
7 0.40245624999999996 0.3446666666666667 0.42135625 0.27775555555555553
1 0.4349375 0.5762666666666667 0.36965000000000003 0.1039111111111111
4 0.62205625 0.46026666666666666 0.09360625 0.346
2 0.7010875 0.5391666666666667 0.09116250000000001 0.5112
12 0.7723 0.5562555555555555 0.09646874999999999 0.46692222222222224
15 0.8438500000000001 0.6218777777777779 0.029143750000000003 0.07662222222222222
6 0.83139375 0.5006 0.03131875 0.20814444444444447
17 0.7459749999999999 0.32130000000000003 0.13965 0.11251111111111112