1 0.5039 0.7473901098901099 0.0508 0.19126373626373627
9 0.4718 0.7443131868131868 0.04565 0.09266483516483516
19 0.5325500000000001 0.6076923076923076 0.04335 0.04446428571428571
17 0.3898 0.5569368131868132 0.060125000000000005 0.1519230769230769
2 0.483525 0.5846153846153846 0.2281 0.11083791208791209
12 0.48442500000000005 0.5045879120879121 0.23717500000000002 0.06732142857142857
7 0.425825 0.7714285714285715 0.16144999999999998 0.1729532967032967
15 0.49565 0.4400274725274725 0.030475 0.02260989010989011
13 0.438625 0.44490384615384615 0.116325 0.039052197802197805
4 0.452 0.6635302197802198 0.20895 0.09383241758241759
6 0.47485 0.47343406593406595 0.187975 0.061648351648351654