19 0.7152916666666667 0.260671875 0.10191666666666667 0.14585937499999999
18 0.7489166666666667 0.6159375 0.09625 0.10246875
7 0.3061875 0.727859375 0.30454166666666665 0.474765625
1 0.5886458333333333 0.658 0.26527083333333334 0.59675
9 0.4491875 0.65965625 0.15114583333333334 0.295375
4 0.5246041666666666 0.466359375 0.35072916666666665 0.291609375
2 0.6338541666666667 0.24151562499999998 0.4589375 0.159359375
12 0.6820416666666667 0.13670312499999998 0.35310416666666666 0.1028125
6 0.6361041666666666 0.086328125 0.22716666666666668 0.06609374999999999
13 0.6430833333333333 0.044687500000000005 0.11375 0.042015625
17 0.44304166666666667 0.226125 0.23447916666666666 0.26818749999999997