8 0.5615234375 0.46484027777777776 0.123265625 0.07860416666666667
7 0.6316953125 0.38064583333333335 0.28856640625 0.1914583333333333
1 0.59103125 0.5210694444444445 0.29862109375 0.09268055555555556
3 0.467875 0.4520138888888889 0.09571484375 0.23695833333333335
16 0.35859765625 0.3691666666666667 0.1775546875 0.13725694444444445
10 0.38144140625 0.5020625 0.11211718749999999 0.4146111111111111
11 0.3176875 0.49443750000000003 0.11483984375 0.4051597222222222
18 0.39967578125 0.5757569444444445 0.0582890625 0.057375
5 0.26760937500000004 0.4860555555555555 0.06851171874999999 0.24602777777777776
9 0.737 0.4742013888888889 0.02065625 0.06606944444444444
19 0.6397109375000001 0.5877152777777778 0.03133984375 0.039625