9 0.268506588579795 0.10048828125 0.05923865300146413 0.04154296875
8 0.2590775988286969 0.25111328125 0.04939970717423134 0.097880859375
7 0.18970717423133235 0.182998046875 0.13032210834553443 0.240107421875
1 0.29486090775988283 0.2 0.06976573938506589 0.216083984375
3 0.24257686676427526 0.32189453125 0.19762811127379207 0.048505859375
10 0.2776427525622255 0.381025390625 0.2622693997071742 0.067314453125
11 0.2786822840409956 0.43896484375 0.2551976573938507 0.050126953125
14 0.30995607613469983 0.479765625 0.04622254758418741 0.02064453125
16 0.15875549048316254 0.3946875 0.057437774524158124 0.12759765625
5 0.24481698389458273 0.466005859375 0.13988286969253294 0.024873046875
18 0.30699853587115666 0.370419921875 0.05878477306002928 0.047314453125
18 0.3281405563689605 0.79640625 0.04480234260614934 0.039931640625
9 0.24253294289897512 0.488232421875 0.05295754026354319 0.03271484375
8 0.24718887262079065 0.661103515625 0.0586090775988287 0.10623046875
7 0.1776866764275256 0.5987890625 0.11609077598828697 0.27412109375
1 0.2879502196193265 0.598232421875 0.08524158125915081 0.244169921875
3 0.2409077598828697 0.72328125 0.19428989751098094 0.092236328125
10 0.28550512445095166 0.802451171875 0.26319180087847727 0.066396484375
11 0.2858857979502196 0.8565234375 0.264099560761347 0.066171875
16 0.15604685212298683 0.824208984375 0.06118594436310395 0.129697265625
14 0.31038067349926796 0.916884765625 0.040395314787701316 0.020859375
5 0.24032210834553439 0.8991015625 0.1638506588579795 0.0353515625
13 0.20875549048316253 0.921318359375 0.09887262079062958 0.017529296875