19 0.19841068917018284 0.615375 0.052545710267229255 0.08795
4 0.16264416315049227 0.4535 0.09037974683544304 0.310375
7 0.10471167369901548 0.40075000000000005 0.027454289732770743 0.22024999999999997
2 0.2832911392405063 0.550475 0.15263009845288325 0.4938
12 0.42137834036568217 0.5503750000000001 0.1809423347398031 0.49829999999999997
17 0.3180590717299578 0.29774999999999996 0.2637271448663854 0.087325
6 0.4931364275668073 0.46582500000000004 0.15947960618846696 0.334675
13 0.7261603375527426 0.39042499999999997 0.370182841068917 0.23037500000000002
15 0.6547398030942334 0.602 0.18841068917018286 0.1252
14 0.8674964838255977 0.606625 0.059971870604782 0.10894999999999999
0 0.769282700421941 0.5783 0.24655414908579468 0.22149999999999997