9 0.5480859375 0.5443576388888889 0.10642578125 0.08428819444444444
8 0.290068359375 0.5403298611111111 0.054248046875 0.07914930555555556
7 0.439482421875 0.42456597222222225 0.403544921875 0.19484375
1 0.4560546875 0.6032986111111112 0.3585546875 0.09802083333333333
4 0.63998046875 0.5042013888888889 0.078828125 0.2962326388888889
2 0.69298828125 0.56296875 0.066708984375 0.37614583333333335
17 0.71677734375 0.39447916666666666 0.102001953125 0.09704861111111111
12 0.72361328125 0.5623784722222223 0.052802734375 0.3720659722222222
6 0.765234375 0.5237152777777778 0.02728515625 0.19927083333333334
19 0.684521484375 0.6513194444444445 0.073291015625 0.07833333333333332
18 0.35625 0.6463194444444444 0.041748046875 0.05675347222222222