8 0.5175645161290322 0.2691182795698925 0.11761290322580645 0.1906989247311828
7 0.36203225806451617 0.19635483870967743 0.24432258064516127 0.36970967741935484
3 0.46174193548387094 0.41031182795698923 0.3423709677419355 0.17821505376344088
1 0.5692096774193549 0.24229032258064517 0.11488709677419355 0.36436559139784946
10 0.5561290322580645 0.5912043010752689 0.4971774193548387 0.18509677419354836
11 0.5725645161290323 0.7843978494623656 0.4642903225806452 0.20436559139784946
16 0.3270483870967742 0.6549677419354839 0.10480645161290324 0.35996774193548386
18 0.6062903225806451 0.5342043010752688 0.09519354838709677 0.08798924731182796
14 0.6324677419354838 0.9393763440860216 0.0847258064516129 0.05348387096774194
13 0.4334677419354839 0.9443978494623656 0.22716129032258064 0.08810752688172042
5 0.5600967741935484 0.9132688172043011 0.175 0.08896774193548386