9 0.6186015625 0.4421166509877705 0.10985156250000001 0.08831608654750706
8 0.4846640625 0.4995296331138288 0.02055078125 0.06873000940733773
7 0.5758593750000001 0.35245531514581374 0.23084375000000001 0.22614299153339604
4 0.70133984375 0.40850423330197555 0.06171875 0.2629821260583255
2 0.76942578125 0.476340545625588 0.07510546875 0.36660395108184385
12 0.8345898437500001 0.4895860771401693 0.055265625 0.35231420507996236
1 0.59635546875 0.5350517403574788 0.218265625 0.134412041392286
17 0.77921875 0.3067450611476952 0.12751953124999998 0.07827845719661335
15 0.8849453125 0.5031890874882408 0.0175390625 0.049190968955785515
13 0.8813671875000001 0.4083443085606773 0.022664062500000002 0.13633113828786453
6 0.8618867187499999 0.4367826904985889 0.04843359375 0.20396989651928504
19 0.76336328125 0.525964252116651 0.0455859375 0.0866603951081844