9 0.51236328125 0.2416398243045388 0.031337890625 0.053352855051244506
8 0.33626953125 0.24607613469985357 0.107529296875 0.0508199121522694
7 0.40025390625 0.19213762811127377 0.26572265625 0.14853587115666178
1 0.395859375 0.2917715959004392 0.2440234375 0.08506588579795023
3 0.269287109375 0.23699853587115666 0.08447265625 0.19461200585651536
16 0.173798828125 0.16973645680819913 0.13056640625 0.09944363103953148
10 0.19888671875 0.2746266471449487 0.091875 0.2995461200585652
11 0.14607421875 0.27316251830161054 0.094599609375 0.29486090775988283
18 0.20732421875 0.32623718887262076 0.043525390625 0.04405563689604685
5 0.10064453125 0.2691215226939971 0.05521484375 0.18493411420204978
9 0.897373046875 0.2679355783308931 0.0394921875 0.05597364568081991
8 0.756650390625 0.2513909224011713 0.113388671875 0.05859443631039532
7 0.818779296875 0.19468521229868227 0.2280078125 0.13648609077598828
1 0.78740234375 0.29806734992679357 0.23572265625 0.059136163982430455
16 0.603046875 0.17481698389458272 0.12537109375 0.0924597364568082
10 0.626044921875 0.2729575402635432 0.075849609375 0.3073206442166911
11 0.5715625 0.26749633967789166 0.083583984375 0.2878184480234261
18 0.630751953125 0.30660322108345534 0.038544921875 0.054773060029282575
3 0.6864453125 0.23850658857979504 0.08375 0.16431918008784774