19 0.37278860569715144 0.15909 0.058365817091454275 0.04963
9 0.31268365817091454 0.25015 0.04431784107946027 0.07881999999999999
1 0.34436281859070467 0.29142 0.06452773613193404 0.20453
8 0.31761619190404794 0.39768000000000003 0.024887556221889057 0.02856
7 0.25859070464767614 0.3063 0.10869565217391304 0.22502
17 0.24544227886056974 0.13605 0.0623688155922039 0.06953
2 0.322623688155922 0.15983 0.23676161919040478 0.0585
12 0.3298200899550225 0.12445999999999999 0.2018440779610195 0.05251
4 0.30164917541229386 0.19 0.123928035982009 0.060270000000000004
9 0.2994302848575712 0.48905 0.04688155922038981 0.037770000000000005
8 0.30251874062968515 0.68959 0.06671664167916042 0.11634
7 0.2186206896551724 0.60849 0.14263868065967017 0.30395999999999995
1 0.34752623688155926 0.63378 0.08068965517241379 0.30771
18 0.37400299850074964 0.82262 0.05371814092953523 0.0456
10 0.320119940029985 0.80951 0.3417391304347826 0.06489
11 0.31998500749625186 0.8500700000000001 0.32530734632683656 0.07970000000000001
16 0.21142428785607198 0.84953 0.10677661169415292 0.08771
3 0.3132383808095952 0.77679 0.21685157421289353 0.07487