1 0.615074074074074 0.29923958333333334 0.13685185185185186 0.37586458333333334
8 0.5433888888888889 0.33030208333333333 0.10461111111111111 0.18105208333333334
7 0.3583703703703704 0.24590625 0.2716111111111111 0.35601041666666666
3 0.49796296296296294 0.47641666666666665 0.38755555555555554 0.21285416666666668
10 0.5816481481481481 0.6230104166666667 0.5823703703703704 0.20048958333333333
11 0.5888518518518518 0.7495416666666667 0.5844259259259259 0.14801041666666667
5 0.6034259259259259 0.8521562500000001 0.4180925925925926 0.152625
13 0.43192592592592594 0.8970104166666667 0.14094444444444446 0.050583333333333334
14 0.694462962962963 0.8930520833333334 0.054907407407407405 0.04614583333333333
18 0.6744074074074075 0.5816354166666666 0.09503703703703703 0.10733333333333334
16 0.37927777777777777 0.6711354166666667 0.18587037037037038 0.27397916666666666