1 0.5540166666666667 0.6391749999999999 0.5307166666666667 0.16237500000000002
8 0.4301333333333333 0.5384 0.20871666666666666 0.113975
9 0.8077833333333334 0.5429999999999999 0.08616666666666667 0.10755
7 0.5877 0.396575 0.5689333333333334 0.31155
10 0.20026666666666665 0.59385 0.14346666666666666 0.627975
11 0.14168333333333336 0.603225 0.1356 0.584225
18 0.2123 0.6992499999999999 0.08605 0.095025
16 0.16986666666666667 0.37305 0.17715 0.18637499999999999
3 0.2844833333333333 0.52085 0.12706666666666666 0.410125
19 0.7258333333333333 0.71505 0.06108333333333333 0.08287499999999999
5 0.07588333333333333 0.535625 0.06511666666666667 0.33895000000000003