1 0.45807870370370374 0.6495364583333333 0.1286064814814815 0.36909635416666664
9 0.3879768518518518 0.6337760416666666 0.08104166666666668 0.13444791666666667
7 0.27841203703703704 0.7239687499999999 0.2739074074074074 0.29660677083333337
17 0.24780092592592592 0.3280182291666666 0.16638425925925926 0.266859375
2 0.4152638888888889 0.3693958333333333 0.47353240740740743 0.18641927083333334
12 0.43352777777777773 0.2421640625 0.44524074074074077 0.13768489583333335
19 0.49936111111111103 0.41663281249999995 0.09543055555555556 0.08037239583333333
4 0.3532685185185185 0.5015494791666667 0.35880092592592594 0.17208072916666667
6 0.4481759259259259 0.1796692708333333 0.2801157407407407 0.13075
13 0.3305 0.10545833333333333 0.20677777777777778 0.0361484375
15 0.5060462962962963 0.14010416666666667 0.05324537037037037 0.045546875