8 0.3943462897526502 0.17613394216133943 0.08897526501766784 0.09484018264840183
16 0.23816254416961133 0.49940639269406395 0.18494699646643112 0.33211567732115677
7 0.2974911660777385 0.184779299847793 0.1779858657243816 0.1256468797564688
3 0.33830388692579505 0.29423135464231354 0.2988339222614841 0.16829528158295282
1 0.4628621908127209 0.23438356164383564 0.08462897526501767 0.17074581430745817
18 0.4912014134275618 0.40133942161339425 0.12565371024734984 0.04126331811263318
10 0.38434628975265017 0.44275494672754945 0.4929681978798586 0.20190258751902587
11 0.41053003533568905 0.6169406392694063 0.5453356890459364 0.17820395738203956
5 0.4107420494699646 0.7111719939117199 0.4122614840989399 0.14004566210045663
14 0.4790106007067138 0.7994824961948249 0.10120141342756184 0.08666666666666667
13 0.28180212014134276 0.8090715372907152 0.27219081272084805 0.1126027397260274