7 0.7510416666666667 0.3717037037037037 0.3404375 0.28318518518518515
8 0.6620416666666666 0.5459814814814814 0.17610416666666667 0.11014814814814815
1 0.69809375 0.6100185185185185 0.3768958333333333 0.1302037037037037
3 0.5292395833333333 0.5113518518518518 0.20063541666666668 0.3742037037037037
18 0.41178125 0.675611111111111 0.08460416666666666 0.0977962962962963
10 0.3702708333333333 0.566462962962963 0.18827083333333333 0.5986296296296296
11 0.2359375 0.5685185185185185 0.20676041666666667 0.5780555555555555
16 0.32429166666666664 0.39785185185185185 0.26307291666666666 0.25831481481481483
5 0.16065625 0.5860185185185185 0.15805208333333332 0.3784814814814815
13 0.09883333333333333 0.4366851851851852 0.07208333333333333 0.12027777777777779
14 0.11267708333333333 0.6987592592592592 0.052125 0.07892592592592593