19 0.57128125 0.6687638888888888 0.044703124999999996 0.07320833333333333
18 0.2737734375 0.6472361111111111 0.07859374999999999 0.07527777777777778
1 0.5016796875 0.5614583333333333 0.32063281250000003 0.1711111111111111
9 0.658734375 0.4926111111111111 0.0438203125 0.07854166666666666
8 0.43238281250000005 0.4680833333333333 0.1182890625 0.10238888888888889
7 0.5302265625 0.3313333333333333 0.343453125 0.2497083333333333
3 0.3337890625 0.491 0.0970625 0.28365277777777775
10 0.23115625 0.5889444444444445 0.110546875 0.4725833333333333
16 0.2308046875 0.4049583333333333 0.1254609375 0.1497638888888889
14 0.1505 0.7095555555555555 0.021492187500000003 0.06102777777777778
5 0.170078125 0.6520277777777778 0.0586953125 0.18555555555555556