8 0.5823150565709313 0.4098694516971279 0.18094865100087032 0.11110966057441253
9 0.8830374238468234 0.3977154046997389 0.062184508268059185 0.09984334203655353
7 0.705065274151436 0.28446475195822457 0.4517580504786772 0.22257180156657966
1 0.6638729329852044 0.45792428198433416 0.45501305483028714 0.115822454308094
3 0.45077458659704095 0.3760966057441253 0.13543951261966927 0.32097911227154047
10 0.31280243690165366 0.4348041775456919 0.14234986945169714 0.44668407310704966
11 0.20514360313315927 0.4351697127937337 0.1598433420365535 0.44890339425587467
14 0.06583986074847695 0.44998694516971277 0.04876414273281114 0.09016971279373368
13 0.059608355091383805 0.3127937336814621 0.04935596170583116 0.1748041775456919
5 0.11360313315926893 0.3448172323759791 0.10809399477806789 0.2323107049608355
16 0.2736901653611837 0.2397780678851175 0.2621235857267189 0.11033942558746736
18 0.338964316797215 0.5240600522193212 0.08805047867711054 0.07840731070496083
19 0.737745865970409 0.52088772845953 0.052088772845953 0.0610443864229765