7 0.7775599999999999 0.4055466666666667 0.38758 0.23909333333333332
1 0.76342 0.5871466666666667 0.37142000000000003 0.10701333333333334
9 0.93616 0.5002666666666666 0.06296 0.10442666666666665
8 0.70502 0.5274933333333334 0.18596000000000001 0.09
10 0.37714 0.5697066666666666 0.19286 0.43818666666666667
11 0.2132 0.58152 0.15925999999999998 0.4210133333333333
13 0.07490000000000001 0.4571733333333333 0.10046 0.13677333333333333
14 0.0644 0.59024 0.08056 0.11858666666666666
16 0.32148000000000004 0.3871733333333333 0.3225 0.11528
18 0.42260000000000003 0.6536 0.12028 0.12074666666666667
3 0.54826 0.47112 0.2205 0.3833866666666667
5 0.11948 0.5313599999999999 0.13732 0.3576266666666667