19 0.8397125 0.6444509803921569 0.044175000000000006 0.13152941176470587
18 0.4993625 0.565764705882353 0.1884625 0.1428235294117647
7 0.7242624999999999 0.33123529411764707 0.493275 0.3874705882352941
3 0.4149875 0.39698039215686276 0.1253875 0.409156862745098
10 0.2577625 0.5624705882352942 0.1852625 0.6303529411764707
11 0.1076375 0.5791372549019608 0.11502499999999999 0.5970196078431373
16 0.247475 0.25698039215686275 0.2922 0.137
13 0.0364375 0.39319607843137255 0.030125000000000002 0.13884313725490197
11 0.091325 0.4032352941176471 0.1001 0.30401960784313725
18 0.2609375 0.6406274509803922 0.0857125 0.09643137254901961
1 0.6113000000000001 0.6675098039215687 0.43735 0.14239215686274512