9 0.40561224489795916 0.08235374149659865 0.08757142857142856 0.09389115646258504
8 0.3912857142857143 0.40114285714285713 0.10559183673469388 0.18726530612244896
7 0.2819591836734694 0.25987755102040816 0.20763265306122447 0.48393197278911565
1 0.46855102040816327 0.2809931972789116 0.126 0.45229931972789117
3 0.3788367346938775 0.5440952380952381 0.33724489795918366 0.1410204081632653
13 0.340265306122449 0.9657142857142856 0.20763265306122447 0.06858503401360544
5 0.4018979591836735 0.8911292517006802 0.36004081632653057 0.08658503401360544
10 0.4863265306122449 0.6693605442176871 0.4880816326530612 0.15227210884353742
11 0.4824897959183673 0.806952380952381 0.47455102040816327 0.16312925170068027
16 0.2388979591836735 0.7188843537414966 0.0923265306122449 0.2862993197278912
18 0.5313673469387755 0.6429659863945578 0.1116938775510204 0.09559183673469389
19 0.5751020408163265 0.21076190476190476 0.08255102040816327 0.06306122448979593
14 0.5781632653061225 0.9291156462585034 0.07114285714285715 0.04593197278911564