18 0.4193818681318681 0.5896288659793815 0.07130494505494506 0.06843298969072165
19 0.7077747252747253 0.5612577319587628 0.03332417582417583 0.05560824742268041
7 0.6516758241758241 0.38523711340206185 0.3239423076923077 0.2016082474226804
3 0.47331043956043956 0.48265979381443297 0.09726648351648352 0.2315257731958763
9 0.7683791208791209 0.4712577319587629 0.053049450549450546 0.06437113402061856
8 0.5655494505494506 0.4957938144329897 0.1143956043956044 0.0928659793814433
1 0.633379120879121 0.5312783505154639 0.30699175824175823 0.10488659793814432
10 0.4039148351648352 0.5544536082474227 0.11295329670329671 0.27791752577319584
11 0.3400961538461538 0.5562680412371135 0.10501373626373627 0.2903505154639175
14 0.2649313186813187 0.597257731958763 0.04300824175824176 0.07189690721649485
13 0.24027472527472526 0.44387628865979384 0.03881868131868132 0.1244742268041237
5 0.2694368131868132 0.5382268041237114 0.05005494505494505 0.1364536082474227
16 0.3658241758241758 0.3883917525773196 0.1623763736263736 0.09896907216494845