19 0.6068666666666667 0.43127499999999996 0.08015 0.07212500000000001
9 0.3738666666666667 0.31934999999999997 0.15418333333333334 0.10827500000000001
1 0.33165 0.371675 0.39418333333333333 0.1096
7 0.28861666666666663 0.1999 0.3570166666666667 0.22605
4 0.5000833333333333 0.27704999999999996 0.14673333333333335 0.317
2 0.6432666666666667 0.341625 0.13813333333333333 0.402825
12 0.7614666666666666 0.341275 0.10175 0.376325
15 0.8552 0.35395000000000004 0.02795 0.0875
13 0.8643000000000001 0.223 0.04613333333333333 0.122275
6 0.8182333333333334 0.277375 0.06956666666666667 0.23765
17 0.6748999999999999 0.145925 0.23098333333333335 0.085675