12 0.5386348684210527 0.5844166666666666 0.3514967105263158 0.1401851851851852
2 0.5210526315789474 0.7197037037037036 0.30689144736842106 0.13037962962962962
4 0.4667269736842105 0.805962962962963 0.23111842105263158 0.08401851851851852
7 0.4404276315789473 0.8751018518518519 0.18401315789473682 0.052287037037037035
17 0.34523026315789473 0.6749444444444445 0.07037828947368421 0.2507314814814815
15 0.5640460526315789 0.41160185185185183 0.14615131578947368 0.11293518518518518
14 0.5960690789473685 0.2693333333333333 0.06217105263157894 0.04137037037037037
0 0.524046052631579 0.3206388888888889 0.2361184210526316 0.16867592592592592
6 0.5604276315789474 0.4898240740740741 0.24309210526315791 0.11641666666666667
13 0.41575657894736845 0.34502777777777777 0.1785361842105263 0.2544814814814815
19 0.5808717105263158 0.7541481481481481 0.09754934210526316 0.04186111111111111