13 0.36066985645933014 0.30783333333333335 0.28065071770334926 0.4485866666666667
0 0.5230334928229665 0.25961333333333336 0.44748325358851676 0.3421466666666667
6 0.49410526315789477 0.5161333333333333 0.370488038277512 0.1981466666666667
12 0.49541626794258375 0.6511666666666667 0.5070717703349282 0.19191333333333332
2 0.4683349282296651 0.80044 0.4481244019138756 0.16285333333333332
17 0.25409569377990426 0.7573266666666667 0.11533971291866028 0.2642333333333334
19 0.5072631578947369 0.87118 0.10492822966507177 0.08194
14 0.5225933014354067 0.13546 0.13080382775119617 0.09383999999999999
15 0.5763157894736842 0.40042 0.12341626794258373 0.19376
4 0.3496842105263158 0.8957933333333333 0.2634641148325359 0.08116666666666666
7 0.33250717703349286 0.9412933333333333 0.21953110047846888 0.07216666666666667