9 0.839640625 0.326725 0.033953125 0.07445
8 0.651828125 0.31715 0.131546875 0.08387499999999999
7 0.7279375 0.234375 0.283765625 0.168325
1 0.696078125 0.37445 0.28253125 0.10557499999999999
3 0.537484375 0.29335 0.112671875 0.26125
10 0.408515625 0.3726 0.149390625 0.35905000000000004
11 0.2674375 0.36335 0.1373125 0.35485
14 0.11228125 0.37420000000000003 0.023453125 0.0801
13 0.121109375 0.267175 0.07681249999999999 0.148175
5 0.1776875 0.317775 0.089078125 0.270825
16 0.3555625 0.22367499999999998 0.2979375 0.11835000000000001
18 0.443671875 0.414675 0.05675 0.0932