17 0.6528 0.35057777777777777 0.176825 0.12302222222222223
7 0.34903125 0.34034444444444445 0.2824875 0.16605555555555554
9 0.42281875 0.4856666666666667 0.12400625 0.07574444444444445
8 0.2491875 0.475 0.02675 0.057577777777777776
1 0.3895375 0.5295777777777778 0.28423125 0.08103333333333335
4 0.52505625 0.4257888888888889 0.13701875 0.3027222222222222
2 0.61211875 0.48415555555555556 0.11689375 0.40605555555555556
12 0.68608125 0.4852111111111111 0.11660625 0.4208777777777778
6 0.7503687499999999 0.4518111111111111 0.08804375 0.2778777777777778
15 0.77973125 0.5214777777777777 0.03894375 0.0680111111111111
19 0.5937625 0.5654777777777777 0.07423125 0.07593333333333334