10 0.5799351851851853 0.6287916666666666 0.5912777777777778 0.2537291666666667
11 0.5969166666666667 0.787734375 0.6780555555555555 0.17963541666666666
16 0.36453703703703705 0.6868489583333334 0.16048148148148147 0.33511979166666667
18 0.6912037037037037 0.6154895833333334 0.11629629629629629 0.09517708333333334
7 0.37962962962962965 0.220734375 0.28944444444444445 0.378578125
8 0.5721944444444444 0.295 0.11284259259259259 0.21461458333333333
1 0.6394166666666667 0.27734375 0.1485277777777778 0.425828125
3 0.5046481481481482 0.482875 0.4400277777777778 0.190671875
14 0.6068333333333333 0.9472604166666667 0.07714814814814815 0.03648958333333333
13 0.47891666666666666 0.93915625 0.22258333333333333 0.061953125000000005
5 0.5626111111111111 0.8763697916666667 0.5655555555555555 0.11038020833333334