8 0.5478177083333333 0.4392314814814815 0.13711458333333332 0.09412037037037038
9 0.7333489583333334 0.4471481481481482 0.035958333333333335 0.10070370370370371
3 0.4462083333333334 0.4370833333333333 0.11619270833333334 0.28064814814814815
10 0.35340104166666664 0.49486111111111114 0.10766666666666666 0.37819444444444444
11 0.26884375 0.5022222222222222 0.082640625 0.34664814814814815
16 0.32550520833333335 0.3272407407407408 0.16819270833333333 0.10780555555555556
14 0.19789583333333333 0.5298981481481481 0.0414375 0.05015740740740741
13 0.18503125 0.3933055555555555 0.06085416666666667 0.07942592592592593
5 0.21691145833333333 0.42160185185185184 0.06288541666666667 0.2162777777777778
18 0.37344791666666666 0.5586481481481482 0.064421875 0.07677777777777778
7 0.6165572916666666 0.33914814814814814 0.30584895833333337 0.1933425925925926
1 0.5863333333333334 0.5054166666666667 0.3078958333333333 0.12155555555555556
19 0.6391197916666667 0.5758240740740741 0.03500520833333333 0.06485185185185185