14 0.13233695652173913 0.7213368983957219 0.04080163043478261 0.08879679144385028
13 0.11328804347826087 0.5226737967914438 0.04658967391304348 0.12748663101604277
5 0.1733967391304348 0.6786898395721925 0.09365489130434783 0.2338770053475936
10 0.3533288043478261 0.595427807486631 0.14641304347826087 0.6021122994652406
11 0.2431385869565217 0.6213368983957219 0.11804347826086956 0.5428609625668449
16 0.31720108695652177 0.34024064171123 0.26419836956521736 0.18224598930481284
18 0.40224184782608696 0.6927272727272726 0.09983695652173914 0.0974331550802139
19 0.6873369565217391 0.702379679144385 0.042921195652173914 0.06320855614973263
3 0.4991304347826087 0.4762299465240642 0.14938858695652174 0.42954545454545456
7 0.7359646739130434 0.3099465240641711 0.3303940217391304 0.33550802139037433
8 0.6467119565217392 0.4884491978609626 0.18952445652173913 0.15780748663101604
1 0.6857880434782608 0.5736631016042781 0.36800271739130436 0.19657754010695186