9 0.30663369963369963 0.4903662109375 0.03981318681318681 0.02843017578125
8 0.3087142857142857 0.59630126953125 0.04397802197802198 0.05719482421875
7 0.26891941391941393 0.54888427734375 0.08526739926739926 0.16865966796875
3 0.31025641025641026 0.6380859375 0.10749816849816851 0.0496630859375
1 0.33244322344322347 0.56278076171875 0.054802197802197805 0.15861083984375
10 0.3331941391941392 0.67468017578125 0.15154212454212454 0.04348388671875
11 0.33777289377289377 0.700751953125 0.1423846153846154 0.042353515625
16 0.2612197802197802 0.68806640625 0.04239194139194139 0.0710498046875
13 0.30226373626373626 0.7425439453125 0.05854578754578755 0.0164306640625
5 0.320996336996337 0.7259326171875 0.0776959706959707 0.01860595703125
18 0.3577912087912088 0.6673828125 0.03407326007326007 0.0370068359375
19 0.3597912087912088 0.5259765625 0.023417582417582416 0.02152587890625