19 0.6715 0.23156666666666667 0.11142222222222223 0.089375
18 0.6768555555555555 0.6942833333333334 0.06434444444444444 0.048141666666666666
9 0.5656333333333333 0.47031666666666666 0.11302222222222222 0.22355
8 0.5524 0.8215 0.10312222222222223 0.07530833333333334
1 0.6119 0.5761333333333334 0.12555555555555556 0.5085166666666667
7 0.4104777777777778 0.6137666666666667 0.22937777777777776 0.5271166666666667
4 0.5104888888888889 0.33060833333333334 0.34049999999999997 0.127475
2 0.5871555555555557 0.22656666666666667 0.4336444444444444 0.099375
12 0.5836222222222223 0.16635833333333333 0.3922333333333333 0.09563333333333333
15 0.5933111111111111 0.09586666666666667 0.06171111111111111 0.02465
13 0.47259999999999996 0.0917 0.15362222222222222 0.03298333333333333
6 0.5190666666666667 0.11815 0.24656666666666666 0.044125000000000004
17 0.38027777777777777 0.20405833333333334 0.07563333333333333 0.1777