9 0.6108222222222223 0.3248 0.1433111111111111 0.0898375
8 0.4968222222222222 0.6202000000000001 0.12891111111111112 0.1775125
7 0.35464444444444443 0.454875 0.40313333333333334 0.4656
3 0.43304444444444445 0.7026125000000001 0.33217777777777774 0.11220000000000001
10 0.44668888888888886 0.7914625 0.5372444444444444 0.10753750000000001
11 0.4667777777777778 0.869425 0.41628888888888893 0.0509625
14 0.4643555555555556 0.91375 0.07257777777777777 0.039599999999999996
13 0.24288888888888888 0.90885 0.20742222222222223 0.0579
5 0.3950444444444445 0.9105625 0.15059999999999998 0.048812499999999995
16 0.20842222222222223 0.8133499999999999 0.09957777777777778 0.132525
19 0.7037555555555556 0.3981875 0.07362222222222223 0.070975
19 0.5403777777777777 0.804275 0.10237777777777778 0.1019125