9 0.3910304449648712 0.55396875 0.11985948477751757 0.24415625
8 0.378384074941452 0.88634375 0.12386416861826698 0.069078125
7 0.2579625292740047 0.669296875 0.26355971896955505 0.531578125
4 0.36189695550351286 0.384390625 0.3484777517564403 0.14328125
1 0.47194379391100705 0.633859375 0.13372365339578454 0.542109375
2 0.42644028103044496 0.26184375000000004 0.44829039812646365 0.09740625
12 0.42564402810304447 0.1691875 0.42325526932084306 0.083984375
15 0.4491803278688525 0.0679375 0.07807962529274005 0.041640625
13 0.3621545667447306 0.06625 0.10309133489461358 0.034359375
6 0.3551053864168618 0.1 0.2822014051522248 0.05440625
17 0.22416861826697893 0.22515625 0.10229508196721311 0.23107812499999997
19 0.5340749414519906 0.27009375 0.08395784543325527 0.10218750000000001
18 0.5327634660421546 0.686671875 0.08128805620608899 0.06035937500000001