7 0.34992500000000004 0.3366149068322981 0.5412250000000001 0.38790372670807455
1 0.3929166666666667 0.6577950310559006 0.5411 0.14518633540372672
9 0.521075 0.5587888198757764 0.1863 0.1645496894409938
8 0.14100833333333335 0.5794875776397516 0.06505 0.12313664596273291
4 0.6557916666666667 0.490636645962733 0.11092500000000001 0.47012422360248446
2 0.7463583333333333 0.5950776397515528 0.10569166666666667 0.6405124223602484
12 0.8194583333333334 0.6033229813664597 0.07688333333333333 0.5044565217391305
18 0.2815666666666667 0.7498291925465839 0.059441666666666663 0.10531055900621117
19 0.7445416666666667 0.7180745341614907 0.11539166666666667 0.13496894409937887
17 0.7768916666666666 0.29965838509316767 0.15675833333333333 0.19877329192546583
15 0.87 0.6243633540372671 0.04630833333333333 0.11925465838509317
6 0.8472666666666667 0.6024844720496895 0.06581666666666668 0.2081521739130435
13 0.8834833333333334 0.48481366459627334 0.04661666666666667 0.18395962732919255