9 0.40714781401804306 0.7014156250000001 0.10707841776544068 0.137675
7 0.2749618320610687 0.731725 0.25664122137404577 0.24515
1 0.4818736988202637 0.690759375 0.15797362942401108 0.277734375
4 0.3931436502428869 0.57325625 0.36969465648854966 0.17808125
2 0.4684038861901457 0.436571875 0.5240666204024982 0.16151875000000002
19 0.5532685634975711 0.49479687499999997 0.1042470506592644 0.083625
10 0.5008327550312284 0.323696875 0.5003122831367106 0.126640625
17 0.287265787647467 0.3986875 0.17721027064538517 0.255796875
13 0.42749479528105483 0.223015625 0.21877168632893823 0.065828125
6 0.4767453157529494 0.27366875 0.30184594031922274 0.12028437500000001
15 0.5444899375433727 0.21463125000000002 0.06357390700902152 0.03170625