1 0.6693785714285714 0.5803680203045685 0.45090714285714284 0.1281218274111675
8 0.6111071428571428 0.5095431472081218 0.17540714285714284 0.11728426395939087
9 0.8878214285714287 0.5071319796954314 0.05330714285714285 0.09692893401015228
7 0.7378071428571429 0.3820304568527919 0.4319071428571428 0.2329187817258883
10 0.3407142857142857 0.5779822335025381 0.1475142857142857 0.4691878172588833
11 0.23510714285714285 0.5808629441624366 0.14087142857142856 0.4634263959390863
14 0.09046428571428572 0.6090609137055838 0.06587857142857143 0.12785532994923857
18 0.3573571428571429 0.6528807106598985 0.09637857142857144 0.12903553299492387
19 0.7239285714285715 0.6623857868020305 0.06322857142857143 0.08464467005076143
16 0.2998928571428572 0.33309644670050764 0.24584285714285714 0.10703045685279189
3 0.4869142857142857 0.4748857868020304 0.17702142857142858 0.4402157360406091
13 0.08356428571428572 0.4367258883248731 0.08104285714285714 0.20526649746192893
5 0.14435714285714285 0.47577411167512695 0.11522857142857143 0.34045685279187815