9 0.5101776649746192 0.10967857142857143 0.09963197969543147 0.05462142857142857
8 0.5078680203045686 0.38673571428571424 0.13308375634517766 0.19802857142857144
7 0.356015228426396 0.2907857142857143 0.22912436548223353 0.44184285714285715
3 0.48898477157360404 0.50535 0.35546954314720813 0.17545714285714284
10 0.5644035532994924 0.6644071428571429 0.4872842639593909 0.13908571428571428
11 0.5665736040609137 0.7866928571428571 0.45988578680203046 0.10865000000000001
16 0.33741116751269035 0.6953785714285714 0.12211928934010152 0.2653142857142857
14 0.5920939086294417 0.9165214285714286 0.0857994923857868 0.04688571428571429
13 0.4255203045685279 0.9191142857142857 0.1651015228426396 0.08063571428571428
5 0.4896954314720812 0.8595571428571429 0.3251776649746193 0.08295
18 0.6608756345177664 0.6417 0.11550761421319797 0.09366428571428571
19 0.6675126903553299 0.27739285714285716 0.102246192893401 0.0566
1 0.5844416243654823 0.32762142857142856 0.15299492385786803 0.4655071428571429