9 0.9165034013605442 0.3956734693877551 0.08333333333333333 0.08508163265306122
8 0.6003945578231292 0.38679591836734695 0.1819047619047619 0.10812244897959183
7 0.7433469387755102 0.2792040816326531 0.47560544217687073 0.19616326530612246
3 0.45814965986394557 0.36873469387755103 0.1306530612244898 0.3402244897959184
10 0.3522176870748299 0.478 0.1870068027210884 0.47130612244897957
11 0.197156462585034 0.47681632653061223 0.16844897959183674 0.46308163265306124
13 0.04608163265306122 0.3261020408163265 0.060639455782312925 0.1500408163265306
5 0.09061224489795917 0.40097959183673465 0.13416326530612244 0.31281632653061225
18 0.3554829931972789 0.5265510204081633 0.08858503401360544 0.12524489795918367
19 0.7913197278911565 0.5685510204081632 0.05451700680272109 0.05183673469387755
1 0.7002312925170068 0.46826530612244893 0.45933333333333337 0.12528571428571428
16 0.27782312925170066 0.24716326530612245 0.27923809523809523 0.08544897959183673