8 0.4774777777777778 0.492575 0.14322222222222222 0.19729375000000002
9 0.4989222222222222 0.18035625 0.12501111111111113 0.06349375
7 0.3012222222222222 0.36488125 0.22405555555555556 0.46378749999999996
3 0.4717666666666666 0.63865625 0.1595777777777778 0.13009375
3 0.5841222222222222 0.40411250000000004 0.20651111111111112 0.45475625000000003
18 0.6935333333333332 0.7202500000000001 0.08645555555555556 0.08078125
16 0.34968888888888894 0.763475 0.17653333333333332 0.185975
10 0.5657222222222222 0.71356875 0.6358444444444444 0.1330375
11 0.5961222222222222 0.799675 0.6028111111111111 0.10525000000000001
5 0.5409 0.8598250000000001 0.12007777777777777 0.05993125
19 0.6858222222222222 0.298925 0.08213333333333334 0.05688125