14 0.45317757009345794 0.8876940639269406 0.10472897196261682 0.08875570776255708
8 0.35183177570093455 0.10847031963470319 0.08893457943925233 0.0828082191780822
7 0.2509719626168225 0.11424657534246575 0.2129719626168224 0.10087899543378996
3 0.3304672897196262 0.2215867579908676 0.2918878504672897 0.16713470319634702
1 0.4160373831775701 0.17003424657534244 0.11588785046728972 0.17005707762557076
10 0.4064485981308411 0.4235844748858448 0.4118130841121495 0.23773972602739726
11 0.4130093457943925 0.6471461187214612 0.4035514018691589 0.2172716894977169
5 0.3503738317757009 0.7764497716894977 0.31033644859813087 0.2282876712328767
13 0.3099626168224299 0.8800456621004565 0.2455140186915888 0.1223744292237443
16 0.20592523364485982 0.4975 0.0748411214953271 0.43359589041095886
18 0.4683551401869159 0.3346917808219178 0.10837383177570092 0.06884703196347032