18 0.6699193548387097 0.6073225806451612 0.12624193548387097 0.10834408602150539
8 0.5565645161290322 0.28445161290322585 0.1124516129032258 0.21098924731182794
7 0.3905806451612903 0.2011720430107527 0.245 0.3971075268817204
3 0.5178548387096774 0.4438064516129032 0.3189032258064516 0.20148387096774192
10 0.5804677419354839 0.6393333333333334 0.4635 0.2018279569892473
11 0.5869193548387096 0.8023655913978495 0.4505967741935484 0.12852688172043011
14 0.6404354838709677 0.9589139784946236 0.07374193548387097 0.045946236559139784
13 0.48516129032258065 0.9598924731182796 0.20833870967741933 0.04789247311827957
5 0.5869193548387096 0.9030215053763441 0.25703225806451613 0.07178494623655915
16 0.3571451612903226 0.6896559139784946 0.11830645161290322 0.3461290322580645
1 0.6099354838709677 0.2676989247311828 0.14646774193548387 0.4828494623655914