8 0.6247252747252747 0.3981684981684982 0.18189560439560437 0.08668498168498168
7 0.7446428571428572 0.23454212454212456 0.3975961538461538 0.10908424908424909
1 0.6858104395604395 0.4490476190476191 0.4197802197802198 0.08851648351648352
3 0.48556318681318683 0.3505311355311355 0.17414835164835166 0.3210622710622711
16 0.2926923076923077 0.22031135531135532 0.2579258241758242 0.1139010989010989
10 0.34243131868131865 0.3841025641025641 0.16509615384615384 0.4847802197802198
11 0.21899725274725276 0.3901098901098901 0.18548076923076923 0.4668315018315018
18 0.3856456043956044 0.4738278388278388 0.11417582417582418 0.0715018315018315
13 0.06879120879120879 0.2276190476190476 0.05737637362637363 0.1052014652014652
5 0.09217032967032966 0.4038095238095238 0.10164835164835165 0.2944139194139194
9 0.8860164835164835 0.38855311355311356 0.04598901098901099 0.06743589743589744