7 0.33537162162162165 0.03128125 0.18028153153153154 0.058171875
3 0.420731981981982 0.1013359375 0.31158783783783783 0.13515625
10 0.5091666666666667 0.2621640625 0.48282657657657657 0.2386875
11 0.511981981981982 0.4540390625 0.47719594594594594 0.24440625
5 0.5698198198198198 0.5751953125 0.30009009009009013 0.1342734375
0 0.5621396396396396 0.8001171875 0.39734234234234234 0.36928125
13 0.3764527027027027 0.79940625 0.3131193693693694 0.3991015625
15 0.560213963963964 0.7082109375 0.14011261261261262 0.20889843749999998
14 0.5681531531531532 0.9497109375000001 0.14472972972972975 0.063
16 0.2663851351351351 0.30856249999999996 0.09299549549549549 0.3588203125
18 0.589268018018018 0.1832109375 0.1025 0.08078125