8 0.24669791666666668 0.3254074074074074 0.05540625 0.12887037037037039
9 0.491953125 0.3870462962962963 0.120859375 0.13177777777777777
1 0.41088541666666667 0.44337037037037036 0.36325 0.1919537037037037
7 0.3872083333333334 0.30791666666666667 0.3905416666666667 0.32845370370370375
17 0.7059427083333334 0.33261111111111114 0.13739062500000002 0.20500000000000002
2 0.6531302083333334 0.476962962962963 0.08558333333333333 0.5060555555555555
12 0.7156354166666666 0.47911111111111115 0.10566145833333333 0.4661018518518518
19 0.6484062500000001 0.5625370370370371 0.07960416666666667 0.09077777777777778
18 0.3187083333333333 0.4990092592592592 0.038265625 0.05324074074074074
13 0.798296875 0.47491666666666665 0.03911458333333333 0.1809722222222222
4 0.5914479166666666 0.4207407407407407 0.09936458333333334 0.14669444444444446