13 0.44210000000000005 0.3164 0.14594 0.27690000000000003
0 0.53846 0.2921875 0.17142 0.2118
14 0.5427000000000001 0.2025375 0.09828 0.06305
15 0.54806 0.3517 0.08214 0.1469625
12 0.5559400000000001 0.542725 0.29808 0.1101375
2 0.5512999999999999 0.652775 0.29122000000000003 0.103125
17 0.38996 0.6385375 0.06498000000000001 0.22605
4 0.48310000000000003 0.749475 0.2013 0.08960000000000001
7 0.48342 0.8081375 0.18858000000000003 0.0479625
19 0.59068 0.7014625 0.08312 0.04425
6 0.4636 0.45482500000000003 0.25645999999999997 0.1565125