7 0.32386000000000004 0.6268125 0.15206 0.2888875
9 0.43776 0.5173125000000001 0.07492 0.0699
8 0.43724 0.7140375 0.0747 0.1223875
19 0.51452 0.5645375 0.05128 0.050062499999999996
18 0.49218 0.8265375 0.06998 0.077625
3 0.3897 0.7859875 0.20738 0.0748875
10 0.47152 0.8226749999999999 0.25674 0.067125
11 0.47582 0.8728 0.24818 0.044125
16 0.31736000000000003 0.8476625 0.08712 0.0944125
14 0.50724 0.9047750000000001 0.07102 0.0301875
5 0.39192 0.908575 0.22894 0.049800000000000004
1 0.47022 0.6343625 0.06192 0.2575625
13 0.41244 0.1696125 0.16712 0.21377500000000002
0 0.48842 0.150375 0.22297999999999998 0.2003125
12 0.50984 0.301975 0.24766 0.08206250000000001
2 0.48646 0.37932499999999997 0.22688 0.0953625
19 0.49801999999999996 0.414275 0.0583 0.042387499999999995
17 0.34854 0.379725 0.07152 0.09616250000000001
4 0.40192 0.44518749999999996 0.15180000000000002 0.064925
15 0.49866000000000005 0.2575125 0.08816 0.0574375