8 0.4583055555555556 0.43975925925925924 0.12106944444444445 0.21205555555555555
9 0.4639861111111111 0.14494444444444443 0.09959722222222221 0.07831481481481481
7 0.32369444444444445 0.32696296296296296 0.21348611111111113 0.4645740740740741
1 0.5382222222222222 0.3702962962962963 0.1480972222222222 0.45864814814814814
10 0.5209305555555556 0.7073611111111111 0.48573611111111115 0.14116666666666666
11 0.5264861111111111 0.8171666666666666 0.46452777777777776 0.1301574074074074
16 0.2949027777777778 0.751 0.08923611111111111 0.24228703703703705
3 0.4416388888888889 0.5813611111111111 0.3715833333333334 0.14515740740740743
18 0.601486111111111 0.6892685185185184 0.10238888888888889 0.09659259259259259
14 0.5574166666666667 0.9242962962962963 0.06425 0.03701851851851851
13 0.3905 0.9266481481481481 0.13040277777777778 0.049129629629629634
5 0.45225 0.8926481481481481 0.31501388888888887 0.07002777777777777