18 0.6454871794871795 0.5713762626262626 0.13002564102564101 0.07863636363636364
10 0.5773076923076923 0.6058207070707071 0.6539230769230769 0.22013888888888888
11 0.5977948717948718 0.7703030303030304 0.6243589743589744 0.18294191919191918
16 0.32851282051282055 0.6628156565656567 0.23966666666666667 0.3278030303030303
13 0.4798974358974359 0.9328661616161616 0.22187179487179487 0.08507575757575757
14 0.6339230769230769 0.9288383838383838 0.062 0.04544191919191919
8 0.47151282051282045 0.26704545454545453 0.14743589743589744 0.19914141414141415
7 0.30430769230769233 0.21373737373737373 0.2937948717948718 0.3197979797979798
1 0.5698205128205128 0.2543308080808081 0.19020512820512822 0.3788888888888889
3 0.4652820512820513 0.40907828282828285 0.39356410256410257 0.2433080808080808
5 0.5591282051282052 0.8657070707070706 0.34833333333333333 0.1464520202020202