7 0.2645176470588235 0.26565938864628824 0.47588823529411767 0.2514759825327511
8 0.08357647058823531 0.4151615720524018 0.05517647058823529 0.08468995633187773
9 0.38840588235294116 0.43903930131004365 0.17464117647058822 0.10041921397379913
1 0.29754117647058825 0.4789170305676856 0.4223235294117647 0.08411353711790394
4 0.5178588235294118 0.36161572052401747 0.12527058823529413 0.3266724890829695
2 0.6120235294117647 0.4177467248908297 0.11572941176470589 0.444471615720524
12 0.6882294117647059 0.4192052401746725 0.12908823529411764 0.44420960698689954
15 0.7737117647058823 0.4243580786026201 0.03152941176470588 0.076882096069869
6 0.7674294117647059 0.36415720524017464 0.04052941176470588 0.13116157205240175
17 0.6529 0.19114410480349348 0.1840176470588235 0.09372052401746725
19 0.598835294117647 0.4963144104803493 0.08178235294117647 0.08105676855895197