18 0.653125 0.5771833333333334 0.10012499999999999 0.10206666666666667
7 0.407675 0.20968333333333333 0.24252500000000002 0.3189166666666667
8 0.568025 0.29436666666666667 0.1188 0.20678333333333332
3 0.525475 0.46481666666666666 0.350375 0.17451666666666665
10 0.598475 0.6389333333333334 0.50745 0.17371666666666669
11 0.605925 0.8058833333333333 0.472375 0.15945
14 0.6336999999999999 0.9571 0.08345000000000001 0.04906666666666667
13 0.460725 0.9596166666666667 0.181925 0.07431666666666667
5 0.598975 0.9200666666666666 0.208475 0.0693
16 0.368675 0.6967 0.10339999999999999 0.34108333333333335
1 0.638625 0.29819999999999997 0.09887499999999999 0.41445