19 0.7115452538631347 0.7457417974322397 0.12476821192052981 0.12141940085592011
18 0.2878852097130243 0.7493152639087018 0.051549668874172186 0.0667546362339515
7 0.29465342163355407 0.3589514978601997 0.5330728476821193 0.34641226818830245
9 0.44028256070640176 0.5672681883024251 0.24449448123620307 0.15439372325249645
1 0.3493730684326711 0.6500213980028531 0.5306710816777042 0.14871611982881597
4 0.5939337748344371 0.5182810271041369 0.17520529801324503 0.4510841654778887
2 0.7537527593818985 0.6223181169757489 0.14696247240618102 0.5972111269614836
12 0.8553730684326711 0.645527817403709 0.11541721854304636 0.5248787446504993
17 0.7845342163355409 0.34969329529243937 0.23836644591611478 0.1662196861626248
6 0.9357836644591613 0.6213837375178316 0.05093598233995585 0.21463623395149786
15 0.9455496688741722 0.7086947218259629 0.03943046357615894 0.10912981455064194