9 0.27129554655870447 0.48465 0.16960526315789473 0.11470000000000001
7 0.18086032388663967 0.3121 0.3159919028340081 0.3154
1 0.24961538461538463 0.588475 0.3674493927125506 0.18482500000000002
17 0.6426012145748988 0.247875 0.35383603238866396 0.19945000000000002
2 0.5865890688259109 0.5392750000000001 0.21988866396761134 0.790575
12 0.7469028340080972 0.539375 0.16771255060728743 0.7866249999999999
19 0.5202732793522267 0.6313 0.08557692307692308 0.162125
6 0.8603542510121457 0.492975 0.12677125506072875 0.479475
4 0.41075910931174087 0.42619999999999997 0.17862348178137652 0.5352750000000001
13 0.9413765182186236 0.34405 0.0607085020242915 0.262625
15 0.9317206477732793 0.6414749999999999 0.042945344129554655 0.14915