16 0.3909333333333333 0.7025 0.16764444444444443 0.24589999999999998
7 0.39493333333333336 0.2669666666666667 0.20106666666666667 0.3748666666666666
8 0.5176888888888889 0.3802 0.09102222222222223 0.18226666666666666
1 0.5654222222222223 0.3379666666666667 0.09337777777777778 0.37396666666666667
18 0.6168444444444444 0.6344333333333334 0.07337777777777778 0.07166666666666667
10 0.5518222222222222 0.6421666666666667 0.38782222222222223 0.14363333333333334
11 0.5601777777777778 0.7399 0.40875555555555554 0.15136666666666665
5 0.5206666666666667 0.8120999999999999 0.262 0.10003333333333334
13 0.4464444444444445 0.8811333333333332 0.18084444444444445 0.03813333333333333
14 0.5969333333333333 0.8621 0.06373333333333334 0.050833333333333335
3 0.5176 0.5218333333333334 0.26435555555555557 0.1925